2.546477195484254423e+02 1.010966131907308352e+02 1.819080831847890636e+02
2.546085846702317212e+02 1.009621580510992231e+02 1.816413499702911452e+02
2.546258205585264420e+02 1.010024432560903165e+02 1.817254616755793108e+02
2.546328936423054188e+02 1.009052786690433692e+02 1.816036173499702784e+02
2.545889292929292935e+02 1.008096969696969722e+02 1.812347997623291747e+02
2.546042352941176432e+02 1.008815115864527598e+02 1.807352917409388056e+02
2.546074010695187155e+02 1.010735971479500961e+02 1.800806607248960063e+02
2.545327676767676905e+02 1.006120689245395141e+02 1.793604278074866443e+02
2.545252477718360069e+02 1.005086013071895366e+02 1.790659679144385166e+02
2.545619108734402971e+02 1.004480903149138413e+02 1.790084610814022597e+02
2.545375496137849041e+02 1.002835983363042232e+02 1.788658062982768797e+02
2.544384123588829425e+02 9.986033036244801053e+01 1.784752085561497381e+02
2.544894688057040923e+02 1.002969744503862159e+02 1.787532406417112441e+02
2.545384575163398608e+02 1.005481212121212167e+02 1.788551586452763047e+02
2.544312917409388035e+02 1.004196791443850287e+02 1.784661295306001136e+02
2.544175068330362421e+02 1.004601972667854994e+02 1.783453737373737340e+02
2.545210124777183580e+02 1.007302103386809335e+02 1.786124682115270446e+02
2.544760689245395042e+02 1.005603232323232277e+02 1.784880760546642762e+02
2.542527296494355369e+02 9.988966844919785615e+01 1.778698942364824802e+02
2.542630968508615581e+02 9.991796553773023959e+01 1.779192299465240694e+02
2.542524064171122973e+02 9.994257872846108626e+01 1.780483232323232414e+02
2.541747070707070577e+02 9.978147593582887964e+01 1.779726535947712307e+02
2.542588235294117567e+02 1.005681521093285795e+02 1.783754866310160310e+02
2.544031942959001924e+02 1.014838597742127178e+02 1.789594866310160342e+02
2.544156530005941761e+02 1.016842115270350604e+02 1.788809839572192573e+02
2.543571622103386858e+02 1.016318526440879424e+02 1.786677884729649577e+02
2.543841283422459867e+02 1.017754581105169365e+02 1.788048532382649967e+02
2.544483612596553712e+02 1.016750374331550830e+02 1.790655686274509719e+02
2.545756910279263252e+02 1.016167985739750463e+02 1.792518360071301231e+02
2.545753630421865807e+02 1.015112537136066493e+02 1.791476934046345946e+02
2.546044729649435396e+02 1.015993535353535293e+02 1.793697064765300127e+02
2.546597884729649479e+02 1.017667736185383234e+02 1.795690314913844361e+02
2.546421865715983301e+02 1.013732335115864487e+02 1.793776256684491841e+02
2.546242471776589298e+02 1.010517076648841339e+02 1.791962780748663135e+02
2.546500724896019108e+02 1.010211194295900157e+02 1.793182032085561559e+02
2.546784456327985708e+02 1.009772786690433719e+02 1.793928175876411046e+02
2.546202685680332820e+02 1.006805561497326238e+02 1.791169435531788565e+02
2.545710754604872363e+02 1.003887153891859754e+02 1.788378609625668503e+02
2.545382863933452029e+02 1.001777587641117009e+02 1.785910445632798655e+02
2.545048508615567471e+02 9.989439334521686931e+01 1.782430041592394616e+02
2.544402519310754656e+02 9.968726797385620841e+01 1.779386904337492581e+02
2.544357789661319202e+02 9.980168746286393855e+01 1.779897754010695223e+02
2.544285442661913237e+02 9.983971004159239726e+01 1.779739988116458846e+02
2.544637860962566833e+02 1.002194224598930532e+02 1.782439263220439614e+02
2.544887605466429079e+02 1.004765822935234638e+02 1.784112085561497452e+02
2.543960736779560250e+02 1.004110564468211493e+02 1.783125656565656527e+02
2.543847510398098564e+02 1.004848009506833080e+02 1.784146405228758283e+02
2.544919168152109421e+02 1.008176446821152723e+02 1.788349043374925600e+02
2.545130505050505008e+02 1.009465193107546099e+02 1.789332335115864510e+02
2.544466547831253820e+02 1.008834747474747502e+02 1.787532073677955964e+02
2.543904266191325121e+02 1.008017397504456341e+02 1.785820606060605940e+02
2.543957837195484331e+02 1.008296708259061205e+02 1.785949328579916937e+02
2.543888057040998092e+02 1.008214426619132524e+02 1.785962685680332811e+02
2.543738086749851561e+02 1.006401521093285822e+02 1.783871800356506299e+02
2.543882590612002446e+02 1.005243969102792647e+02 1.782776613190730757e+02
2.543048413547237203e+02 1.001407676767676804e+02 1.779076601307189662e+02
2.542797956030897240e+02 1.000228686868686907e+02 1.777662412358882875e+02
2.543073986928104659e+02 1.003296399286987537e+02 1.779312560903149176e+02
2.543243636363636426e+02 1.005298395721925147e+02 1.780792727272727234e+02
2.543068805704099873e+02 1.005530172311348736e+02 1.780847961972667974e+02
2.543041616161616219e+02 1.005584313725490233e+02 1.780468163992869961e+02
2.542307213309566123e+02 1.003347546048722450e+02 1.778206393345217009e+02
2.541267403446227036e+02 1.001475032679738604e+02 1.776244087938205496e+02
2.541898276886512065e+02 1.003699489007724281e+02 1.778269471182412360e+02
2.542374331550802253e+02 1.004711206179441518e+02 1.779287985739750582e+02
2.542162043969102854e+02 1.003640166369578139e+02 1.778163232323232421e+02
2.542091265597148038e+02 1.003148045157456920e+02 1.777758954248365910e+02
2.542876149732620377e+02 1.005302055852644116e+02 1.780195032679738461e+02
2.543218585858585925e+02 1.001421984551396349e+02 1.781753535353535369e+02
2.542923588829471271e+02 9.956713012477717939e+01 1.780305407011289276e+02
2.543707046939988174e+02 9.939543672014259812e+01 1.781910730837789743e+02
2.544194414735591181e+02 9.955315983363041710e+01 1.785321544860368306e+02
2.543996244800950706e+02 9.945246345811051469e+01 1.784876244800950644e+02
2.544106048722519233e+02 9.944270944741532503e+01 1.784022721330956642e+02
2.544167890671420196e+02 9.946526440879381425e+01 1.782755603089720751e+02
2.543889435531788479e+02 9.936363636363635976e+01 1.781511443850267256e+02
2.544227593582887721e+02 9.942111467617350229e+01 1.781572572786690500e+02
2.545259893048128390e+02 9.984860843731432567e+01 1.784233820558526418e+02
2.545279714795008772e+02 9.996711111111110881e+01 1.784164420677361989e+02
2.544379180035650734e+02 9.976989185977421926e+01 1.782632679738562160e+02
2.543982222222222163e+02 9.964907427213309177e+01 1.780871681521093421e+02
2.545055638740344648e+02 1.000258253119429526e+02 1.783920095068330340e+02
2.545407819370172433e+02 1.000008413547237041e+02 1.785609269162210353e+02
2.544705502079619635e+02 9.952945454545454140e+01 1.783558930481283369e+02
2.544406417112299437e+02 9.932061794414735800e+01 1.782335828877005213e+02
2.545651099227569887e+02 9.951178134284016608e+01 1.786790398098633261e+02
2.545518811645870585e+02 9.923190017825311315e+01 1.784662578728461142e+02
2.544299132501485303e+02 9.867010338680927362e+01 1.776437361853832329e+02
2.545219869281045817e+02 9.885195008912656078e+01 1.777773357100415978e+02
2.545812002376708278e+02 9.892628877005347476e+01 1.777790469399881204e+02
2.544431847890671463e+02 9.848718241235887660e+01 1.771819797979798068e+02
2.543788472964943423e+02 9.830170409982174817e+01 1.769490909090908985e+02
2.545208175876411190e+02 9.895908259061199885e+01 1.776803850267379801e+02
2.544542650029708852e+02 9.883561259655377285e+01 1.774303458110516942e+02
2.543259702911467741e+02 9.858505525846702255e+01 1.769622388591800473e+02
2.544161663695781215e+02 9.886240760546643003e+01 1.773648627450980371e+02
2.544701746880570283e+02 9.899651574569222134e+01 1.774539988116458744e+02
2.543148235294117683e+02 9.857529174093879476e+01 1.771425644682115319e+02
2.542980202020202114e+02 9.865205466428996317e+01 1.771735805109922808e+02
2.544683208556149623e+02 9.906095781342840212e+01 1.774918122400475227e+02
2.544675270350564347e+02 9.900592751039809514e+01 1.774243850267379798e+02
2.543674200831847827e+02 9.889629946524064508e+01 1.773226999405822824e+02
2.543888579916815331e+02 9.907351633986928618e+01 1.774862650029708959e+02
2.545107498514557278e+02 9.892661675579323344e+01 1.778963897801544931e+02
2.544535519904931675e+02 9.869804872251931727e+01 1.776723945335710084e+02
2.543923469994058166e+02 9.871575519904931184e+01 1.777473891859774255e+02
2.544488223410576211e+02 9.883919667260843767e+01 1.779297730243612534e+02
2.544930291146761761e+02 9.917402733214497346e+01 1.781009055258467129e+02
2.544746048722519447e+02 9.934068686868687337e+01 1.781055020796197255e+02
2.544371622103386699e+02 9.956059893048127662e+01 1.780834842543077912e+02
2.544771384432560808e+02 9.961758764111705489e+01 1.780860843731431942e+02
2.545131455733808536e+02 9.963741414141414054e+01 1.781184789067141878e+02
2.544880617944147332e+02 9.939983363042186681e+01 1.779695401069518823e+02
2.543987308377896568e+02 9.876174450386214687e+01 1.773843422459893020e+02
2.543578609625668321e+02 9.824920736779560571e+01 1.770010457516339955e+02
2.543610124777183614e+02 9.816019489007724985e+01 1.769594913844325674e+02
2.542416922162804553e+02 9.787171004159239374e+01 1.766619750445632917e+02
2.542530053475935858e+02 9.780741057635175650e+01 1.766378894830659476e+02
2.543811954842543059e+02 9.819536066547831865e+01 1.771704289958407514e+02
2.544054331550802033e+02 9.835144860368389175e+01 1.773809530600118762e+02
2.543125086155674524e+02 9.814795959595959118e+01 1.772997979797979724e+02
2.542904385026737941e+02 9.807720499108734202e+01 1.771371788472964965e+02
2.543805632798573981e+02 9.845526322043969003e+01 1.774586143790849633e+02
2.543538918597742224e+02 9.844405466428996476e+01 1.773162210338680893e+02
2.542620510992275626e+02 9.809474509803921194e+01 1.769520713012477700e+02
2.542995745692216190e+02 9.809468330362447830e+01 1.767896327985739617e+02
2.544055852644087850e+02 9.838636720142602599e+01 1.772179869281045796e+02
2.543736423054070031e+02 9.826431372549019727e+01 1.771073986928104489e+02
2.543841711229946441e+02 9.819751396316102898e+01 1.771031158645276378e+02
2.545246393345216802e+02 9.863912061794414399e+01 1.777161592394533614e+02
2.545462293523470123e+02 9.875565537730243193e+01 1.778122020202020224e+02
2.544538514557337976e+02 9.844535234699939963e+01 1.775565252525252617e+02
2.545055210932858074e+02 9.860446821152703478e+01 1.777077694592988735e+02
2.546131717171717241e+02 9.884724420677362389e+01 1.781063624480095200e+02
2.545914866310160392e+02 9.863454783125371250e+01 1.778798906714200712e+02
2.544479001782531213e+02 9.802690909090908633e+01 1.773161069518716602e+02
2.545268972073677958e+02 9.821509209744503721e+01 1.774210671420083258e+02
2.545846892453951398e+02 9.873195484254307530e+01 1.778054426619132471e+02
2.544570362448009462e+02 9.847577421271539322e+01 1.774552632204396900e+02
2.543285133689839483e+02 9.812567557932263185e+01 1.769714699940582250e+02
2.544004468211527126e+02 9.809769221628044988e+01 1.771220819964349289e+02
2.544113986928104509e+02 9.783961021984551110e+01 1.768592560903149149e+02
2.542681544860368490e+02 9.754321568627450745e+01 1.763974521687462982e+02
2.543310279263220366e+02 9.781118478906714131e+01 1.766594795008912797e+02
2.544454236482471856e+02 9.808949732620321527e+01 1.769818467023172843e+02
2.544162852049910839e+02 9.785930837789661041e+01 1.766966512180629820e+02
2.543181414141414223e+02 9.756662150920973886e+01 1.762482994652406489e+02
2.542727415329768235e+02 9.721287700534759324e+01 1.759839857397504375e+02
2.542604872251931170e+02 9.697708853238265192e+01 1.758850576351752864e+02
2.542437314319667223e+02 9.679279857397504827e+01 1.758104575163398806e+02
2.541711372549019643e+02 9.683912061794414683e+01 1.758570267379679137e+02
2.541890005941770596e+02 9.672705882352941842e+01 1.758319999999999936e+02
2.541554985145573369e+02 9.688916934046345375e+01 1.757337944147355984e+02
2.539983553178847160e+02 9.683529887106357137e+01 1.755650148544266074e+02
2.538183006535947754e+02 9.668510992275697902e+01 1.752546642899584128e+02
2.538696185383244313e+02 9.677396078431372928e+01 1.753251574569221702e+02
2.537815900178253230e+02 9.658602495543672717e+01 1.751498657159833670e+02
2.537562352941176584e+02 9.702831134878194064e+01 1.754726131907308400e+02
2.535453452168746367e+02 9.685800594177064227e+01 1.753006060606060714e+02
2.532682875816993544e+02 9.635875935828876493e+01 1.746264242424242354e+02
2.537497468805703988e+02 9.762713250148544830e+01 1.760409364230540632e+02
2.541972144979203847e+02 9.895001307189542672e+01 1.773392893642305523e+02
2.542127866904337452e+02 9.907903980986334602e+01 1.772849673202614440e+02
2.540498680926916109e+02 9.880183957219252022e+01 1.768421485442661947e+02
2.540038835412952949e+02 9.875027926322043470e+01 1.767473511586452730e+02
2.540042257872846108e+02 9.852191562685680992e+01 1.765637647058823632e+02
2.537804111705288221e+02 9.770775519904931627e+01 1.757855971479500852e+02
2.537777302436126092e+02 9.764689245395128125e+01 1.756507237076648948e+02
2.538893879976232881e+02 9.786929530600119165e+01 1.758240237670825934e+02
2.538587046939988170e+02 9.765455020796197516e+01 1.755900368389780226e+02
2.539738181818181886e+02 9.785807248960189497e+01 1.758368342245989311e+02
2.541381723113487681e+02 9.865539631610219828e+01 1.766915270350564526e+02
2.541032584670231813e+02 9.843486631016043020e+01 1.764759500891265702e+02
2.540270564468211489e+02 9.808221509209744227e+01 1.760986191325014829e+02
2.541379726678550242e+02 9.841427926322043618e+01 1.764914985145573496e+02
2.541678526440879295e+02 9.853849554367201335e+01 1.766062269756387479e+02
2.540437219251336955e+02 9.823161497326202607e+01 1.761789661319073161e+02
2.540487557932263769e+02 9.768713487819370300e+01 1.760358835412953056e+02
2.542055234699940627e+02 9.779952941176470915e+01 1.764759073083778844e+02
2.541822032085561602e+02 9.755519904931669828e+01 1.762217088532382547e+02
2.541152988710635725e+02 9.721565775401069232e+01 1.760095163398692932e+02
2.542259346405228655e+02 9.791466191325014279e+01 1.765865145573380914e+02
2.542658871063576953e+02 9.810161853832441636e+01 1.770408175876411292e+02
2.543065620915032810e+02 9.798748425430778752e+01 1.771343933452168642e+02
2.542947070707070623e+02 9.817838146167558477e+01 1.773345216874628534e+02
2.542544979203802598e+02 9.861113250148544296e+01 1.777555175282234075e+02
2.542515222816399216e+02 9.868174450386214858e+01 1.777965347593582806e+02
2.543425311942959013e+02 9.727712893642305403e+01 1.772042257872845994e+02
2.543468472964943601e+02 9.674894830659536638e+01 1.770428140225787388e+02
2.543459489007724414e+02 9.633579084967320227e+01 1.768949875222816388e+02
2.543804254307783594e+02 9.609733571004159103e+01 1.768015448603683808e+02
2.543723874034462256e+02 9.582139988116458085e+01 1.766069209744503894e+02
2.543369792038027413e+02 9.534072489601901168e+01 1.762652263814616731e+02
2.543249815805109790e+02 9.495434343434342850e+01 1.761212786690433632e+02
2.543464194890077295e+02 9.483119191919192303e+01 1.763109399881164450e+02
2.543850932857991722e+02 9.481046226975638547e+01 1.764252073677955934e+02
2.543904266191325121e+02 9.467724777183600793e+01 1.764911420083184908e+02
2.543815995246583554e+02 9.502197504456327692e+01 1.765784432560903099e+02
2.544191752822341073e+02 9.535088294711823664e+01 1.767393559120617965e+02
2.544457468805703968e+02 9.541980748663101508e+01 1.766800617944147405e+02
2.544730837789661280e+02 9.536106951871657600e+01 1.765852644087938188e+02
2.544812691622103387e+02 9.541708853238264965e+01 1.766537183600713092e+02
2.544720950683303613e+02 9.543831253713607055e+01 1.768072394533571128e+02
2.544576351752822347e+02 9.536546167557932563e+01 1.767270303030302898e+02
2.544487510398098493e+02 9.534670469399881654e+01 1.767461580510992292e+02
2.544676553773024352e+02 9.557422222222221819e+01 1.770930623885917896e+02
2.545081544860368297e+02 9.588578966131906611e+01 1.775776732026143918e+02
2.545028639334521756e+02 9.602658110516934187e+01 1.776552251931075546e+02
2.544791966726084240e+02 9.745898514557337933e+01 1.777948805704099868e+02
2.543995341651812225e+02 9.799706238859180019e+01 1.777246345811051640e+02
2.543451313131313043e+02 9.811693404634580418e+01 1.775515341651812378e+02
2.543560641711229948e+02 9.855368270944741482e+01 1.778507094474153405e+02
2.543698443256090229e+02 9.918419489007723655e+01 1.782869685086155584e+02
2.543830730837789531e+02 9.952484848484849067e+01 1.787093523469993954e+02
2.545023743315508113e+02 1.002377326203208554e+02 1.797238882947118270e+02
2.545657801544860490e+02 1.006563374925727885e+02 1.802483184789067252e+02
2.545797932263814687e+02 1.007497373737373749e+02 1.803438954248366031e+02
2.545787950089126639e+02 1.008669185977421279e+02 1.804687439096850881e+02
2.546509756387403343e+02 1.014328033273915679e+02 1.808876149732620320e+02
2.547066286393345251e+02 1.017305145573380827e+02 1.811688603683897725e+02
2.547040998217468939e+02 1.018485846702317303e+02 1.812296470588235309e+02
2.546985383244206673e+02 1.018814022578728498e+02 1.811761711229946457e+02
2.547226761734997069e+02 1.021068615567439082e+02 1.814037314319667189e+02
2.547220297088532277e+02 1.027741556743909683e+02 1.817342412358883053e+02
2.547044563279857528e+02 1.031648199643493768e+02 1.818949637551990577e+02
2.546245276292335120e+02 1.035146428995840751e+02 1.820477956030897246e+02
2.545827403446226924e+02 1.037518146167557944e+02 1.821495805109922799e+02
2.546193559120617920e+02 1.038851479500891202e+02 1.821403588829471119e+02
2.546084753416518254e+02 1.031553416518122361e+02 1.814793250148544246e+02
2.545792941176470663e+02 1.024787260843731502e+02 1.809966108140225742e+02
2.545686892453951202e+02 1.021838669043374921e+02 1.806755222816399282e+02
2.546158146167557845e+02 1.021632941176470553e+02 1.808005751633986904e+02
2.546703600713012463e+02 1.015688175876411208e+02 1.806319049316696237e+02
2.546779845513963210e+02 1.009965822935234740e+02 1.804672941176470715e+02
2.547221295306001139e+02 1.008438074866310217e+02 1.804429756387403359e+02
2.547997860962566961e+02 1.006510374331550821e+02 1.805994248366013153e+02
2.547910635769459304e+02 1.004886844919786029e+02 1.804235721925133760e+02
2.547642115270350587e+02 1.005569340463458161e+02 1.804534236482471670e+02
2.548019869281045828e+02 1.017757623291740998e+02 1.813508116458704649e+02
2.548365014854426533e+02 1.024063315508021361e+02 1.820129530600118812e+02
2.548346571598336254e+02 1.028245609031491341e+02 1.822362970885323818e+02
2.548446440879382067e+02 1.030623125371360658e+02 1.825317551990493143e+02
2.548187142008318347e+02 1.031916244800950722e+02 1.824257825311943009e+02
2.547801782531194306e+02 1.029455876411170578e+02 1.818433654188948196e+02
2.547682947118241259e+02 1.029334141414141470e+02 1.816938276886512256e+02
2.546566036838977993e+02 1.025898276886512122e+02 1.812384218657159920e+02
2.545017849079025609e+02 1.021653285799168174e+02 1.806717670825906055e+02
2.546111610219845431e+02 1.031846322043969053e+02 1.814705264408793823e+02
2.546057468805704218e+02 1.035757623291740970e+02 1.817004301841948859e+02
2.544084943553178846e+02 1.032939322638146109e+02 1.812134331550802244e+02
2.542551253713606627e+02 1.032409411764705851e+02 1.808777944147356038e+02
2.542594699940582359e+02 1.033973903743315503e+02 1.808656494355317932e+02
2.542554295900178261e+02 1.033280570409982175e+02 1.807253190730837673e+02
2.538964135472370742e+02 1.034687486631016071e+02 1.800530053475935688e+02
2.534927914438502796e+02 1.032790588235294109e+02 1.793787617349970276e+02
2.532907474747474623e+02 1.030715341651812196e+02 1.788152774806892467e+02
2.532943743315508129e+02 1.031051836007130191e+02 1.786877195484254344e+02
2.531955555555555577e+02 1.037246773618538356e+02 1.791727201426024862e+02
2.527257468805703979e+02 1.037123422459893050e+02 1.789761853832442000e+02
2.524591277480689371e+02 1.034973784907902541e+02 1.785201378490790205e+02
2.524234723707664898e+02 1.035984789067142060e+02 1.784492501485442801e+02
2.524223267973856082e+02 1.037639120617944144e+02 1.785670350564468265e+02
2.520900202020202130e+02 1.035765181224004721e+02 1.782618276886512092e+02
2.519343172905525705e+02 1.036464028520499170e+02 1.781028686868686748e+02
2.520125395127747936e+02 1.039927985739750511e+02 1.784449292929292881e+02
2.519416137849079007e+02 1.039738704693998841e+02 1.782530338680927002e+02
2.518514890077242967e+02 1.039103172905525838e+02 1.780688009506833112e+02
2.520017492572786750e+02 1.042614759358288836e+02 1.784883992869875158e+02
2.523062436125965462e+02 1.048948972073677908e+02 1.795086726084373083e+02
2.522065121806298293e+02 1.047142293523470045e+02 1.793222245989304895e+02
2.521442852049910925e+02 1.045231752822341065e+02 1.791305430778371885e+02
2.525206131907308418e+02 1.051739988116458733e+02 1.800544741532976900e+02
2.524751182412358901e+02 1.050107427213309563e+02 1.798666048722519406e+02
2.521839001782531113e+02 1.044331598336304268e+02 1.789623767082590575e+02
2.523863434343434449e+02 1.047946999405822908e+02 1.791918336304218542e+02
2.527373452168746155e+02 1.054690053475935798e+02 1.799780582293523423e+02
2.527373737373737299e+02 1.055218253119429619e+02 1.800296803327391615e+02
2.526646369578134284e+02 1.054635864527629252e+02 1.800281117052881825e+02
2.529745311942959063e+02 1.048542887700534720e+02 1.804458324420677400e+02
2.530990279263220373e+02 1.043453166963755194e+02 1.804519976232917315e+02
2.528446726084373211e+02 1.034403945335710091e+02 1.797101081402257989e+02
2.523591301247771810e+02 1.025891051693404705e+02 1.787358003565062461e+02
2.523008152109328535e+02 1.024255828877005285e+02 1.785237551990493046e+02
2.524979393939393901e+02 1.029646345811051731e+02 1.788823196672608447e+02
2.523290600118835414e+02 1.029687367795603024e+02 1.785269875222816438e+02
2.517739417706476388e+02 1.022935947712418283e+02 1.774517171717171777e+02
2.518483042186571481e+02 1.025221960784313779e+02 1.776192370766488295e+02
2.521498942364824813e+02 1.037753725490196075e+02 1.785948045157456932e+02
2.521285941770647696e+02 1.040512893642305414e+02 1.785685466428995767e+02
2.518187950089126446e+02 1.039025074272133082e+02 1.780918645276292409e+02
2.518713297682709538e+02 1.042143315508021431e+02 1.782500867498514481e+02
2.522298704693998843e+02 1.048340772430184131e+02 1.790668710635769401e+02
2.524294141414141279e+02 1.049811241830065427e+02 1.792740011883541342e+02
2.523948663101604382e+02 1.048813119429590017e+02 1.792678930481283430e+02
2.521983267973856186e+02 1.045862103386809281e+02 1.789722400475341715e+02
2.522458467023172943e+02 1.045281616161616114e+02 1.789054212715389269e+02
2.527064812834224483e+02 1.049358241235888300e+02 1.795889720736779509e+02
2.527739750445632865e+02 1.047821841948900783e+02 1.795541580510992219e+02
2.524020819964349300e+02 1.038846393345216939e+02 1.785883588829471194e+02
2.524206821152703526e+02 1.036523731431966695e+02 1.784722519310754478e+02
2.527527177658942321e+02 1.038176969696969678e+02 1.790120356506238863e+02
2.524577349970291209e+02 1.033408532382649980e+02 1.783793654188948210e+02
2.521019655377302513e+02 1.027460059417706475e+02 1.775971717171717046e+02
2.523543339275103961e+02 1.027824551396316082e+02 1.779362566844919797e+02
2.525005918003565171e+02 1.029062531194295929e+02 1.783648532382649989e+02
2.523516625074272213e+02 1.025729435531788454e+02 1.780664907902555001e+02
2.521672346999405931e+02 1.020884753416518151e+02 1.775929126559714746e+02
2.523653856209150206e+02 1.023218918597742118e+02 1.779709613784907845e+02
2.524501152703505511e+02 1.027936636957813477e+02 1.781225288175876358e+02
2.521527795603089714e+02 1.027117670825906117e+02 1.775887771836007119e+02
2.518846726084373131e+02 1.024260677361853880e+02 1.770465026737967946e+02
2.519976755793226459e+02 1.025623434343434326e+02 1.771230231729055333e+02
2.520071776589423678e+02 1.027247676767676836e+02 1.772285680332739162e+02
2.518102008318478795e+02 1.027033915626856810e+02 1.770369055258466915e+02
2.518776708259061081e+02 1.029932834224598963e+02 1.773726298276886553e+02
2.523159976232917359e+02 1.038443969102792579e+02 1.786218799762329184e+02
2.523262745098039090e+02 1.039989970291146761e+02 1.787158265002970836e+02
2.520034604872251975e+02 1.034838978015448561e+02 1.779675626856803206e+02
2.521694450386215181e+02 1.038007605466429055e+02 1.781186120023767216e+02
2.523327581699346354e+02 1.041677100415924002e+02 1.784696945929887022e+02
2.522327890671420221e+02 1.039338989898989922e+02 1.780802661913250233e+02
2.519791990493166907e+02 1.034476434937611344e+02 1.774930291146761761e+02
2.519966963755199174e+02 1.034690148544266179e+02 1.775332477718360167e+02
2.517595436720142743e+02 1.030873297682709477e+02 1.770458562091503154e+02
2.515039382055852570e+02 1.025633368983957183e+02 1.763179988116458787e+02
2.515750540701128841e+02 1.027157837195484262e+02 1.763959976232917484e+02
2.515707474747474635e+02 1.027375828877005404e+02 1.764217991681521198e+02
2.512682685680332781e+02 1.026081378490790286e+02 1.760269233511586435e+02
2.511020843731431853e+02 1.025365086155674419e+02 1.758748092691621991e+02
2.510060320855614862e+02 1.026082424242424196e+02 1.758190184194889980e+02
2.508844064171123023e+02 1.025178086749851474e+02 1.756555389185977560e+02
2.509159500891265679e+02 1.026424385026737980e+02 1.757449459298871091e+02
2.509417611408199775e+02 1.027956601307189572e+02 1.759027403446226856e+02
2.510406464646464713e+02 1.031474509803921507e+02 1.763945145573380842e+02
2.511532739156268690e+02 1.033059489007724352e+02 1.767472085561497295e+02
2.511513250148544216e+02 1.033625002970885305e+02 1.768082281639928794e+02
2.510686440879381962e+02 1.033679524658348186e+02 1.768985288175876462e+02
2.509443374925727994e+02 1.031218395721925134e+02 1.766526631016042757e+02
2.508379227569815839e+02 1.027815377302436133e+02 1.760998550207961841e+02
2.506494545454545460e+02 1.024212002376708313e+02 1.755343600713012506e+02
2.503581366607249095e+02 1.021160974450386192e+02 1.749951325014854433e+02
2.503671681521093149e+02 1.020444634581105134e+02 1.748658348187759941e+02
2.504377373737373773e+02 1.020676553773024295e+02 1.747845561497326230e+02
2.502320285204991137e+02 1.018058419489007775e+02 1.744795721925133591e+02
2.498720427807486715e+02 1.013258086749851401e+02 1.738870255496137815e+02
2.495337183600713047e+02 1.007822935234699884e+02 1.732676934046345707e+02
2.493986595365418850e+02 1.005834676173499673e+02 1.729385573380867527e+02
2.491691598336304310e+02 1.006307973856209088e+02 1.728457944147355931e+02
2.489638360071301122e+02 1.005201568627450968e+02 1.727082352941176566e+02
2.490628972073677971e+02 1.006869542483660069e+02 1.729198669043374821e+02
2.495934878193701820e+02 1.015574379084967376e+02 1.741715175282234043e+02
2.505375638740344755e+02 1.027977944147355913e+02 1.758681212121212241e+02
2.510687629233511586e+02 1.033714177064765352e+02 1.766758169934640534e+02
2.509191586452762976e+02 1.030255923945335752e+02 1.763000451574569354e+02
2.508927011289364088e+02 1.029442852049910897e+02 1.761911966726084415e+02
2.513026880570409958e+02 1.032810600118835396e+02 1.766637765894236622e+02
2.513496185383244210e+02 1.032560237670825956e+02 1.766265525846702360e+02
2.509888770053476037e+02 1.021803398692810418e+02 1.757155080213903773e+02
2.510386785502079761e+02 1.019066048722519326e+02 1.756409126559714764e+02
2.514694569221628058e+02 1.021042281639928717e+02 1.762492976827094537e+02
2.514307641117052867e+02 1.020053523469994019e+02 1.762071919191919278e+02
2.512693761140820072e+02 1.017772691622103451e+02 1.759270968508615454e+02
2.513924183006535884e+02 1.019211645870469454e+02 1.760554010695187230e+02
2.515988068924539505e+02 1.023491336898395758e+02 1.765318930481283530e+02
2.514084943553178846e+02 1.022495876411170599e+02 1.763311515151515039e+02
2.511763279857397606e+02 1.020222697563874021e+02 1.759720499108734373e+02
2.513645918003564930e+02 1.023289839572192506e+02 1.763147855020796158e+02
2.515021984551396201e+02 1.026684872251931040e+02 1.767181366607248947e+02
2.513238360071301258e+02 1.026763018419488986e+02 1.763697112299465175e+02
2.513125799168152241e+02 1.028446868686868640e+02 1.763016137849079144e+02
2.513478312537135935e+02 1.029181366607248975e+02 1.762722852049910784e+02
2.513050932857991597e+02 1.028591325014854476e+02 1.761093333333333248e+02
2.513551182412358855e+02 1.029237076648841338e+02 1.761413285799168023e+02
2.517542626262626300e+02 1.029150707070707114e+02 1.767833202614379218e+02
2.520089269162210428e+02 1.029110730837789731e+02 1.772003992869875333e+02
2.520673131313131421e+02 1.028827997623291708e+02 1.774322139037433033e+02
2.522363778966131918e+02 1.030808698752228167e+02 1.778901437908496632e+02
2.523925799168152082e+02 1.031573475935828839e+02 1.780399857397504491e+02
2.524315151515151570e+02 1.028741770647653055e+02 1.776985953654188961e+02
2.523839049316696332e+02 1.027951467617349977e+02 1.775513820558526561e+02
2.524223030303030271e+02 1.028785026737967883e+02 1.776075008912656017e+02
2.524245466428995712e+02 1.027830255496137823e+02 1.775563256090314894e+02
2.524317908496732059e+02 1.028385929887106300e+02 1.774345050505050381e+02
2.523956981580510899e+02 1.029230564468211497e+02 1.773943101604278070e+02
2.525304289958407651e+02 1.031074081996434870e+02 1.775527035056446721e+02
2.526090552584670093e+02 1.031185026737967974e+02 1.774730362448009373e+02
2.523574046345811155e+02 1.027187688651218025e+02 1.768590041592394471e+02
2.521609221628045248e+02 1.019508116458704734e+02 1.764756458704694069e+02
2.522390493166963665e+02 1.016724658348187802e+02 1.765846559714794921e+02
2.521567344028520381e+02 1.012898110516934054e+02 1.764963660130719063e+02
2.520787783719548543e+02 1.010544789067141949e+02 1.764711871657754045e+02
2.521904979203802668e+02 1.011376494355317845e+02 1.766005133689839681e+02
2.523147237076648821e+02 1.012185620915032729e+02 1.767121901366607233e+02
2.521439857397504340e+02 1.014493499702911521e+02 1.766190041592394664e+02
2.518682780748663106e+02 1.013917290552584660e+02 1.762448627450980325e+02
2.517876125965537710e+02 1.013236791443850251e+02 1.760240000000000009e+02
2.515446749851455763e+02 1.010498062982768914e+02 1.755858585858585741e+02
2.512300510992275804e+02 1.007223291740938862e+02 1.751372168746286491e+02
2.510438027332145055e+02 1.003697397504456319e+02 1.747010243612596412e+02
2.509123707664884080e+02 1.000513036244800986e+02 1.744044254307783604e+02
2.504366203208556101e+02 9.939483778966132377e+01 1.736230778371954955e+02
2.500166274509803941e+02 9.875213784907901982e+01 1.727383481877599536e+02
2.499272822341057747e+02 9.845941770647652902e+01 1.723547712418300648e+02
2.499237361853832340e+02 9.976315151515152024e+01 1.731788568033273918e+02
2.498605490196078449e+02 1.004342341057635224e+02 1.736164563279857305e+02
2.497504361259655354e+02 1.005397742127153862e+02 1.734078336304218624e+02
2.498112133095662557e+02 1.006493214497920405e+02 1.734215995246583475e+02
2.501750303030302973e+02 1.012653832442067738e+02 1.741737516339869387e+02
2.503870802139037437e+02 1.014503862150920952e+02 1.745404111705288130e+02
2.504058371954842528e+02 1.013156601307189533e+02 1.744315103980986237e+02
2.505488294711824153e+02 1.015412857991681506e+02 1.746481711229946541e+02
2.503520095068330420e+02 1.012398811645870467e+02 1.742448817587641088e+02
2.501473654188948217e+02 1.007036197266785535e+02 1.738083279857397372e+02
2.508780178253119288e+02 1.016011455733808617e+02 1.753537635175282219e+02
2.516267807486630943e+02 1.025800689245395176e+02 1.769392418300653560e+02
2.513472180629827619e+02 1.021222150920974485e+02 1.763654284016637064e+02
2.507071229946523943e+02 1.010914319667260912e+02 1.749486916221033823e+02
2.503911301247771917e+02 1.004987759952465893e+02 1.742143838383838386e+02
2.503062816399286987e+02 1.003758906714200805e+02 1.738244278074866429e+02
2.501316030897207270e+02 1.002496589423648317e+02 1.734586761734996969e+02
2.497235032679738538e+02 9.999491384432560892e+01 1.728733119429589919e+02
2.499665597147950109e+02 1.003872275698158063e+02 1.733708948306595232e+02
2.502758455139631621e+02 1.007492287581699344e+02 1.738001188354129454e+02
2.503914343434343550e+02 1.011233321449792015e+02 1.740756078431372487e+02
2.507761330956625159e+02 1.020054806892453882e+02 1.752930718954248448e+02
2.512071206179441560e+02 1.029839334521687420e+02 1.765038526440879423e+02
2.510493262032085511e+02 1.026039595959595943e+02 1.760488223410576438e+02
2.505615781342840194e+02 1.017299441473559085e+02 1.749335044563279951e+02
2.505473273915626748e+02 1.015061580510992343e+02 1.748231729055258370e+02
2.508881758764111680e+02 1.017521758764111723e+02 1.752122210338681043e+02
2.509057112299465189e+02 1.015609792038027308e+02 1.750334212715389128e+02
2.506728888888888775e+02 1.012928722519310725e+02 1.747188163992869931e+02
2.502809364230540723e+02 1.008210101010101027e+02 1.742673131313131307e+02
2.503120855614973266e+02 1.006000903149138423e+02 1.743991016042780871e+02
2.503793559120617829e+02 1.005628615567439113e+02 1.746714533571004040e+02
2.505571146761735122e+02 1.007624575163398646e+02 1.751178657159833563e+02
2.509535353535353579e+02 1.010126345811051749e+02 1.757506833036244700e+02
2.508918930481283383e+02 1.008442685680332715e+02 1.755675912061794293e+02
2.506581057635175398e+02 1.009938395721925133e+02 1.751014236482471915e+02
2.505347688651218050e+02 1.011817088532382627e+02 1.748640142602495473e+02
2.507337944147355984e+02 1.015506880570410004e+02 1.751231610219845436e+02
2.508609292929292849e+02 1.019053166963755217e+02 1.754131336898395830e+02
2.509680095068330274e+02 1.022498110516933991e+02 1.757633511586452641e+02
2.509214402852049943e+02 1.020013309566250683e+02 1.756583862150920936e+02
2.509740986333927424e+02 1.019317171717171675e+02 1.756902103386809131e+02
2.509856541889483026e+02 1.018783077837195492e+02 1.756324183006535975e+02
2.506567510398098761e+02 1.013810196078431431e+02 1.750958954248366126e+02
2.503562923351158531e+02 1.006675032679738564e+02 1.746983576945929997e+02
2.505722733214497850e+02 1.007553654188948258e+02 1.750944789067141869e+02
2.506071681521093240e+02 1.006145074272133115e+02 1.750618562091503350e+02
2.501966108140225913e+02 9.992202020202020663e+01 1.743723161021984538e+02
2.503676530005941743e+02 1.000362733214497979e+02 1.745663410576351851e+02
2.505857635175282212e+02 1.002160570409982228e+02 1.748267712418300732e+02
2.501588829471182294e+02 1.004561806298276849e+02 1.741110873440285332e+02
2.500382459893048122e+02 1.008973927510398028e+02 1.741203660130719015e+02
2.505804777183600720e+02 1.019675151515151583e+02 1.750447391562685766e+02
2.503104598930481188e+02 1.016392584670231685e+02 1.745107878787878803e+02
2.496493594771241931e+02 1.009228472964943535e+02 1.735138490790255617e+02
2.497226428995840877e+02 1.005643636363636375e+02 1.734288009506832964e+02
2.503041426024955456e+02 1.008530291146761755e+02 1.742937944147356006e+02
2.505858728461081455e+02 1.013084539512774853e+02 1.749767367795602979e+02
2.504199168152109394e+02 1.010972549019607811e+02 1.747422459893048199e+02
2.504574545454545387e+02 1.009792228163992860e+02 1.746331693404634677e+02
2.505250053475935772e+02 1.010660962566844887e+02 1.747008770053475928e+02
2.503876886512180704e+02 1.010577254901960771e+02 1.745377445038621431e+02
2.503267165775401111e+02 1.009930314913844285e+02 1.743553654188948201e+02
2.503959976232917484e+02 1.010277171717171711e+02 1.741892572786690323e+02
2.500119881164586957e+02 1.005858680926916264e+02 1.735415757575757709e+02
2.495577563874034581e+02 9.927140582293523607e+01 1.731582697563873978e+02
2.498588520499108654e+02 9.893688888888888755e+01 1.734489982174688123e+02
2.505013951277480828e+02 9.922263101604278290e+01 1.743947189542483613e+02
2.508219560308972120e+02 9.967262745098038579e+01 1.751840047534165308e+02
2.511958597742127210e+02 1.001605086155674371e+02 1.760515222816399330e+02
2.514672751039809953e+02 1.002680356506238866e+02 1.762808603683897672e+02
2.518288674985145690e+02 1.006551348781937065e+02 1.766128104575163320e+02
2.517491194295900243e+02 1.003515436720142588e+02 1.762689815805109959e+02
2.517008722519310879e+02 1.002031657754010752e+02 1.761975424836601292e+02
2.517345597147950116e+02 1.002352655971479436e+02 1.761687510398098766e+02
2.515970243612596562e+02 1.002368437314319607e+02 1.758784598930481309e+02
2.512292192513369002e+02 9.998788354129530376e+01 1.752646512180629941e+02
2.512555816993464077e+02 1.003207557932263825e+02 1.754344337492572663e+02
2.515010909090909195e+02 1.006403707664884166e+02 1.759136019013666044e+02
2.514413689839572328e+02 1.005351919191919166e+02 1.757714367201425887e+02
2.510988140225787220e+02 1.001326773618538368e+02 1.752135805109922728e+02
2.511456874628639468e+02 1.002186096256684493e+02 1.752571408199643486e+02
2.515169720736779482e+02 1.007227379679144406e+02 1.759860582293523521e+02
2.513926084373143226e+02 1.005418324420677294e+02 1.756752988710635748e+02
2.513965300059417700e+02 9.991969102792631929e+01 1.755906547831253590e+02
2.518318478906714120e+02 9.992638859180036093e+01 1.763743933452168733e+02
2.519523137254901997e+02 9.993012953060011228e+01 1.765749067142008357e+02
2.514670469399881085e+02 9.903419132501485933e+01 1.756250647653000669e+02
2.513012953060011796e+02 9.881749732620320970e+01 1.753664836601307115e+02
2.515734379084967429e+02 9.918367676767677210e+01 1.759844230540701062e+02
2.514163042186571602e+02 9.980135472370766081e+01 1.757717599524658283e+02
2.506085228758169876e+02 9.952608912655971096e+01 1.745610600118835407e+02
2.507739607843137151e+02 1.000744907902554957e+02 1.749792988710635768e+02
2.514747189542483738e+02 1.011410101010100959e+02 1.762453618538324349e+02
2.513019370172311255e+02 1.008887082590612039e+02 1.758370338680927034e+02
2.506732026143790790e+02 1.001163398692810489e+02 1.746014925727866967e+02
2.506870255496137929e+02 1.001717599524658340e+02 1.746339536541889572e+02
2.505599096850861542e+02 9.994524539512774197e+01 1.743109590017825212e+02
2.502672323232323208e+02 9.954006892453951139e+01 1.737061200237670846e+02
2.502414830659536449e+02 9.958120023767082785e+01 1.737417944147355797e+02
2.503504693998811774e+02 9.959263695781342562e+01 1.739086013071895422e+02
2.506005181224004730e+02 9.990278787878787625e+01 1.744554961378490816e+02
2.509277813428401771e+02 1.002996173499702905e+02 1.750551633986927982e+02
2.510962281639928619e+02 1.004817682709447411e+02 1.753815710041592411e+02
2.508790112893642288e+02 1.001480451574569202e+02 1.749627617349970308e+02
2.507368366013072034e+02 1.003274010695187144e+02 1.746870730837789552e+02
2.510699037433155070e+02 1.012388972073677991e+02 1.754873487819370155e+02
2.514126583481877617e+02 1.018028948306595396e+02 1.760059750445632858e+02
2.513295828877005249e+02 1.017262792632204338e+02 1.757691122994652346e+02
2.513137587641116966e+02 1.013863624480095069e+02 1.757873321449792172e+02
2.515035151515151597e+02 1.013482828282828336e+02 1.761327961972667993e+02
2.515442899584076031e+02 1.012358978015448656e+02 1.761971574569221559e+02
2.512033796791443763e+02 1.006051907308377906e+02 1.754255258467023282e+02
2.513808770053475996e+02 1.007505216874628644e+02 1.757105169340463533e+02
2.515273820558526552e+02 1.014690956625074278e+02 1.761269352346999426e+02
2.510018395721925231e+02 1.014178918597742154e+02 1.755842139037433185e+02
2.508629257278668945e+02 1.015243161021984548e+02 1.755360427807486587e+02
2.513418657159833742e+02 1.023780392156862717e+02 1.765906690433749304e+02
2.513871942959001728e+02 1.024119310754604868e+02 1.765053642305406925e+02
2.509081592394533686e+02 1.017640451574569198e+02 1.755511301247771883e+02
2.509412715389185848e+02 1.019588116458704690e+02 1.756407320261437803e+02
2.509755341651812159e+02 1.020893119429590001e+02 1.756239762329174141e+02
2.503771978609625535e+02 1.012882519310754645e+02 1.743916292335115941e+02
2.499996387403446363e+02 1.008818110516934041e+02 1.737768651218063098e+02
2.501251194295900291e+02 1.012180249554367180e+02 1.741553749257278696e+02
2.501498799762329099e+02 1.015280713012477776e+02 1.742261342840166378e+02
2.499832204396910242e+02 1.015290267379679108e+02 1.738529578134283895e+02
2.501910635769459361e+02 1.020476482471776620e+02 1.743084254307783851e+02
2.504059702911467582e+02 1.024913939393939444e+02 1.747881449792037927e+02
2.499877979797979890e+02 1.017240166369578134e+02 1.742315721925133687e+02
2.497429827688651187e+02 1.011917385620915013e+02 1.737947569815805196e+02
2.502033273915626808e+02 1.018503291740938863e+02 1.748163327391562802e+02
2.505322495543672119e+02 1.023047938205585297e+02 1.754941033868092575e+02
2.504937754010695130e+02 1.022501057635175243e+02 1.754382935234699801e+02
2.501335567439096792e+02 1.018940843731432011e+02 1.746572786690433645e+02
2.499946999405822794e+02 1.018833749257278640e+02 1.743760855614973195e+02
2.500207153891859662e+02 1.018850196078431338e+02 1.742937136066547907e+02
2.496589376114081915e+02 1.014443256090314947e+02 1.735391657754010737e+02
2.496061794414735573e+02 1.015013808674985114e+02 1.735530029708853306e+02
2.500828377896613119e+02 1.023729245395127805e+02 1.748276553773024489e+02
2.500650362448009503e+02 1.023800736779560339e+02 1.748152964943553229e+02
2.491086916221033789e+02 1.012481045751633957e+02 1.733593345216874582e+02
2.491331194295900104e+02 1.013338134284016689e+02 1.734741818181818189e+02
2.496951681521093178e+02 1.020306785502079663e+02 1.744644753416518199e+02
2.497218728461081412e+02 1.021974901960784337e+02 1.745061010101010197e+02
2.493674295900178208e+02 1.018457373737373786e+02 1.738886322043969130e+02
2.494862032085561623e+02 1.021310184194890098e+02 1.742232251931075382e+02
2.498340202020202128e+02 1.026265811051693362e+02 1.748550968508615426e+02
2.495929744503862082e+02 1.022450291146761714e+02 1.743543672014260153e+02
2.495334664289958368e+02 1.021551039809863397e+02 1.740213523469994072e+02
2.497687890671419950e+02 1.024951681521093292e+02 1.743493428401663721e+02
2.497179702911467700e+02 1.023444278074866247e+02 1.740495733808674856e+02
2.495367938205585290e+02 1.021395840760546605e+02 1.737681616161616205e+02
2.496283161021984540e+02 1.023218158051099209e+02 1.739697302436125881e+02
2.497519904931669714e+02 1.024911229946524003e+02 1.741645822935234662e+02
2.495238455139631526e+02 1.022141033868092705e+02 1.737844610814022701e+02
2.491485252525252463e+02 1.018240237670825934e+02 1.732452572786690439e+02
2.493218300653594781e+02 1.020133571004159307e+02 1.734680926916221040e+02
2.496234723707664784e+02 1.024855852644087975e+02 1.739470041592394409e+02
2.492835745692216278e+02 1.019475032679738575e+02 1.735195151515151508e+02
2.488382174688057091e+02 1.011924610814022572e+02 1.728116078431372671e+02
2.490306215092097375e+02 1.013602566844919721e+02 1.731201806298277006e+02
2.494268710635769537e+02 1.018861746880570394e+02 1.738739774212715474e+02
2.492345145573380876e+02 1.017096850861556732e+02 1.736700986333927403e+02
2.492252073677956048e+02 1.018053761140819944e+02 1.736040118835412898e+02
2.492925442661913280e+02 1.019188639334521724e+02 1.736238383838383754e+02
2.490373666072489698e+02 1.016084848484848493e+02 1.732309685086155753e+02
2.484959809863339331e+02 1.007741366607248921e+02 1.721910398098633266e+02
2.484242804515745604e+02 1.005644491978609665e+02 1.719756197266785591e+02
2.486785692216280381e+02 1.013844087938205547e+02 1.727117575757575878e+02
2.487545620915032600e+02 1.017840475341651825e+02 1.729145383244206755e+02
2.488103814616755756e+02 1.019411384432560936e+02 1.729864480095068302e+02
2.483929792038027244e+02 1.014672418300653618e+02 1.723102364824717654e+02
2.481098276886512224e+02 1.013531550802139094e+02 1.720180297088532484e+02
2.484684111705288103e+02 1.017064147355912098e+02 1.725331051693404731e+02
2.485012382650029679e+02 1.015967676767676835e+02 1.724334307783719566e+02
2.481058158051099269e+02 1.011176518122400410e+02 1.718674699940582400e+02
2.481291550802139056e+02 1.011302626262626205e+02 1.718727415329768178e+02
2.480764777183600813e+02 1.009718502673796792e+02 1.716836221033867957e+02
2.474872442067736245e+02 1.002898585858585818e+02 1.707454022578728541e+02
2.472899298871063536e+02 1.003433820558526435e+02 1.706649649435531728e+02
2.478811408199643438e+02 1.011256185383244173e+02 1.717460297088532286e+02
2.478124254307783758e+02 1.009826500297088501e+02 1.715176327985739704e+02
2.472242329174093811e+02 1.002859702911467679e+02 1.705956696375519925e+02
2.474214616755793088e+02 1.007006535947712393e+02 1.709401687462863890e+02
2.477797266785502188e+02 1.013681235888294765e+02 1.716180011883541283e+02
2.473864670231729121e+02 1.008922685680332734e+02 1.708857849079025470e+02
2.468106476530005864e+02 1.002644087938205644e+02 1.700893832442067719e+02
2.471340701128936530e+02 1.006437076648841327e+02 1.705814997029114579e+02
2.475391752822341118e+02 1.010311063576945969e+02 1.712035460487225293e+02
2.470228021390374238e+02 1.002779845513963153e+02 1.704050433749257252e+02
2.461703672014260178e+02 9.916281877599524819e+01 1.691481734997029207e+02
2.465494901960784375e+02 9.958230303030302366e+01 1.698094545454545425e+02
2.471278573975044424e+02 1.003153178847296516e+02 1.707447605466429081e+02
2.469667926322044025e+02 1.003258989898989881e+02 1.703294022578728573e+02
2.466594509803921653e+02 1.000793202614379140e+02 1.697717409387997520e+02
2.469811907308377954e+02 1.004734878193701775e+02 1.701770790255496024e+02
2.469656232917409397e+02 1.006930005941770645e+02 1.701850267379679167e+02
2.464344099821746852e+02 1.000645276292335097e+02 1.693271538918597798e+02
2.464329269162210210e+02 9.964218657159833015e+01 1.691014901960784300e+02
2.465889435531788365e+02 9.955720974450386507e+01 1.691880166369578262e+02
2.466428995840760479e+02 9.958355317884729629e+01 1.693236411170528868e+02
2.467431348781937004e+02 9.959462863933451615e+01 1.694627023172905638e+02
2.469190683303624496e+02 9.967065478312537152e+01 1.696678882947118154e+02
2.469417849079025586e+02 9.965474509803921421e+01 1.697412192513369007e+02
2.466096827094474122e+02 9.930171360665478630e+01 1.694012311348782021e+02
2.465535163398692760e+02 9.924400237670825220e+01 1.693226809269162345e+02
2.465357813428401528e+02 9.922373856209149778e+01 1.692955151515151613e+02
2.465036482471776651e+02 9.920454426619131993e+01 1.692925442661913280e+02
2.465363184789067077e+02 9.923892097445038019e+01 1.692998074866310105e+02
2.466616042780748614e+02 9.940133095662507401e+01 1.694651027926321945e+02
2.467560879382055816e+02 9.966120499108734521e+01 1.697237599524658265e+02
2.467184313725490199e+02 9.957274866310160633e+01 1.696298704693998900e+02
2.466957908496732159e+02 9.951111111111110574e+01 1.695999762329174132e+02
2.466487272727272853e+02 9.949179797979797968e+01 1.693879453357100431e+02
2.467440713012477715e+02 9.963638740344622136e+01 1.693362471776589473e+02
2.469586357694593062e+02 9.990151871657754157e+01 1.696566131907308375e+02
2.470217944147355809e+02 9.998785502079620358e+01 1.697670730837789677e+02
2.469372691622103275e+02 9.988509090909090560e+01 1.696421295306001298e+02
2.468580297088532518e+02 9.933006298276886525e+01 1.695489720736779589e+02
2.468759025549613852e+02 9.877523469994058303e+01 1.693564254307783585e+02
2.469196957813428526e+02 9.860408318478906153e+01 1.694074961378490798e+02
2.469437195484254346e+02 9.867845038621508991e+01 1.696282210338681011e+02
2.470094117647058738e+02 9.864963992869874687e+01 1.697239310754604844e+02
2.468559096850861465e+02 9.891360665478312342e+01 1.695125941770647557e+02
2.463466761734997021e+02 9.866319667260843573e+01 1.687674058229352454e+02
2.462368674985145560e+02 9.857465953654188695e+01 1.684618752228163885e+02
2.465905977421271587e+02 9.905311942959001215e+01 1.688597029114676218e+02
2.466548639334521624e+02 9.927775638740344277e+01 1.690680213903743265e+02
2.465337183600713047e+02 9.920011408199643199e+01 1.688752798573975156e+02
2.471508354129530574e+02 9.902970409982174260e+01 1.696497635175282142e+02
2.472659631610219719e+02 9.878489839572192466e+01 1.697148995840760506e+02
2.470518692810457537e+02 9.839161021984551780e+01 1.695677147950089250e+02
2.471208461081402277e+02 9.833328104575163309e+01 1.696538324420677384e+02
2.472531717171717105e+02 9.882612953060011307e+01 1.699923089720736868e+02
2.473414379084967436e+02 9.928728698752227899e+01 1.703655377302436023e+02
2.473446131907308256e+02 9.953718835412952615e+01 1.705337658942364953e+02
2.472981580510992217e+02 9.950063933452169351e+01 1.703925941770647512e+02
2.471573523469994029e+02 9.935572192513369316e+01 1.701271016042780673e+02
2.467996102198455048e+02 9.893785383244207310e+01 1.696079762329174230e+02
2.467514010695187210e+02 9.818477005347592979e+01 1.693319548425430696e+02
2.468812834224598873e+02 9.778790730837789624e+01 1.692111039809863371e+02
2.466028948306595225e+02 9.719131550802138975e+01 1.687027165775401158e+02
2.463512537136066669e+02 9.675323113487819171e+01 1.683754771241829928e+02
2.466731313131313073e+02 9.772954010695187321e+01 1.691253475935828874e+02
2.468745145573380739e+02 9.841303862150921589e+01 1.695039999999999907e+02
2.466598787878787959e+02 9.853368508615567123e+01 1.693929364230540671e+02
2.464604016636957908e+02 9.851383957219250931e+01 1.692709162210338718e+02
2.466585953654189041e+02 9.880916934046345546e+01 1.695825549613784915e+02
2.466070683303624378e+02 9.890558288770053252e+01 1.693636458704694121e+02
2.467374688057041112e+02 9.929350445632798028e+01 1.694243232323232462e+02
2.469171622103386881e+02 9.954837789661318936e+01 1.695532691622103414e+02
2.464879001782531134e+02 9.905449316696375206e+01 1.687832679738561978e+02
2.459819988116458660e+02 9.850970885323826565e+01 1.680251170528817681e+02
2.463058918597742206e+02 9.854649079025548986e+01 1.684237575757575769e+02
2.464286583481877528e+02 9.840343196672608883e+01 1.685118098633392663e+02
2.460203969102792598e+02 9.779246108140225147e+01 1.678779845513963096e+02
2.461185026737967974e+02 9.784476292335115488e+01 1.681669209744503917e+02
2.466216280451574505e+02 9.841474509803921933e+01 1.688964848484848460e+02
2.466145454545454641e+02 9.845130837789660916e+01 1.688765300059417598e+02
2.460794723707664957e+02 9.796294236482471263e+01 1.680725561497326339e+02
2.462669851455733863e+02 9.844588472964943549e+01 1.685917860962566976e+02
2.467587260843731372e+02 9.906881521093285414e+01 1.693517765894236504e+02
2.463771550802138961e+02 9.847900653594771825e+01 1.686390635769459436e+02
2.459584598930481150e+02 9.786906714200831914e+01 1.678931812240047634e+02
2.463295876411170582e+02 9.826997979797980065e+01 1.684932002376708340e+02
2.466430231729055151e+02 9.856282352941175873e+01 1.689265739750445618e+02
2.462472109328579961e+02 9.794070112893642488e+01 1.681890291146761740e+02
2.460678787878787830e+02 9.767047415329768967e+01 1.678428900772430268e+02
2.464432465834818800e+02 9.805535353535353238e+01 1.684294379084967375e+02
2.460934093879976103e+02 9.756501010101010252e+01 1.678430041592394559e+02
2.455734901960784384e+02 9.689968389780155178e+01 1.669609744503862032e+02
2.456307641117052754e+02 9.696065121806297782e+01 1.670271990493166925e+02
2.454487890671420018e+02 9.676603683897801034e+01 1.668243992869875285e+02
2.452105288175876296e+02 9.668413071895425048e+01 1.665658989898989830e+02
2.453447843137254836e+02 9.710558288770053537e+01 1.669626666666666779e+02
2.454482566844919802e+02 9.734151871657753929e+01 1.672474295900178163e+02
2.447332192513368909e+02 9.650231729055258256e+01 1.661509399881164484e+02
2.447063101604278188e+02 9.642510279263220241e+01 1.660464028520499085e+02
2.452052144979203945e+02 9.711177658942364133e+01 1.669728057040998124e+02
2.451572382650029738e+02 9.696213428401664203e+01 1.668438692810457553e+02
2.442126726084373161e+02 9.570827807486631400e+01 1.652752751039809880e+02
2.439136494355317950e+02 9.534659536541889224e+01 1.648524206773618630e+02
2.441779156268568158e+02 9.573449792038027795e+01 1.652931669637551977e+02
2.439986452762923363e+02 9.552864171122995174e+01 1.650075579322638077e+02
2.435371693404634641e+02 9.531049316696375229e+01 1.645600427807486597e+02
2.440475008912655994e+02 9.624096969696969950e+01 1.655392133095662643e+02
2.442135710041592347e+02 9.650853475935828385e+01 1.657547284610814131e+02
2.433617777777777746e+02 9.559584551396315533e+01 1.645960261437908514e+02
2.428737207367795463e+02 9.493132739156268940e+01 1.638040308972073547e+02
2.431469898989898866e+02 9.517783957219251079e+01 1.642243612596553817e+02
2.428112465834818749e+02 9.460360784313725446e+01 1.635944337492572913e+02
2.423627046939988077e+02 9.390120499108734009e+01 1.627651527035056347e+02
2.422057801544860354e+02 9.364534284016636434e+01 1.624543267973856189e+02
2.421000831847890709e+02 9.347725252525252415e+01 1.623346547831253588e+02
2.414375805109922624e+02 9.261134165181223921e+01 1.613910445632798485e+02
2.410056755793226273e+02 9.216095068330362494e+01 1.607763660130719074e+02
2.413569625668449135e+02 9.259207605466428959e+01 1.613940915032679868e+02
2.413173048128342373e+02 9.256600356506238825e+01 1.613796553773024414e+02
2.411353107546048591e+02 9.227894474153298177e+01 1.610556434937611527e+02
2.412184385026737914e+02 9.252554723707665119e+01 1.611767748068924675e+02
2.414052762923351168e+02 9.291400594177065386e+01 1.615167011289364325e+02
2.413936589423648229e+02 9.298149494949494454e+01 1.614350564468211644e+02
2.415219821746880484e+02 9.318017825311943625e+01 1.615823553178847192e+02
2.419138300653594911e+02 9.380393582887700177e+01 1.623742127153891772e+02
2.423692976827094583e+02 9.376995840760547196e+01 1.628792109328580011e+02
2.423291693404634657e+02 9.333507308377896550e+01 1.627106500297088587e+02
2.418384361259655293e+02 9.250536898395722574e+01 1.620495876411170570e+02
2.418489364230540559e+02 9.251411051693405341e+01 1.620991610219845427e+02
2.422846250742721281e+02 9.286540225787284442e+01 1.626329411764705810e+02
2.422536185383244174e+02 9.285448841354723015e+01 1.625654901960784287e+02
2.420486749851455670e+02 9.277405585264408217e+01 1.623768698752228090e+02
2.424798621509209795e+02 9.327546524064170796e+01 1.630392346999405788e+02
2.424835365418894924e+02 9.327086868686868115e+01 1.629712560903149097e+02
2.420190041592394437e+02 9.285156981580510660e+01 1.622072014260249659e+02
2.421295163398692694e+02 9.313407011289363879e+01 1.623224480095068429e+02
2.423015805109922667e+02 9.335889245395128455e+01 1.625127890671419948e+02
2.422585811051693270e+02 9.341662745098038556e+01 1.624495971479501009e+02
2.424892121212121197e+02 9.370636720142601916e+01 1.628146405228758056e+02
2.425905074272133106e+02 9.385965062388591207e+01 1.630576684491978483e+02
2.417844848484848512e+02 9.293802970885323589e+01 1.620272180629827687e+02
2.419441378490790271e+02 9.323848841354723049e+01 1.624250172311348877e+02
2.428528389780154555e+02 9.430938086749851834e+01 1.638742198455139771e+02
2.423021509209744409e+02 9.357417944147356081e+01 1.628934997029114697e+02
2.414247320261438006e+02 9.269680808080808276e+01 1.614356125965537672e+02
2.420017587641117132e+02 9.345565300059418234e+01 1.622210053475935752e+02
2.427000641711229889e+02 9.412492453951277582e+01 1.630519976232917543e+02
2.421587783719548383e+02 9.338838265002971184e+01 1.620055614973261982e+02
2.420812834224599044e+02 9.338247415329767875e+01 1.619555317884729675e+02
2.426648461081402388e+02 9.419757575757576262e+01 1.630084087938205641e+02
2.428466595365418925e+02 9.443384432560903008e+01 1.632442875816993535e+02
2.426048770053475891e+02 9.416741057635175594e+01 1.629096708259061188e+02
2.424273796791443942e+02 9.403830778371954580e+01 1.627318740344622654e+02
2.425811669637552086e+02 9.425903267973856714e+01 1.629688366013072027e+02
2.425351824123588926e+02 9.402468449197860423e+01 1.628186809269162154e+02
2.428042020202020126e+02 9.430908140225787406e+01 1.633479453357100510e+02
2.430113226381461686e+02 9.450236007130125415e+01 1.636932097445038607e+02
2.429148282828282959e+02 9.433338086749851925e+01 1.635674581105169239e+02
2.428383790849673289e+02 9.417950326797385685e+01 1.634111182412358971e+02
2.434113464052287554e+02 9.501467855020796094e+01 1.643262745098039090e+02
2.438261723113487847e+02 9.563218538324420592e+01 1.649911538918597671e+02
2.436929387997623166e+02 9.541152703505645150e+01 1.646639524658348250e+02
2.435761996434937657e+02 9.517329055258467463e+01 1.644210956625074402e+02
2.436441925133689779e+02 9.529356149732620906e+01 1.645034628639334642e+02
2.437960261437908400e+02 9.537333808674985391e+01 1.647342650029708864e+02
2.437697730243612568e+02 9.509722638146168094e+01 1.645863624480095098e+02
2.432336589423648263e+02 9.424037076648841094e+01 1.637006821152703537e+02
2.428484420677361868e+02 9.376153535353535062e+01 1.631685704099821805e+02
2.430437029114676193e+02 9.394803565062387918e+01 1.633842947118241113e+02
2.430550683303624453e+02 9.389089483065953345e+01 1.633398169934640407e+02
2.428033701723113609e+02 9.379197147950088720e+01 1.630000380273321525e+02
2.432026333927510393e+02 9.443257040998217633e+01 1.636897302436125869e+02
2.433903695781342833e+02 9.463382055852643759e+01 1.638891836007130109e+02
2.426902103386809131e+02 9.383329768270944271e+01 1.627709803921568721e+02
2.426353464052287450e+02 9.370025430778372311e+01 1.628713582887700397e+02
2.439704242424242295e+02 9.494120974450386541e+01 1.650080000000000098e+02
2.440024052287581640e+02 9.494159001782530538e+01 1.649474129530600237e+02
2.429031348781936970e+02 9.356524301841949409e+01 1.632546405228758033e+02
2.431259512774806808e+02 9.382961378490790594e+01 1.636633535353535365e+02
2.442018918597742072e+02 9.545086631016042134e+01 1.653467759952465883e+02
2.439307617349970201e+02 9.523465240641711205e+01 1.648198882947118307e+02
2.431987260843731349e+02 9.442267379679144312e+01 1.635815805109922678e+02
2.438813309566250780e+02 9.522520736779560480e+01 1.646136660724895933e+02
2.441920190136660835e+02 9.570938562091502888e+01 1.652096541889483206e+02
2.436552774806892501e+02 9.498435650623885351e+01 1.643036102198455239e+02
2.432263149138443339e+02 9.434237433155080055e+01 1.635552988710635702e+02
2.434857326203208459e+02 9.467806535947713087e+01 1.639627379679144497e+02
2.440142412358883064e+02 9.526112893642304869e+01 1.647641639928698680e+02
2.438569269162210276e+02 9.502653357100416542e+01 1.643854165181224118e+02
2.433331812240047611e+02 9.445464527629233942e+01 1.635617492572786773e+02
2.436709494949494967e+02 9.501619964349376346e+01 1.642170124777183560e+02
2.439983172905525919e+02 9.538750326797385526e+01 1.646657112299465382e+02
2.434162424242424265e+02 9.460326084373143374e+01 1.637183030303030193e+02
2.433107403446227011e+02 9.444673083778965861e+01 1.635320261437908584e+02
2.435721687462863940e+02 9.462280689245395138e+01 1.639764515745692108e+02
2.434580011883541317e+02 9.437291503267974235e+01 1.637756054664289991e+02
2.434121069518716638e+02 9.416225787284611215e+01 1.636206108140225695e+02
2.436741437908496835e+02 9.450713725490196282e+01 1.641850742721331073e+02
2.432271752822341000e+02 9.395377777777777339e+01 1.634913606654783109e+02
2.422986286393345097e+02 9.340136898395721232e+01 1.623548235294117603e+02
2.425753773024361237e+02 9.403929174093879340e+01 1.628151111111111220e+02
2.427735662507427321e+02 9.441125133689840254e+01 1.631575234699940609e+02
2.424143220439690936e+02 9.395176232917408754e+01 1.624925537730243548e+02
2.426652026143790977e+02 9.422795959595958948e+01 1.628150112893642358e+02
2.426745383244206664e+02 9.429275816993464332e+01 1.628390445632798560e+02
2.419089768270944774e+02 9.312671182412358917e+01 1.616466737967914469e+02
2.418357884729649356e+02 9.296360784313725389e+01 1.614605727866904203e+02
2.429015947712418324e+02 9.414739869281045515e+01 1.632168175876411169e+02
2.434035412953060131e+02 9.464104575163398181e+01 1.639006963755199138e+02
2.433335187165775437e+02 9.461589067142008957e+01 1.637757385620915045e+02
2.432591372549019582e+02 9.460760546642899271e+01 1.637495519904931598e+02
2.429673915626856910e+02 9.433804872251931783e+01 1.634419584076054548e+02
2.421724777183600850e+02 9.350090077243018527e+01 1.622891027926322067e+02
2.421078978015448513e+02 9.348497207367795170e+01 1.621701580510992358e+02
2.424503481877599427e+02 9.347026500297089058e+01 1.624729744503862037e+02
2.422807605466429095e+02 9.297424598930481920e+01 1.621236934046345937e+02
2.420569934640522831e+02 9.233839572192513856e+01 1.615584884135472237e+02
2.423048413547237203e+02 9.260408318478906153e+01 1.619798122400475222e+02
2.422309114676173465e+02 9.241695068330362517e+01 1.617965300059417757e+02
2.418806274509803984e+02 9.185018657159834277e+01 1.613363850267379576e+02
2.418886892453951418e+02 9.177020558526440652e+01 1.614305026737967808e+02
2.417007676767676685e+02 9.151929174093879737e+01 1.613025977421271477e+02
2.413646583481877599e+02 9.112996791443850952e+01 1.609102364824717881e+02
2.414478288770053496e+02 9.116026619132502162e+01 1.609914628639334637e+02
2.418153107546048659e+02 9.157366607248960122e+01 1.615508068924539486e+02
2.417622721330956495e+02 9.200670231729054649e+01 1.616119358288769945e+02
2.417302721330956672e+02 9.220740106951870985e+01 1.616149114676173610e+02
2.424468211527035066e+02 9.315429114676173583e+01 1.626195555555555643e+02
2.421361901366607299e+02 9.300326084373142521e+01 1.622085799168152107e+02
2.411941152703505509e+02 9.215681045751634315e+01 1.609418086749851398e+02
2.413028116458704631e+02 9.185256803327391140e+01 1.606764159239453420e+02
2.418066452762923291e+02 9.202780748663101917e+01 1.611065335710041495e+02
2.419199619726678634e+02 9.216233392751040299e+01 1.611879928698752167e+02
2.425575995246583432e+02 9.268292335115864944e+01 1.619530980392156891e+02
2.426319191919191951e+02 9.272807605466428527e+01 1.619915389185977403e+02
2.420698039215686208e+02 9.220256209150326754e+01 1.613715365418894692e+02
2.425167961972667854e+02 9.266554961378490418e+01 1.621138538324420608e+02
2.435747260843731397e+02 9.379029352346999815e+01 1.637669827688651196e+02
2.435200285204990962e+02 9.381323351158644641e+01 1.637079928698752269e+02
2.433517765894236504e+02 9.364161140819963691e+01 1.635423980986333845e+02
2.440248318478906810e+02 9.422344385026738678e+01 1.642714723707664746e+02
2.451544622697563796e+02 9.534000237670825584e+01 1.657182602495543620e+02
2.451403256090314926e+02 9.524054664289958794e+01 1.656436078431372607e+02
2.444968270944741562e+02 9.437133214497920619e+01 1.645762139037433087e+02
2.444220606060605974e+02 9.405454545454544757e+01 1.643717456922162796e+02
2.447632941176470638e+02 9.425742127153891659e+01 1.649612216280451662e+02
2.447485727866904313e+02 9.407889245395128341e+01 1.648680451574569190e+02
2.444884848484848590e+02 9.366767439096851433e+01 1.644933333333333394e+02
2.446850338680926882e+02 9.388792394533571439e+01 1.648142697563874037e+02
2.447816423054070185e+02 9.400870825906119421e+01 1.650282400475341547e+02
2.445356339869281044e+02 9.401520617944147773e+01 1.648198978015448688e+02
2.445484872251930994e+02 9.426241235888294057e+01 1.649669019607843268e+02
2.447656327985739892e+02 9.475325490196078704e+01 1.655012144979203867e+02
2.449253143196672511e+02 9.502012596553772994e+01 1.657624242424242311e+02
2.448419393939393842e+02 9.490500772430183929e+01 1.655070897207367864e+02
2.446519786096256723e+02 9.467810338680926918e+01 1.650630303030303025e+02
2.448006844919786147e+02 9.487178609625668457e+01 1.652310635769459282e+02
2.448445395127748156e+02 9.501930362448010214e+01 1.653814141414141545e+02
2.444216090314913856e+02 9.448577064765299838e+01 1.646271895424836487e+02
2.442377231134878173e+02 9.429961259655377148e+01 1.643644301841949016e+02
2.443358764111705170e+02 9.458268805704099691e+01 1.647166013071895350e+02
2.441076411170528786e+02 9.434306357694592293e+01 1.644892739156268533e+02
2.440100772430184293e+02 9.430074866310160075e+01 1.643414331550802103e+02
2.444529578134284122e+02 9.495912537136067044e+01 1.652191134878193566e+02
2.445556173499703050e+02 9.508940225787284817e+01 1.653310089126559603e+02
2.443493475935828769e+02 9.494739393939393324e+01 1.649078882947118245e+02
2.442771431966725970e+02 9.500566131907308431e+01 1.648035698158051048e+02
2.442679500891265718e+02 9.507598811645870285e+01 1.647650148544266244e+02
2.440379084967320296e+02 9.482122875816993712e+01 1.643890338680926959e+02
2.434651075460487277e+02 9.421884254307784090e+01 1.635785525846702342e+02
2.434517361853832540e+02 9.403745692216280361e+01 1.635594866310160569e+02
2.438199881164587168e+02 9.410039215686273906e+01 1.639923137254901917e+02
2.439603327391562573e+02 9.404283778966131990e+01 1.640639286987522212e+02
2.435444420677361848e+02 9.332103624480095050e+01 1.633883303624480163e+02
2.435422412358882980e+02 9.361650861556744019e+01 1.634413309566250803e+02
2.444718478906714267e+02 9.498314438502673340e+01 1.650614379084967425e+02
2.443444991087343965e+02 9.497616161616161889e+01 1.649296494355317861e+02
2.437579084967320284e+02 9.440063695781343256e+01 1.640701937017231273e+02
2.440805181224004627e+02 9.480695424836601148e+01 1.645254331550802078e+02
2.445244824717765937e+02 9.536536185383243946e+01 1.654278930481283396e+02
2.444212620320855649e+02 9.521395127748068887e+01 1.653011907308377886e+02
2.442887035056446905e+02 9.497489720736778906e+01 1.650628401663695684e+02
2.446440736779560439e+02 9.538117171717171061e+01 1.655997480689245265e+02
2.445913963161021911e+02 9.532611289364230345e+01 1.655607938205585299e+02
2.442650647653000533e+02 9.491128698752228843e+01 1.651103458110517010e+02
2.444263814616755894e+02 9.469218300653594156e+01 1.650699845513963169e+02
2.448603921568627584e+02 9.499034105763517744e+01 1.656490600118835346e+02
2.451127272727272839e+02 9.522512655971479489e+01 1.660330362448009396e+02
2.453717314319667366e+02 9.547469043374925945e+01 1.664456232917409295e+02
2.454141556743909689e+02 9.544110279263220775e+01 1.664610814022578609e+02
2.454162899584076172e+02 9.573698871063577087e+01 1.666192513368984010e+02
2.448607011289364266e+02 9.546758882947118252e+01 1.659143291740938935e+02
2.447789233511586531e+02 9.550493166963755698e+01 1.657420843731432001e+02
2.446702935234700078e+02 9.546829233511586210e+01 1.655787712418300544e+02
2.437259607843137132e+02 9.442447534165181366e+01 1.642810219845513870e+02
2.429800926916221044e+02 9.334842543077837718e+01 1.629645537730243632e+02
2.431657944147355863e+02 9.342311586452763095e+01 1.631795935828876907e+02
2.431830683303624596e+02 9.348618894830659087e+01 1.633100891265597170e+02
2.430743196672608519e+02 9.325867142008318922e+01 1.631160166369578235e+02
2.425996625074272117e+02 9.281701723113488356e+01 1.623830445632798671e+02
2.422891075460487116e+02 9.258092453951277889e+01 1.620025525846702408e+02
2.419353773024361374e+02 9.232878906714201150e+01 1.615150754604872247e+02
2.418064503862150900e+02 9.213013903743315325e+01 1.612690814022578820e+02
2.417012049910873372e+02 9.211460487225193106e+01 1.611427213309566184e+02
2.418958716577540144e+02 9.253964111705288076e+01 1.615907736185383214e+02
2.419073844325609173e+02 9.265067142008318513e+01 1.616684777183600659e+02
2.412026809269162300e+02 9.175643969102792141e+01 1.605850505050505035e+02
2.407451693404634625e+02 9.136758169934640250e+01 1.600411836007130262e+02
2.405965204991087205e+02 9.116427807486631707e+01 1.597932644087938172e+02
2.379148948306595344e+02 8.770134284016637594e+01 1.555660225787284503e+02
2.376447486631016091e+02 8.752000475341651509e+01 1.552783553178847171e+02
2.378298799762329168e+02 8.777598573975043905e+01 1.556699037433155013e+02
2.386042923351158720e+02 8.867551277480689009e+01 1.569797171717171693e+02
2.393271919191919324e+02 8.952038978015448834e+01 1.580724373143196715e+02
2.400208770053475860e+02 9.038519786096256325e+01 1.591972192513368896e+02
2.408927296494355232e+02 9.232486274509804502e+01 1.611056494355318023e+02
2.412408841354723847e+02 9.318037789661319437e+01 1.616642804515745695e+02
2.412117314319667400e+02 9.345050505050504341e+01 1.616282448009506822e+02
2.416524634581105033e+02 9.415868330362448546e+01 1.625039714795009047e+02
2.421218348187759943e+02 9.427425787284610692e+01 1.628805989304812840e+02
2.417036197266785393e+02 9.339401069518716270e+01 1.619029827688651153e+02
2.408148686868686923e+02 9.223951990493166875e+01 1.605244396910279363e+02
2.409488389780154591e+02 9.230613428401663612e+01 1.605462293523470123e+02
2.410311158645276350e+02 9.232279976232916852e+01 1.606314295900178308e+02
2.397067950089126498e+02 9.074261200237670266e+01 1.585718597742127258e+02
2.396746428995840859e+02 9.074921449792037720e+01 1.585726488413547202e+02
2.407452596553773105e+02 9.197024361259654768e+01 1.602800237670825823e+02
2.407986785502079670e+02 9.195132501485443299e+01 1.601920285204991217e+02
2.401685276292335232e+02 9.106746999405822862e+01 1.590738205585264495e+02
2.402899251336898487e+02 9.135078787878788376e+01 1.593239928698752124e+02
2.407203802733214388e+02 9.166988472964943924e+01 1.600594319667260947e+02
2.412082899584076188e+02 9.202970409982174260e+01 1.607692026143790827e+02
2.416731265597148024e+02 9.252500059417705813e+01 1.615296019013666182e+02
2.422145264408793821e+02 9.313959833630421770e+01 1.624418110516934064e+02
2.424828425430778509e+02 9.341755436720143280e+01 1.627690695187165772e+02
2.428601925133689861e+02 9.371616399286988042e+01 1.632817064765300188e+02
2.437748781937017100e+02 9.497584789067141742e+01 1.650393820558526556e+02
2.439575187165775390e+02 9.519939156268567615e+01 1.652690005941770721e+02
2.433309281045751504e+02 9.425362329174093645e+01 1.641082162804515860e+02
2.431936351752822247e+02 9.408535710041591926e+01 1.637805680332739087e+02
2.431318027332144993e+02 9.394468449197860593e+01 1.636158906714200896e+02
2.427594343434343500e+02 9.331168152109329128e+01 1.629069423648247152e+02
2.427228520499108697e+02 9.322874866310159803e+01 1.627619489007724383e+02
2.432998597742127060e+02 9.407469518716577284e+01 1.638694379084967352e+02
2.434466642899584201e+02 9.430325371360665088e+01 1.640740344622697648e+02
2.432811218062982732e+02 9.388053713606655037e+01 1.636884658348187713e+02
2.434186286393345142e+02 9.397040998217468655e+01 1.638825145573380837e+02
2.437512156862745201e+02 9.434365300059417336e+01 1.645613832442067803e+02
2.438428900772430268e+02 9.432586571598336889e+01 1.646383980986333881e+02
2.438118122400475443e+02 9.419889245395127375e+01 1.645085632798573840e+02
2.442625692216280413e+02 9.497409387997623753e+01 1.654110421865715921e+02
2.447439334521687329e+02 9.572598930481282764e+01 1.662099774212715317e+02
2.446352608437314302e+02 9.559847890671420600e+01 1.658324040404040431e+02
2.441351396316102296e+02 9.506836838978016146e+01 1.650406464646464713e+02
2.439085490196078467e+02 9.494598217468805501e+01 1.648328651218062930e+02
2.441568484848484957e+02 9.501000118835412422e+01 1.651853119429590038e+02
2.444310112893642213e+02 9.510377658942364576e+01 1.654981818181818198e+02
2.441747736185383246e+02 9.490127153891859280e+01 1.651666595365418857e+02
2.435443612596553749e+02 9.414472727272726615e+01 1.642201687462863902e+02
2.441559215686274626e+02 9.494782650029708293e+01 1.650961188354129661e+02
2.446407272727272755e+02 9.583066904337492531e+01 1.660134284016637025e+02
2.442573024361259684e+02 9.539059298871063675e+01 1.653255139631610291e+02
2.441179037433155088e+02 9.524669756387403652e+01 1.650481901366607360e+02
2.442690433749257295e+02 9.550379560308972771e+01 1.653259465240641646e+02
2.444745953654189066e+02 9.585470707070706453e+01 1.656773048128342225e+02
2.446640475341651779e+02 9.609582412358882664e+01 1.659715270350564538e+02
2.446914509803921476e+02 9.610872964943553143e+01 1.659305288175876285e+02
2.448680736779560334e+02 9.641685561497325807e+01 1.662312964943553197e+02
2.455384622697563941e+02 9.730943315508021385e+01 1.674087462863933524e+02
2.457928413547237199e+02 9.757760665478312490e+01 1.677315412953059877e+02
2.456260011883541381e+02 9.728848960190136097e+01 1.673121711229946413e+02
2.459326488413547338e+02 9.767839334521687533e+01 1.677478978015448661e+02
2.465599191919191924e+02 9.851093048128342389e+01 1.687281235888294759e+02
2.464787118241235930e+02 9.831435294117646606e+01 1.685046654783125462e+02
2.465388425430778341e+02 9.774814022578728157e+01 1.683026310160427670e+02
2.476456280451574514e+02 9.843562210338680529e+01 1.698608484848484750e+02
2.483160689245395076e+02 9.907555080213903409e+01 1.709771170528817663e+02
2.490400617944147257e+02 9.970169934640523479e+01 1.719074747474747369e+02
2.496879286987522164e+02 1.006222697563873965e+02 1.732613048128342257e+02
2.499332382650029842e+02 1.008052572786690462e+02 1.736424432560903028e+02
2.500916173499702779e+02 1.005315983363042136e+02 1.735052026143790727e+02
2.505420225787284494e+02 1.009542388591800375e+02 1.743189827688651121e+02
2.502897492572786575e+02 1.005138300653594712e+02 1.738876530005941845e+02
2.498016256684491907e+02 9.956011408199643142e+01 1.726698942364824632e+02
2.500008366013071850e+02 9.989722638146167810e+01 1.730182816399286878e+02
2.503782911467617396e+02 9.982244087938205723e+01 1.735857017231134876e+02
2.503196339869280962e+02 9.945151277480688634e+01 1.733943767082590739e+02
2.502972406417112268e+02 9.922428045157457177e+01 1.732799334521687342e+02
2.505996577540107069e+02 9.962454664289958828e+01 1.739674771241830058e+02
2.507880689245395160e+02 9.967946761734997096e+01 1.742095781342840155e+02
2.508337017231134780e+02 9.957514913844325122e+01 1.742259298871063606e+02
2.508421723113487758e+02 9.950337730243612100e+01 1.742811503267973876e+02
2.510187284610813947e+02 9.966631966726085068e+01 1.745654284016636950e+02
2.512022055852644087e+02 9.990810695187165891e+01 1.748719952465834808e+02
2.512227023172905547e+02 1.000062745098039159e+02 1.749557694592988639e+02
2.512581960784313821e+02 9.981884254307783522e+01 1.750281117052881825e+02
2.515026452762923270e+02 9.989394177064765756e+01 1.754574070112893764e+02
2.520317100415923903e+02 1.005732715389186041e+02 1.765525228758170044e+02
2.522473963161021970e+02 1.008951301247771823e+02 1.771142911467617296e+02
2.523727629233511607e+02 1.010908520499108789e+02 1.773779584076054618e+02
2.525012762923351204e+02 1.008630730837789713e+02 1.773751016042780861e+02
2.524085418894830752e+02 1.005024266191325069e+02 1.770611051693404647e+02
2.525198431372548953e+02 1.006169174093879946e+02 1.773606274509803882e+02
2.525864289958407483e+02 1.006480713012477679e+02 1.774023339275103979e+02
2.525782863933452234e+02 9.987691027926321397e+01 1.772508995840760520e+02
2.524439786096256739e+02 9.916927866904337918e+01 1.769577468805703973e+02
2.525708758169934640e+02 9.926630540701128780e+01 1.774495258467023291e+02
2.527132358882947187e+02 9.937404159239453350e+01 1.776826191325014861e+02
2.527985264408793853e+02 9.939706714200832494e+01 1.777718217468805619e+02
2.529779013666072558e+02 9.980306595365418332e+01 1.783364325609031482e+02
2.531661699346405214e+02 9.959288888888889346e+01 1.783332192513368852e+02
2.532575733808675125e+02 9.938441830065359284e+01 1.783002352941176412e+02
2.532932857991681601e+02 9.942278312537136742e+01 1.783213927510398094e+02
2.533771455733808580e+02 9.964491978609625278e+01 1.785411574569221500e+02
2.533914771241830124e+02 9.953517290552584029e+01 1.783660320855614998e+02
2.534239762329173971e+02 9.876797147950088629e+01 1.781508924539512861e+02
2.535383244206773554e+02 9.864159714795009393e+01 1.784694949494949583e+02
2.535199857397504388e+02 9.841311942959001158e+01 1.783287462863933399e+02
2.534364539512774854e+02 9.791210932857991622e+01 1.779263505644682084e+02
2.534527153891859825e+02 9.808938799762329097e+01 1.780990089126559610e+02
2.535469851455733874e+02 9.843779916815211095e+01 1.784016351752822231e+02
2.536428805704099716e+02 9.861342840166369683e+01 1.786586714200831807e+02
2.536024812834224633e+02 9.844729649435531371e+01 1.784244230540701039e+02
2.536051431966726000e+02 9.855851218062983321e+01 1.785111776589423584e+02
2.536975448603683958e+02 9.865975519904931446e+01 1.787435579322638262e+02
2.537017754010695114e+02 9.786382887700534638e+01 1.786301271538918627e+02
2.535682804515745659e+02 9.712178728461081789e+01 1.784065264408793894e+02
2.535858110516934119e+02 9.696019964349376608e+01 1.784462840166369517e+02
2.536735163398692805e+02 9.685688413547237019e+01 1.786876577540107007e+02
2.536592418300653549e+02 9.678945692216279895e+01 1.785850742721330846e+02
2.536253071895424966e+02 9.698135234699940099e+01 1.786665335710041518e+02
2.536298989898989760e+02 9.724930718954247766e+01 1.788041877599524696e+02
2.536207724301841893e+02 9.732633155080213783e+01 1.787349732620320992e+02
2.536449483065953530e+02 9.739063576945929412e+01 1.787713368983957309e+02
2.537220059417706466e+02 9.765150326797385105e+01 1.791195721925133739e+02
2.538344907902555008e+02 9.615228045157456904e+01 1.789380439691027789e+02
2.538607153891859696e+02 9.543456209150326686e+01 1.788379750445632794e+02
2.540640760546642980e+02 9.539595008912655771e+01 1.795488009506833009e+02
2.541071990493167050e+02 9.536109328579917133e+01 1.797039857397504363e+02
2.541001925133689952e+02 9.503042186571597938e+01 1.795378110516934100e+02
2.540944646464646439e+02 9.530632917409387517e+01 1.794959429590017805e+02
2.542087272727272591e+02 9.591592156862745355e+01 1.800273986928104648e+02
2.542093357100415858e+02 9.601512061794414876e+01 1.799631942959001663e+02
2.540772762923351138e+02 9.584869399881164043e+01 1.794799667260843705e+02
2.540389922756981491e+02 9.578830184194890762e+01 1.792752038027332162e+02
2.540723612596553664e+02 9.581123707664883682e+01 1.793191919191919226e+02
2.540715959595959532e+02 9.569759714795009131e+01 1.792659013666072383e+02
2.540275603089720846e+02 9.558181818181817846e+01 1.790808270944741594e+02
2.540002709447415441e+02 9.543084967320261569e+01 1.788969269162210480e+02
2.539483018419489042e+02 9.617277243018419597e+01 1.789693784907902625e+02
2.538587664884135506e+02 9.632729174093880431e+01 1.786575828877005279e+02
2.536286393345216936e+02 9.593222103386808897e+01 1.779913012477718439e+02
2.533971289364230586e+02 9.570028758169934235e+01 1.775486298276886430e+02
2.536208057040998085e+02 9.609497326203208445e+01 1.780396577540107046e+02
2.537018752228163976e+02 9.634347712418301057e+01 1.781863957219251233e+02
2.535365133689839467e+02 9.836311824123589531e+01 1.785251622103386921e+02
2.535690172311348647e+02 9.954205585264408285e+01 1.788915175282234031e+02
2.536664670231729133e+02 1.004085086155674418e+02 1.793001877599524789e+02
2.537173143196672527e+02 1.008160000000000025e+02 1.794341105169340551e+02
2.537395603089720737e+02 1.010635626856803384e+02 1.795750730837789604e+02
2.538375139631610296e+02 9.904163042186571886e+01 1.794257159833630340e+02
2.539181651812239977e+02 9.812121687462864372e+01 1.794177682709447481e+02
2.540061651812239916e+02 9.777449316696375092e+01 1.797355531788472831e+02
2.541559595959595867e+02 9.756175401069518216e+01 1.801071134878193618e+02
2.542359358288770181e+02 9.764283778966131422e+01 1.802893879976232938e+02
2.542054046345811003e+02 9.800771954842542755e+01 1.801401402257872917e+02
2.541763232323232273e+02 9.818685204991086835e+01 1.798745906120023790e+02
2.541784765300059519e+02 9.825651336898395982e+01 1.796855995246583575e+02
2.541692501485442790e+02 9.815890671420083891e+01 1.795317171717171618e+02
2.540928199643493883e+02 9.796995840760546059e+01 1.791773404634581084e+02
2.541088912655971512e+02 9.793533927510398485e+01 1.790790873440285225e+02
2.542393392751039869e+02 9.832345098039215259e+01 1.795844896019013675e+02
2.543116577540106960e+02 9.840902673796792044e+01 1.798188568033273782e+02
2.542920784313725449e+02 9.831150564468211428e+01 1.797200998217468850e+02
2.543077694592988678e+02 9.839558407605466073e+01 1.798652121212121244e+02
2.543269447415329694e+02 9.795593107546048373e+01 1.801807534165181153e+02
2.543387950089126548e+02 9.753941770647652731e+01 1.801257563874034417e+02
2.543146191325014911e+02 9.727819845513963060e+01 1.800279643493761057e+02
2.542826856803327473e+02 9.726813547237077273e+01 1.802380510992275617e+02
2.542549494949494999e+02 9.729225906120024092e+01 1.802736874628639328e+02
2.542985478312536998e+02 9.683857872846108705e+01 1.800028092691622135e+02
2.542689673202614244e+02 9.661325252525251983e+01 1.799683517528223433e+02
2.541938205585264541e+02 9.657087581699346401e+01 1.798949827688651339e+02
2.541872703505644608e+02 9.650162804515746018e+01 1.798900629827688533e+02
2.542594319667260834e+02 9.655799881164587362e+01 1.799813571004159201e+02
2.543189162210338736e+02 9.600841354723708321e+01 1.796708401663695724e+02
2.542558906714200759e+02 9.553421746880570709e+01 1.792931004159239592e+02
2.542480855614973336e+02 9.552167795603089928e+01 1.791901699346405223e+02
2.543282614379085089e+02 9.547187165775400786e+01 1.792916458704694094e+02
2.543287653000594162e+02 9.527342602495544099e+01 1.791207082590611890e+02
2.542505002970885357e+02 9.510417587641117620e+01 1.789419750445632928e+02
2.542506333927510411e+02 9.502593464052287686e+01 1.788578490790255557e+02
2.543009245395127778e+02 9.482149970291146701e+01 1.788312061794414660e+02
2.542938371954842580e+02 9.485339037433155340e+01 1.788162329174093941e+02
2.542546928104575272e+02 9.485188354129530808e+01 1.788621841948900908e+02
2.542763256090314883e+02 9.515706714200831584e+01 1.790563565062388705e+02
2.542780178253119345e+02 9.522021152703506175e+01 1.791342364824717777e+02
2.542498918597742090e+02 9.535964349376114058e+01 1.791206036838977980e+02
2.542710493166963772e+02 9.544995365418894551e+01 1.793778633392751090e+02
2.543234747474747337e+02 9.541213547237076398e+01 1.794374569221627951e+02
2.542718526440879430e+02 9.521873321449791661e+01 1.792003992869875333e+02
2.542038169934640450e+02 9.530986571598336354e+01 1.793837480689245467e+02
2.542213523469993959e+02 9.534948068924539655e+01 1.794507332144979159e+02
2.542021770647652943e+02 9.542817349970290763e+01 1.794096114081996518e+02
2.540832560903149044e+02 9.541819132501485967e+01 1.791681378490790166e+02
2.541072418300653624e+02 9.518245513963161386e+01 1.789665026737967821e+02
2.542049435531788504e+02 9.494417587641116540e+01 1.789191301247771833e+02
2.541769982174687925e+02 9.509199286987522726e+01 1.790810932857991702e+02
2.541733143196672700e+02 9.507543672014260494e+01 1.790856993464052209e+02
2.542380558526440950e+02 9.461906120023766675e+01 1.787929934640523015e+02
2.542276125965537688e+02 9.448323707664884807e+01 1.787060772430184272e+02
2.542066405228758299e+02 9.446358169934640614e+01 1.788292620320855519e+02
2.542242234105763430e+02 9.440672133095662844e+01 1.788186904337492535e+02
2.543243874034462237e+02 9.413250148544265983e+01 1.787440903149138478e+02
2.542514699940582261e+02 9.422373856209149778e+01 1.787726298276886610e+02
2.541479595959596054e+02 9.463760903149137960e+01 1.788964753416518079e+02
2.541214735591206306e+02 9.473744028520499683e+01 1.788101532976827173e+02
2.540637908496732109e+02 9.477895662507427232e+01 1.787546619132501462e+02
2.540482661913250126e+02 9.485505407011289947e+01 1.788463980986333866e+02
2.540540368389780213e+02 9.506443731431966171e+01 1.787309423648247275e+02
2.540595650623886002e+02 9.525804396910278626e+01 1.787753487819370264e+02
2.540077005347593513e+02 9.545738799762328597e+01 1.787576327985739795e+02
2.539847985739750413e+02 9.562061081402258367e+01 1.789099893048128251e+02
2.540445918003564998e+02 9.559772311348781670e+01 1.788906761734997133e+02
2.540488175876411105e+02 9.560496732026143718e+01 1.788891740938799728e+02
2.540360641711230016e+02 9.551118241235887751e+01 1.788703980986333875e+02
2.539955745692216169e+02 9.565500178253120112e+01 1.791894664289958428e+02
2.539182697563874171e+02 9.567032204396910799e+01 1.790585715983363002e+02
2.538225549613785006e+02 9.553113725490196373e+01 1.787663838383838311e+02
2.538175876411170577e+02 9.495710041592394646e+01 1.787293404634581009e+02
2.538580629827688711e+02 9.479748068924538984e+01 1.789637219251336830e+02
2.537005395127748102e+02 9.461557694592988810e+01 1.788295805109922867e+02
2.532518882947118186e+02 9.442648603683898045e+01 1.783191633986928082e+02
2.533054830659536663e+02 9.450913368983957241e+01 1.784033368983957359e+02
2.534252549019607841e+02 9.450044919786095932e+01 1.782892216280451692e+02
2.530897397504456308e+02 9.442323469994057916e+01 1.776297373737373846e+02
2.528959904931669769e+02 9.439838383838383606e+01 1.771565157456922179e+02
2.531773166963755273e+02 9.437788235294117101e+01 1.773138633392751160e+02
2.531445704099821796e+02 9.443891622103386396e+01 1.774025668449197894e+02
2.528115983363042290e+02 9.432378371954843033e+01 1.770271467617349970e+02
2.526208722519310754e+02 9.350512180629827697e+01 1.765188021390374331e+02
2.527792180629827783e+02 9.326576351752822802e+01 1.767550754604872338e+02
2.528538514557338033e+02 9.318507902554961220e+01 1.768265288175876435e+02
2.530120974450386200e+02 9.311386809269161802e+01 1.770254260249554363e+02
2.529768603683897936e+02 9.298032560903149601e+01 1.769118383838383863e+02
2.527025121806298387e+02 9.289365656565657048e+01 1.765265407011289369e+02
2.527334188948306632e+02 9.283370647653001129e+01 1.764121021984551305e+02
2.531342602495543588e+02 9.287171479500891280e+01 1.768583576945929963e+02
2.532411408199643574e+02 9.278784076054664354e+01 1.769570433749257177e+02
2.531441806298277015e+02 9.276861319073083223e+01 1.769042376708258928e+02
2.531291788472964868e+02 9.272909803921568539e+01 1.768481045751634042e+02
2.533899037433155002e+02 9.272962091503268311e+01 1.771512489601901450e+02
2.534031467617350017e+02 9.275481402257872787e+01 1.772812026143790831e+02
2.533905169340463317e+02 9.273358526440878791e+01 1.773015710041592286e+02
2.533083161021984608e+02 9.359163874034462083e+01 1.770736304218657153e+02
2.533701010101010240e+02 9.423238978015449163e+01 1.770010172311348811e+02
2.533151705288175890e+02 9.459698633392750367e+01 1.770295092097445036e+02
2.532846631016042807e+02 9.491412953060012114e+01 1.770288770053475957e+02
2.532043446226975618e+02 9.481598098633392624e+01 1.768519073083778892e+02
2.531668116458704674e+02 9.374982293523470389e+01 1.768385597147949966e+02
2.530659156268567926e+02 9.318568270944741982e+01 1.768602780748663008e+02
2.529079976232917488e+02 9.268354604872251912e+01 1.765835008912656008e+02
2.529854545454545587e+02 9.254547355912062301e+01 1.766241758764111580e+02
2.529598621509209693e+02 9.266805466428995430e+01 1.767655329768271031e+02
2.527818276886512194e+02 9.208939275103981004e+01 1.764695710041592349e+02
2.527977849079025532e+02 9.183495187165775064e+01 1.762716767676767802e+02
2.529737136066547691e+02 9.180976351752822495e+01 1.764500154486036934e+02
2.527913677956030938e+02 9.178293048128342946e+01 1.763180273321449931e+02
2.524728651218063078e+02 9.163276054664289916e+01 1.758758597742127279e+02
2.524326607248960102e+02 9.163818894830659190e+01 1.757095092097445104e+02
2.522380986333927524e+02 9.197539156268568661e+01 1.757864052287581558e+02
2.520616518122400578e+02 9.205451693404634739e+01 1.755576280451574576e+02
2.524484087938205619e+02 9.222305407011289446e+01 1.759031063576945826e+02
2.526244373143196640e+02 9.237667498514556996e+01 1.763753630421865637e+02
2.522794058229352459e+02 9.147007011289363732e+01 1.757718502673796763e+02
2.519251527035056313e+02 9.080577064765300577e+01 1.750405323826500421e+02
2.519800261437908375e+02 9.068025193107546045e+01 1.751156506238859265e+02
2.520403469994058128e+02 9.065184076054664786e+01 1.752044491978609528e+02
2.521259037433155186e+02 9.052001901366607228e+01 1.752417349970291127e+02
2.521623244206773506e+02 8.985879500891265081e+01 1.752612620320855683e+02
2.520238478906714192e+02 8.939882590612002389e+01 1.751489435531788388e+02
2.523692881758764202e+02 8.935496613190730386e+01 1.755579702911467734e+02
2.526946785502079535e+02 8.932299465240642178e+01 1.760209530600118910e+02
2.526309304812834284e+02 8.932102673796791237e+01 1.760367201426024906e+02
2.526284159239453402e+02 8.965719786096256883e+01 1.761407724301841995e+02
2.527116102198455110e+02 8.999152465834818315e+01 1.762349756387403374e+02
2.526804468211527137e+02 9.009984551396316022e+01 1.762055757575757582e+02
2.527623291740938782e+02 9.013551515151515048e+01 1.763279239453356979e+02
2.529064670231728940e+02 9.027354486036838921e+01 1.765116102198455224e+02
2.528491693404634475e+02 9.162207011289363834e+01 1.764881521093285812e+02
2.528000047534165162e+02 9.241494474153297745e+01 1.765124278074866311e+02
2.527917005347593715e+02 9.291355436720142791e+01 1.765514533571004279e+02
2.527217349970291025e+02 9.313481639928698996e+01 1.764221319073083691e+02
2.526206773618538364e+02 9.323864527629233123e+01 1.763002020202020219e+02
2.526537088532382711e+02 9.320141651812240013e+01 1.762224646464646582e+02
2.527320071301247708e+02 9.323682471776589864e+01 1.762042780748663233e+02
2.526665050505050374e+02 9.327206179441473921e+01 1.761006963755199024e+02
2.527479976232917522e+02 9.331477599524657762e+01 1.761270968508615624e+02
2.528830089126559812e+02 9.334259298871063493e+01 1.762022483660130661e+02
2.527589399881164525e+02 9.328109328579917303e+01 1.761168770053475896e+02
2.526870112893642215e+02 9.242475103980986262e+01 1.757659084967320382e+02
2.528421057635175373e+02 9.199796078431371882e+01 1.757516102198455030e+02
2.529762756981580480e+02 9.183643018419489579e+01 1.759453642305406902e+02
2.527787902554961477e+02 9.170466547831253479e+01 1.757850267379679110e+02
2.526932667855020895e+02 9.102375282234105214e+01 1.757704860368389745e+02
2.523262079619726705e+02 9.048163042186571658e+01 1.756077623291741077e+02
2.524537040998217492e+02 9.049158882947118343e+01 1.758310207961972651e+02
2.524564753416518101e+02 9.042452762923350917e+01 1.759498371954842639e+02
2.526017730243612505e+02 9.037857159833630760e+01 1.761660891265597115e+02
2.527109637551990602e+02 9.073934640522875839e+01 1.760361877599524689e+02
2.527556173499702936e+02 9.102536898395722176e+01 1.759688318478906695e+02
2.527553464052287495e+02 9.107675341651811607e+01 1.757675721925133701e+02
2.526714676173499754e+02 9.103870231729055718e+01 1.754941604278074863e+02
2.527687843137254902e+02 9.111485204991087983e+01 1.755355294117647134e+02
2.527940392156862686e+02 9.106061081402258139e+01 1.756555769459298801e+02
