2.549943416402869616e+02 9.195907426685646158e+01 1.762667148229195391e+02
2.549941504316358305e+02 9.202472965221271295e+01 1.763730905691644182e+02
2.549936405418994809e+02 9.192308454963280440e+01 1.762444354741620316e+02
2.549936405418994809e+02 9.195234655505747412e+01 1.762638254477469388e+02
2.549935059876634966e+02 9.180187242842069395e+01 1.760103960851799059e+02
2.549924791263889290e+02 9.167086617518961589e+01 1.754436819704405650e+02
2.549887540985928354e+02 9.172366809010884481e+01 1.748759055854171436e+02
2.549883858448943670e+02 9.174031032455897616e+01 1.744271884538301833e+02
2.549746967218339080e+02 9.161700907178823172e+01 1.736961340443462518e+02
2.549742293229089114e+02 9.172829958854731558e+01 1.732643353374832600e+02
2.549829611846438127e+02 9.208683705482022219e+01 1.735040968223954962e+02
2.549771895161004807e+02 9.206845977890614563e+01 1.734885805944464607e+02
2.549290686722329724e+02 9.151279327512092721e+01 1.724363381418768313e+02
2.549269158044572805e+02 9.111206243316549092e+01 1.720069543294595746e+02
2.549611846438207863e+02 9.131274653522842755e+01 1.726652503062879305e+02
2.549612625436415954e+02 9.160158490726379910e+01 1.730683039792644706e+02
2.549549314127486639e+02 9.144672714525484025e+01 1.729753411658062419e+02
2.549519570559533292e+02 9.119126530554434851e+01 1.726823174488516770e+02
2.549724234634260256e+02 9.159399321563378749e+01 1.727381362113776220e+02
2.549805675356037682e+02 9.207604438873427455e+01 1.729468439949860965e+02
2.549801638728958153e+02 9.225380469806736983e+01 1.729500520512439152e+02
2.549714957473779577e+02 9.195852896811064170e+01 1.723511299014921292e+02
2.549615883065287107e+02 9.177035132819194985e+01 1.721444758404328468e+02
2.549663331137974751e+02 9.187691120128604894e+01 1.724580792736904016e+02
2.549713753567457672e+02 9.188085576494083284e+01 1.726100193333191726e+02
2.549614749976984172e+02 9.174705219996175742e+01 1.724891896294093101e+02
2.549561636462781564e+02 9.165075385781157991e+01 1.723492957148016842e+02
2.549705963585374775e+02 9.178148392076880668e+01 1.726348481307583995e+02
2.549771328616853339e+02 9.221321180961284369e+01 1.726962261077708547e+02
2.549690454439227381e+02 9.239172987174856644e+01 1.723905330472285300e+02
2.549737123513706933e+02 9.247542968832989629e+01 1.723383614126778411e+02
2.549834781561820591e+02 9.263597413725948115e+01 1.725238762950845341e+02
2.549726217538790536e+02 9.264109428002861080e+01 1.725134731281027030e+02
2.549662268867690784e+02 9.245511199869694963e+01 1.724222807651178755e+02
2.549832019659081936e+02 9.243898673578505054e+01 1.726475103925442909e+02
2.549864241857698346e+02 9.265320416126679959e+01 1.729072638042023300e+02
2.549822530044544635e+02 9.258535341732350332e+01 1.728977671078629328e+02
2.549736911059650026e+02 9.216750586019107061e+01 1.725482022845892800e+02
2.549783721770167233e+02 9.242488686821474175e+01 1.727720438788445279e+02
2.549815377424631890e+02 9.293937269398826118e+01 1.733708173107565358e+02
2.549819130779635543e+02 9.298375434645591042e+01 1.734806489763255399e+02
2.549737973329933993e+02 9.296665887668459050e+01 1.734167569596408214e+02
2.549849653345797265e+02 9.326152386213148304e+01 1.737406856600593414e+02
2.549912114838499519e+02 9.317118131537388592e+01 1.737277613716033784e+02
2.549905387126700589e+02 9.306672473744220042e+01 1.736182129781101366e+02
2.549890373706685978e+02 9.291672509153228532e+01 1.735423597980270074e+02
2.549833294383422810e+02 9.274409908857209928e+01 1.733220095321053407e+02
2.549809003802927521e+02 9.260936780754495601e+01 1.731674208785683504e+02
2.549917921916052421e+02 9.241830787425553240e+01 1.734322873511936507e+02
2.549914947559256859e+02 9.233302173405000701e+01 1.735807998187058843e+02
2.549874439652425053e+02 9.208389102523246095e+01 1.734291430311528472e+02
2.549914805923219205e+02 9.210893935853037817e+01 1.735749502503416863e+02
2.549946532395702832e+02 9.223620642036159722e+01 1.738370123294170924e+02
2.549854256517028261e+02 9.181674421239739559e+01 1.735219642085732232e+02
2.549761414094202223e+02 9.145698867619877603e+01 1.731165522955660947e+02
2.549838110008710714e+02 9.163185961035925686e+01 1.733328588526064493e+02
2.549830886570779001e+02 9.177057794585253703e+01 1.735335712818769593e+02
2.549590671850545789e+02 9.127331506228445335e+01 1.727741117649974854e+02
2.549608376355279802e+02 9.125187136615039663e+01 1.726045026096439869e+02
2.549817431147181139e+02 9.162702982146777231e+01 1.731924904572719583e+02
2.549809499529060304e+02 9.176892080420942932e+01 1.732155275588320649e+02
2.549692933069890444e+02 9.138421607993937812e+01 1.728232169793282083e+02
2.549732874432570497e+02 9.131016875933912047e+01 1.727256580764409648e+02
2.549825575219358882e+02 9.166285665724787179e+01 1.731853165919536650e+02
2.549761626548258846e+02 9.174103975015403023e+01 1.732949287216639505e+02
2.549547331222956359e+02 9.146722187993512421e+01 1.727980128463886444e+02
2.549568080902504903e+02 9.130919855247969963e+01 1.725173752009461339e+02
2.549662410503728438e+02 9.141252204210839238e+01 1.726750869291182369e+02
2.549754403110327416e+02 9.149240476746903994e+01 1.727768807495379235e+02
2.549694774338382786e+02 9.116807948614444967e+01 1.723263790038737397e+02
2.549703909862825526e+02 9.082470415772588979e+01 1.719825221129264037e+02
2.549675865927326583e+02 9.098014970929203571e+01 1.720768163051406816e+02
2.549772603341194213e+02 9.122145502701707187e+01 1.724155105625075350e+02
2.549787121035076041e+02 9.102766859999857729e+01 1.723731613871833588e+02
2.549762263910429283e+02 9.087816468022123217e+01 1.722423392608015149e+02
2.549817997691332607e+02 9.100632404909104878e+01 1.723867017924040681e+02
2.549824725403131538e+02 9.101185493637001400e+01 1.724055747944507004e+02
2.549762122274391629e+02 9.077330443958160799e+01 1.720830624544109071e+02
2.549721047823408071e+02 9.131529598391014702e+01 1.721921434489791523e+02
2.549823167406715072e+02 9.175273888688238344e+01 1.724838853597909463e+02
2.549832232113138843e+02 9.174261191017441774e+01 1.723140920775882137e+02
2.549731387254173001e+02 9.163629281834469964e+01 1.719199827204033681e+02
2.549776073424121989e+02 9.179013788268287044e+01 1.720787992096709047e+02
2.549855531241369135e+02 9.163894141225293311e+01 1.723889538054062598e+02
2.549791086844136601e+02 9.137062610210541891e+01 1.722721607285757841e+02
2.549670908666001026e+02 9.121174587662085287e+01 1.721406162584007973e+02
2.549744205315600425e+02 9.126403790180373221e+01 1.723262798586472400e+02
2.549800364004617279e+02 9.136974087686870405e+01 1.724707415354762929e+02
2.549373543804485678e+02 9.116244945363898466e+01 1.714750189438200607e+02
2.549233324126990965e+02 9.084651610755840068e+01 1.707807332497680761e+02
2.549518862379343886e+02 9.123042767001635411e+01 1.711762731309354422e+02
2.549635499656532716e+02 9.144288880862846725e+01 1.715941915060868155e+02
2.549370781901747023e+02 9.118367361391432269e+01 1.711407224854291940e+02
2.549362850283626187e+02 9.108271544611811521e+01 1.709935768056824372e+02
2.549537629154362151e+02 9.151431586252806483e+01 1.716226745133031670e+02
2.549397551112905091e+02 9.153211951248876233e+01 1.716232056484451789e+02
2.549309028589234174e+02 9.119580474055818797e+01 1.712459934705786679e+02
2.549557670653721004e+02 9.143808026514265919e+01 1.716527509259456110e+02
2.549607880629147303e+02 9.130365350159694060e+01 1.717833393528649424e+02
2.549642581458426207e+02 9.109223338786320312e+01 1.717001706714256386e+02
2.549693428796022943e+02 9.087223721203622517e+01 1.715668840779848097e+02
2.549781030685447547e+02 9.086594149015274979e+01 1.717568534137826077e+02
2.549774232155629647e+02 9.091884255029849271e+01 1.718171478751053485e+02
2.549823733950866540e+02 9.103979972664244258e+01 1.720687784599913641e+02
2.549808720530851929e+02 9.110755132535922485e+01 1.721056746478573984e+02
2.549708158943961678e+02 9.109481824555439289e+01 1.721151430169892365e+02
2.549639465465592991e+02 9.115534640633963193e+01 1.721088189678982019e+02
2.549809357893022366e+02 9.158591996147499970e+01 1.722963592456464710e+02
2.549822175954449790e+02 9.198249378571884449e+01 1.723812204777383670e+02
2.549779260234974174e+02 9.222229776144241953e+01 1.724808755939861271e+02
2.549791582570269100e+02 9.231647156302449275e+01 1.724605791497588712e+02
2.549837118556445432e+02 9.232637192207185706e+01 1.725267090158419876e+02
2.549815094152556298e+02 9.211631859610359641e+01 1.724112827267769887e+02
2.549850290707967702e+02 9.207055599226667653e+01 1.724929217390072722e+02
2.549965794896853595e+02 9.231784543259186648e+01 1.730602944613227407e+02
2.549944053765040053e+02 9.236680192908283971e+01 1.730763276608100227e+02
2.549769558166379966e+02 9.201691842472398264e+01 1.724255029849794880e+02
2.549823804768885509e+02 9.194008087417762454e+01 1.728859617441061687e+02
2.549863604495527909e+02 9.217641476697330916e+01 1.736906102388691693e+02
2.549816439694915857e+02 9.226866940024220298e+01 1.740063382126948284e+02
2.549666801220902528e+02 9.191372240752937728e+01 1.737618531659195469e+02
2.549805604538018713e+02 9.204323440056087691e+01 1.740243189077028774e+02
2.549933289426161593e+02 9.240617674761166711e+01 1.741149234811305462e+02
2.549842429907865835e+02 9.225595048404116483e+01 1.734130460954485216e+02
2.549837047738426463e+02 9.218258301642269714e+01 1.729692508161776630e+02
2.549977054961864553e+02 9.241308858625988876e+01 1.733228026939174526e+02
2.549977904778091613e+02 9.244856133194529946e+01 1.734677955058885175e+02
2.549902766859999872e+02 9.169837189374464970e+01 1.735628403691035260e+02
2.549951560475047359e+02 9.136707103755479409e+01 1.738307661801468669e+02
2.549971531156387528e+02 9.114393054168702690e+01 1.740331357510605130e+02
2.549796539831594657e+02 9.059154999398046471e+01 1.734787085626066698e+02
2.549737973329933993e+02 9.047244824973266475e+01 1.732092035097410303e+02
2.549903262586132371e+02 9.092514535398386499e+01 1.739191895585912846e+02
2.549920542182752854e+02 9.096185033319878244e+01 1.741818040182143932e+02
2.549804188177639901e+02 9.077389222913878086e+01 1.738869673599750740e+02
2.549881875544413390e+02 9.067169474601116974e+01 1.737351264455728028e+02
2.549996742371128846e+02 9.117174077772348539e+01 1.745571890911923560e+02
2.549986544576402139e+02 9.140655916491391508e+01 1.747281579525094344e+02
2.549869057482985966e+02 9.094610748758914553e+01 1.737426119101744177e+02
2.549820193049919510e+02 9.085592782227510611e+01 1.733330217340500212e+02
2.549884070903000577e+02 9.109901775407735158e+01 1.735749290049360241e+02
2.549895826694144034e+02 9.124265794188673340e+01 1.736946539477504530e+02
2.549737548421820463e+02 9.090040861996926935e+01 1.731482787680497495e+02
2.549692720615833537e+02 9.115592003229301099e+01 1.729670271303830589e+02
2.549890869432818477e+02 9.180729000686935137e+01 1.735048545751981237e+02
2.549899225959053126e+02 9.202841218919742516e+01 1.735346477157648053e+02
2.549730749892002564e+02 9.188521815490733502e+01 1.731424858541007268e+02
2.549680398280538611e+02 9.171026932092601669e+01 1.727549696544788844e+02
2.549825291947283006e+02 9.203221511681432787e+01 1.730271445466584623e+02
2.549787616761208824e+02 9.217400695432945668e+01 1.730119682452003076e+02
2.549481824555439857e+02 9.179896888964428570e+01 1.722655534074089871e+02
2.549508310494522334e+02 9.171852670193403867e+01 1.721382155275588275e+02
2.549560432556459659e+02 9.186291047894226836e+01 1.723389137932255437e+02
2.549515250660377887e+02 9.172812254349996408e+01 1.719142252154638300e+02
2.549459375243436909e+02 9.158732215824994682e+01 1.715829526864815477e+02
2.549622256686991477e+02 9.168229620344600050e+01 1.716047717181159555e+02
2.549434022392657653e+02 9.147865190819152303e+01 1.711049735494699178e+02
2.549050755274171820e+02 9.126085109095157577e+01 1.707717535249668970e+02
2.549189558591288005e+02 9.139296918707995587e+01 1.709574950250341772e+02
2.549403641462533585e+02 9.145901407154036633e+01 1.712124894658196865e+02
2.549047568463319919e+02 9.119222134879998976e+01 1.708391297881832998e+02
2.549079365753822515e+02 9.110855694122813020e+01 1.707746429001395256e+02
2.549287924819591069e+02 9.082152442867563025e+01 1.707111545461627315e+02
2.549236865027937711e+02 9.061547940257919720e+01 1.704062475656305935e+02
2.549138782071710239e+02 9.058772582095788550e+01 1.703502446762554143e+02
2.549408881995935019e+02 9.065709207050642249e+01 1.706525880445020391e+02
2.549401871012060212e+02 9.062610210541970446e+01 1.706647404165515809e+02
2.549238423024354177e+02 9.049669633941660152e+01 1.704125362057121720e+02
2.549086376737697037e+02 9.061458001373870275e+01 1.702994823202815837e+02
2.549142464608694922e+02 9.075506171790350152e+01 1.704501901463808338e+02
2.548998987302329340e+02 9.086747824116368122e+01 1.704544109003094832e+02
2.548710616329218794e+02 9.085584992245426861e+01 1.702318794394045653e+02
2.548905295063275958e+02 9.084120475613815415e+01 1.701733129377438729e+02
2.549102098337901054e+02 9.053204869446982173e+01 1.702545270418605412e+02
2.549107126417245581e+02 9.040686368239535398e+01 1.705029354068849159e+02
2.549044735742562295e+02 8.981969732378706794e+01 1.702057546722188022e+02
2.548855226723887597e+02 8.944627390993363747e+01 1.699232615946801559e+02
2.548813231638658010e+02 8.943043191909750078e+01 1.699117819938105072e+02
2.548755090045111160e+02 8.949821184502184224e+01 1.699254144624558194e+02
2.548559703130864591e+02 8.930273994915266655e+01 1.693310388295197697e+02
2.547680143335670380e+02 8.872643707464926877e+01 1.680668734552819501e+02
2.548269278435205081e+02 8.899356972388054032e+01 1.685235930230087718e+02
2.549281055471754200e+02 8.965503834795725879e+01 1.700377389222913962e+02
2.549181485337129232e+02 8.866867789840446790e+01 1.698575141458992732e+02
2.548833414774055086e+02 8.779665314042505031e+01 1.691971786101255475e+02
2.549030359684718121e+02 8.762697316705262551e+01 1.692895111432152930e+02
2.549479558378833985e+02 8.788361058587747721e+01 1.699713470295382081e+02
2.549233678217085526e+02 8.870459679760918448e+01 1.701359918417642234e+02
2.549071504953720364e+02 8.906569787616761857e+01 1.702154992316245057e+02
2.549401800194041243e+02 8.957028334289375948e+01 1.706963960710163235e+02
2.549385724503742665e+02 8.971621803451670019e+01 1.706631470111255169e+02
2.549105285148753239e+02 8.958463815533224306e+01 1.704136480486094740e+02
2.549213849171783295e+02 8.956710361384349994e+01 1.703031861026719582e+02
2.549490889261863913e+02 9.015594127769870170e+01 1.710321018079840201e+02
2.549437209203509838e+02 9.038551913148781125e+01 1.712434227764912578e+02
2.549368940633254681e+02 9.032489182547607243e+01 1.711751329608305525e+02
2.549538478970589210e+02 9.059031776045097217e+01 1.715079634862294427e+02
2.549609367807545084e+02 9.071405808493912559e+01 1.716920407628516898e+02
2.549533875799358498e+02 9.051378472738603875e+01 1.714978081823139178e+02
2.549475734205811364e+02 9.038727541835744717e+01 1.713303660583398766e+02
2.549578066243174987e+02 9.040759310799039383e+01 1.714402260511164400e+02
2.549701218778105840e+02 9.045870247225704475e+01 1.716131848987656383e+02
2.549683514273371827e+02 9.040915110440700175e+01 1.715881648926752803e+02
2.549555758567209978e+02 9.081329537487518166e+01 1.716944769027031157e+02
2.549666942856940466e+02 9.117923332412699722e+01 1.719401587739984620e+02
2.549650300622490420e+02 9.125706940874036377e+01 1.718049671758482191e+02
2.549433455848506185e+02 9.109236086029729051e+01 1.715269214698988094e+02
2.549494146890734783e+02 9.081587315076447453e+01 1.718624005892059188e+02
2.549723597272089819e+02 9.062916144383777350e+01 1.722781731783834971e+02
2.549586493587428322e+02 9.024156734439510785e+01 1.719951843747122950e+02
2.549506044317916178e+02 9.012116254859886055e+01 1.718659131629451906e+02
2.549590246942431975e+02 9.018887165650427562e+01 1.720010126976708023e+02
2.549391885671390128e+02 8.996291260348283458e+01 1.718658989993413968e+02
2.549010176549321329e+02 8.967276409809711879e+01 1.708221901180536406e+02
2.549283675738454917e+02 8.987822841643827587e+01 1.710376681042724556e+02
2.549710283484529896e+02 9.048597449134958026e+01 1.719915726557465234e+02
2.549558591287967317e+02 9.046278867194969564e+01 1.718485627483056817e+02
2.549244017647850455e+02 9.002159241397380640e+01 1.710177611591493303e+02
2.549471980850807711e+02 9.061504033086178822e+01 1.715144645803678429e+02
2.549673883022796304e+02 9.114848414030466017e+01 1.721961305034452892e+02
2.549554271388812197e+02 9.130755557444035730e+01 1.721513735154772746e+02
2.549416530341980263e+02 9.118475004780216864e+01 1.719394364302052907e+02
2.549494925888943158e+02 9.113244385901548128e+01 1.718043014864702229e+02
2.549488481449219819e+02 9.080271516284604161e+01 1.715762391382863541e+02
2.549456754976736192e+02 9.069370498629670863e+01 1.714789068530596978e+02
2.549475450933735488e+02 9.058751336690107792e+01 1.713867655286211118e+02
2.549534938069642465e+02 9.036517311464729119e+01 1.712656808798430745e+02
2.549489968627617600e+02 9.023289921887725029e+01 1.711418414101283929e+02
2.549409660994143394e+02 9.032354628311627209e+01 1.712004504026004383e+02
2.549531043078600874e+02 9.039432181124165311e+01 1.713095951333857272e+02
2.549543436231914768e+02 9.045512616230072922e+01 1.713104024588016046e+02
2.549286933367326071e+02 9.030870990814902655e+01 1.710085548166875640e+02
2.549298547522431591e+02 9.021095271480875510e+01 1.708189749799938966e+02
2.549672891570531306e+02 9.050069755748653222e+01 1.710325975341165758e+02
2.549513692663961422e+02 9.052755883206923215e+01 1.708141522729043231e+02
2.549217531708767979e+02 9.028441224585183988e+01 1.700695149673883009e+02
2.549287075003363725e+02 9.028973776087588021e+01 1.699355201937580944e+02
2.549423045599722286e+02 9.039692791433851937e+01 1.700599616166337285e+02
2.549086872463829820e+02 8.988452413832175125e+01 1.692264406155502172e+02
2.549074691764572549e+02 8.968673649323334018e+01 1.690502807934450971e+02
2.549536920974172745e+02 9.004363098146691868e+01 1.697576890664060443e+02
2.549611563166131987e+02 9.021853732463688402e+01 1.700516688266162362e+02
2.549401446103946682e+02 8.994384131098316004e+01 1.695840857747845405e+02
2.549429135949351064e+02 8.948545043800945109e+01 1.697349989731387154e+02
2.549578845241383078e+02 8.952481817473638159e+01 1.703621350216349128e+02
2.549483240915818669e+02 8.939896747328390347e+01 1.703706685929167861e+02
2.549109392593851453e+02 8.894623496002323293e+01 1.698508997429305794e+02
2.549237006663975649e+02 8.900435530816460528e+01 1.699688896442810915e+02
2.549490322717712161e+02 8.943090639982436585e+01 1.702249251099449623e+02
2.549050967728228727e+02 8.931318560694583653e+01 1.696207907539994437e+02
2.548892193729772657e+02 8.912538330252749574e+01 1.690402883709731157e+02
2.549175536623538392e+02 8.911711883971757686e+01 1.690945420552805558e+02
2.548856501448228471e+02 8.896212652347263372e+01 1.688282804676821911e+02
2.548705304977798676e+02 8.857698272748518775e+01 1.685237559044523152e+02
2.549173624537027081e+02 8.869187788140814632e+01 1.690114796008696487e+02
2.549504911229613242e+02 8.886226603496993448e+01 1.695527842104145009e+02
2.549298759976488498e+02 8.865093798466081410e+01 1.692402855382523512e+02
2.549285304552890352e+02 8.858520469948373943e+01 1.691520604502609615e+02
2.549535787885869809e+02 8.928699710354302965e+01 1.696460444595522858e+02
2.549481895373458826e+02 8.953211243068686542e+01 1.697112820185968189e+02
2.549196711211200466e+02 8.965382027803154585e+01 1.692695829526864770e+02
2.549298122614318061e+02 8.972795258025452370e+01 1.692256757809456928e+02
2.549502999143101931e+02 8.984929217390072154e+01 1.693841452619204517e+02
2.549390044402897786e+02 8.941539725367722724e+01 1.691894523642595516e+02
2.549454488800130321e+02 8.907304170473135230e+01 1.692556672119654024e+02
2.549753694930138010e+02 8.914080746705191416e+01 1.697208212057475976e+02
2.549801072184806685e+02 8.915368926469651001e+01 1.698673790959371672e+02
2.549588122401864041e+02 8.899548181039183703e+01 1.695502418435346783e+02
2.549606605904806429e+02 8.937648275227148531e+01 1.696275326294022250e+02
2.549823663132847571e+02 8.991388528897292076e+01 1.701899764175996950e+02
2.549663260319955782e+02 8.993231921930215833e+01 1.698916838400362508e+02
2.549391389945257629e+02 8.978947927510675697e+01 1.695029920613000911e+02
2.549608942899431270e+02 9.008478333227105850e+01 1.698868823783523396e+02
2.549697111333007626e+02 8.948758914218133498e+01 1.703138725417295234e+02
2.549529485082184408e+02 8.883474615281112108e+01 1.700527381787021852e+02
2.549539328786816554e+02 8.881495959832020048e+01 1.702260157074366020e+02
2.549763609452789126e+02 8.893763057072241907e+01 1.707448780867804032e+02
2.549786412854886919e+02 8.874277479161797544e+01 1.705262557805207848e+02
2.549678132103932455e+02 8.862894898978096592e+01 1.702376369443441320e+02
2.549786342036867950e+02 8.897809598674287201e+01 1.705592074047320637e+02
2.549906803487079117e+02 8.917198155898786638e+01 1.709527218905578252e+02
2.549922879177377979e+02 8.916796617731415608e+01 1.708812027732336105e+02
2.549850644798062547e+02 8.908908198602051698e+01 1.707190224280666087e+02
2.549817643601237762e+02 8.942609785633857200e+01 1.709948373664195174e+02
2.549838605734843213e+02 8.954908042802411217e+01 1.712135021634904888e+02
2.549723597272089819e+02 8.944831346887902157e+01 1.711016521843818055e+02
2.549622894049161914e+02 8.955106333255433526e+01 1.711344267635457186e+02
2.549693641250079565e+02 8.941383217545872242e+01 1.715120638495258731e+02
2.549711133300756956e+02 8.914276912617646076e+01 1.715133952282818939e+02
2.549443087099081424e+02 8.868622660349699061e+01 1.710603227885302999e+02
2.549341958968039705e+02 8.875540164439439650e+01 1.711144277549979904e+02
2.549475663387792395e+02 8.893048503261169913e+01 1.713696629770478808e+02
2.549435013844922651e+02 8.878780088805795856e+01 1.713807601606152673e+02
2.549374322802694053e+02 8.850492539321705010e+01 1.709876989101106801e+02
2.549388982132613819e+02 8.858752044870297482e+01 1.710315423456344206e+02
2.549479841650909577e+02 8.878700772624586079e+01 1.711533776654131884e+02
2.549531397168695719e+02 8.885737959166330313e+01 1.712887321450069749e+02
2.549427932043029159e+02 8.884770585027654022e+01 1.712673451032880791e+02
2.549322059104718505e+02 8.860341201215237561e+01 1.707668741634621483e+02
2.549441316648608051e+02 8.854299716019744437e+01 1.705934195896803942e+02
2.549518366653211103e+02 8.892294999539683431e+01 1.709891294340932006e+02
2.549562344642970970e+02 8.899964590990531121e+01 1.712073622412486600e+02
2.549533309255207030e+02 8.889706600947545212e+01 1.711100370378239006e+02
2.549562698733065531e+02 8.927452605040826938e+01 1.709059111800406470e+02
2.549487489996954821e+02 8.965442223119249832e+01 1.708517637227616319e+02
2.549534088253415121e+02 8.995605741924975973e+01 1.710087531071405920e+02
2.549560361738440690e+02 9.008086001402196530e+01 1.710691254682841418e+02
2.549483949096008075e+02 9.005046492029431704e+01 1.709638332377290055e+02
2.549535575431812902e+02 9.014019843208906480e+01 1.710970348495471285e+02
2.549660073509103597e+02 9.034953649606606518e+01 1.712620833244810683e+02
2.549599170012818092e+02 9.031982125532020689e+01 1.711502687543818695e+02
2.549324821007457160e+02 9.013795350088877001e+01 1.707120964258145932e+02
2.549552288484281917e+02 9.009148979866436946e+01 1.709443441189176269e+02
2.549780534959315048e+02 9.017109633375116573e+01 1.714035989717223742e+02
2.549401304467908744e+02 8.997284837153965498e+01 1.710063594581005191e+02
2.549048772369641824e+02 8.970940534109499254e+01 1.705507163242615434e+02
2.549385441231667073e+02 8.988207383486654578e+01 1.708195344423434960e+02
2.549551934394187356e+02 8.965624933608107483e+01 1.706094457073657793e+02
2.549392877123655410e+02 8.941401630230795661e+01 1.702926767086617588e+02
2.549480337377042076e+02 8.927329381687876264e+01 1.702702203148569140e+02
2.549685497177901823e+02 8.935803465833846815e+01 1.705122833853845634e+02
2.549771399434872308e+02 8.950900451110780409e+01 1.708208729029014137e+02
2.549770691254682902e+02 8.949865799854114812e+01 1.709025827331506093e+02
2.549521695100101226e+02 8.967378387756980374e+01 1.706465472674867385e+02
2.549188496321004038e+02 8.956830043836353639e+01 1.701746301528960998e+02
2.549247204458702356e+02 8.974201703881536218e+01 1.703665469842146649e+02
2.549465394775046434e+02 8.990037321095979905e+01 1.706160884375420608e+02
2.549353573123145509e+02 8.969117678302066565e+01 1.702531531722931675e+02
2.549371985808068928e+02 8.944510541262118863e+01 1.703119958642276970e+02
2.549659011238819630e+02 8.953233196654556991e+01 1.709702281048390091e+02
2.549634083296153904e+02 8.947017499132479657e+01 1.711692763106644861e+02
2.549358742838527974e+02 8.907544243557330788e+01 1.707214585679180345e+02
2.549447336180217576e+02 8.927364790697345143e+01 1.709738964782199275e+02
2.549699023419518937e+02 8.954971070839263803e+01 1.718134157655073864e+02
2.549241397381149739e+02 8.941826538344416520e+01 1.713324835171060840e+02
2.548791490506844468e+02 8.908809053375540543e+01 1.707672211717549544e+02
2.549176811347879266e+02 8.936852988874488801e+01 1.711588306528713304e+02
2.549502503416969432e+02 8.904564929500662629e+01 1.711889212291175397e+02
2.549227941957551593e+02 8.844312958989284823e+01 1.706483389633658305e+02
2.549322838102926880e+02 8.832387912780528438e+01 1.706494153972536765e+02
2.549847316351172424e+02 8.867770011401701424e+01 1.715958911385413046e+02
2.549921958543131666e+02 8.875606025197050997e+01 1.717265928742909296e+02
2.549723597272089819e+02 8.956165062638537222e+01 1.716260171237969701e+02
2.549788112487341323e+02 9.019354564575409938e+01 1.717074011911590787e+02
2.549890232070648040e+02 9.070405149886336460e+01 1.721567627667183729e+02
2.549867924394683030e+02 9.081170905125100035e+01 1.720830836998165694e+02
2.549668288399300309e+02 9.048895592994681181e+01 1.714636668153844994e+02
2.549684930633750355e+02 9.046623750947190956e+01 1.713679066901782448e+02
2.549775931788084051e+02 9.061671163610868973e+01 1.715925414462455763e+02
2.549690383621208696e+02 9.072649372906442977e+01 1.716271289666942721e+02
2.549577074790909705e+02 9.037965539951984795e+01 1.712973436161096856e+02
2.549655399519853916e+02 9.043660725034878567e+01 1.714721224868455636e+02
2.549693641250079565e+02 9.055586479423824642e+01 1.716753843647977931e+02
2.549608588809336709e+02 9.016472979384874975e+01 1.712481746655619190e+02
2.549550801305884136e+02 8.967731061491285516e+01 1.706781321039325121e+02
2.549713045387268266e+02 8.970652304772426078e+01 1.708443703215846199e+02
2.549674945293080270e+02 8.978974838357871135e+01 1.708269207617186112e+02
2.548975475720042141e+02 8.936129228720955098e+01 1.700002053722549249e+02
2.548957204671156660e+02 8.936723391899835178e+01 1.699162931016167875e+02
2.549288632999780475e+02 8.967176556403011034e+01 1.704243557330727299e+02
2.549023207064805661e+02 8.960375902044516749e+01 1.702545270418605412e+02
2.548951397593603758e+02 8.956926356342107454e+01 1.701699774090519668e+02
2.549534017435396152e+02 8.923254512878256151e+01 1.703426742300310934e+02
2.549554129752774259e+02 8.892020933806398375e+01 1.705798083664407443e+02
2.549295785619692936e+02 8.848848853102182943e+01 1.700060195316096099e+02
2.549251382721819823e+02 8.824090873681899438e+01 1.697330868866274329e+02
2.549309949223480487e+02 8.828516291685257045e+01 1.699283959010530509e+02
2.549293873533181909e+02 8.867519315614664777e+01 1.701155041888858079e+02
2.549368798997216743e+02 8.893270871840631742e+01 1.701183864822565397e+02
2.549401304467908744e+02 8.888026089358176307e+01 1.699828407940116222e+02
2.548765429475875806e+02 8.852797665838096464e+01 1.691660045181895953e+02
2.548275652056909450e+02 8.815185507800605080e+01 1.684868738801900747e+02
2.548544902164906887e+02 8.840549689462986294e+01 1.682640662290113198e+02
2.548911172958847544e+02 8.885186994979002861e+01 1.685529116828485883e+02
2.548695744545242121e+02 8.894811163752504513e+01 1.685183595714093485e+02
2.548650491831141380e+02 8.876477086829973473e+01 1.682865651136275176e+02
2.548734482001600554e+02 8.884975249102382122e+01 1.682545128782567474e+02
2.548414242919968444e+02 8.888011217574199918e+01 1.682414469537629031e+02
2.548094499564469118e+02 8.739259385157959059e+01 1.680480146168391116e+02
2.548392147698060342e+02 8.703759728625351499e+01 1.684460402104711534e+02
2.548684201208155287e+02 8.709646830539561790e+01 1.691985099888815682e+02
2.548786320791462288e+02 8.700299560220102535e+01 1.694871571522658087e+02
2.548869107055599272e+02 8.697616973662778150e+01 1.694482780598695513e+02
2.548861741981629905e+02 8.710677940895281779e+01 1.694527041860530971e+02
2.549031705227077964e+02 8.735073332058608742e+01 1.696943281848633660e+02
2.549177236255993080e+02 8.731148597449134741e+01 1.696439340825879754e+02
2.549323617101135255e+02 8.731537388373097031e+01 1.697379733299340785e+02
2.549237431572089179e+02 8.745788098323737358e+01 1.697678018795102162e+02
2.549161302201732155e+02 8.730967303320656470e+01 1.696508388394343001e+02
2.549093741811666689e+02 8.706249690171166833e+01 1.694288880862846725e+02
2.548929514825752278e+02 8.710035621463525501e+01 1.694228119002599158e+02
2.549031492773021057e+02 8.722327505010375148e+01 1.696562918268924420e+02
2.549151316861062071e+02 8.717624480372785456e+01 1.697606280141919228e+02
2.549118740572351101e+02 8.696415191881422402e+01 1.695419419717152891e+02
2.548960037391914000e+02 8.686003526737343350e+01 1.693167760805059174e+02
2.549064069061732027e+02 8.692337490351044949e+01 1.693537714135984800e+02
2.549101390157711648e+02 8.695237488226504752e+01 1.692686552366384092e+02
2.548199310232495520e+02 8.687640131154971357e+01 1.688048821942254847e+02
2.547997478878525897e+02 8.680010197794726423e+01 1.684786094173801700e+02
2.548481590855977288e+02 8.705173256283329408e+01 1.688749212149539289e+02
2.548473163511723953e+02 8.706423902497751044e+01 1.688546530979342322e+02
2.547923332412699153e+02 8.679875643558746390e+01 1.684516419157690450e+02
2.548225512899502121e+02 8.655718909119235605e+01 1.682098337901095420e+02
2.548670462512481549e+02 8.664666057631703211e+01 1.685062780173787473e+02
2.548582860623056945e+02 8.655007896209112062e+01 1.683714830001345604e+02
2.548682855665795728e+02 8.649486215272614231e+01 1.683440551814003641e+02
2.548734411183581585e+02 8.646374471520533689e+01 1.684494323935782347e+02
2.548619190266771568e+02 8.647419745480040376e+01 1.686360095462689515e+02
2.548793048503261218e+02 8.642443363289355318e+01 1.688731153554710431e+02
2.549059395072482346e+02 8.633047228536828754e+01 1.689763255362694565e+02
2.548805795746669673e+02 8.620972048127926257e+01 1.689522544916328570e+02
2.548656794634826781e+02 8.626934217142209604e+01 1.689344579234740422e+02
2.548599715311563898e+02 8.615983626874022150e+01 1.688970164368622022e+02
2.548539307541410892e+02 8.628757781129830562e+01 1.687998399512771925e+02
2.547894863569086397e+02 8.644780357914267199e+01 1.685924493828209734e+02
2.548142301727251606e+02 8.668651695737463569e+01 1.687624055464672495e+02
2.548591146331272626e+02 8.673142266318241411e+01 1.689637411743044026e+02
2.548444411396035605e+02 8.620979129929818896e+01 1.686425177222092486e+02
2.548539944903581329e+02 8.599379634154114171e+01 1.684719737690057855e+02
2.548535695822445177e+02 8.584063821198665778e+01 1.683252459155707470e+02
2.548718618765358599e+02 8.561217928289674717e+01 1.682280977571933533e+02
2.548367078119356677e+02 8.562091114463163422e+01 1.682089131558633710e+02
2.548492638466931623e+02 8.580385533295091705e+01 1.685542076525951245e+02
2.548972005637114364e+02 8.610417330585593731e+01 1.692363055655881112e+02
2.548726621201498403e+02 8.609489614537523039e+01 1.691665923077467824e+02
2.548590721423158811e+02 8.595162421126431695e+01 1.690547069196286429e+02
2.548570963195875549e+02 8.591598150233345166e+01 1.689791228480174539e+02
2.548629883787631059e+02 8.606826857025501454e+01 1.688945944606145702e+02
2.548684272026174256e+02 8.630591967820292609e+01 1.689286437641193288e+02
2.548583568803246351e+02 8.648171124660959208e+01 1.688893185182037655e+02
2.548439666588766954e+02 8.640175062142812124e+01 1.685879736840241492e+02
2.548323737491767531e+02 8.640258627405157199e+01 1.684858257735098164e+02
2.548355534782270126e+02 8.640626881103628421e+01 1.685081192858710892e+02
2.548734057093486740e+02 8.669101390157712217e+01 1.686418874418407086e+02
2.549038149666801303e+02 8.703991303547275038e+01 1.690818018936738270e+02
2.548744396524251670e+02 8.702279632029573975e+01 1.689676078381383491e+02
2.548579248904091230e+02 8.697637510888270640e+01 1.688382799719560694e+02
2.548755656589262628e+02 8.678214961014680284e+01 1.688837026493020801e+02
2.548748928877463698e+02 8.672539604977090733e+01 1.689167534187398587e+02
2.548483290488431976e+02 8.660167697068841619e+01 1.688297676460798584e+02
2.548405319849582611e+02 8.646346852493148560e+01 1.687595728257097676e+02
2.548796943494302809e+02 8.645504118067800903e+01 1.688640718944528203e+02
2.548796589404207964e+02 8.645442506391326276e+01 1.689268379046364430e+02
2.548857917808607283e+02 8.619666163858731522e+01 1.689327582910195531e+02
2.548889856735147816e+02 8.573287443257062534e+01 1.686296713335741231e+02
2.548826828698294094e+02 8.527922128506376964e+01 1.682684640279872781e+02
2.548786179155424350e+02 8.530151479742505671e+01 1.683415340599262038e+02
2.549171924904572677e+02 8.580986070095674734e+01 1.690081369903758173e+02
2.549036308398308961e+02 8.578816914175642694e+01 1.690059274681850070e+02
2.548648508926611385e+02 8.563616534591061225e+01 1.686304644953862066e+02
2.548243571494330979e+02 8.556450459254853058e+01 1.683671276919699551e+02
2.548209153937127667e+02 8.540709030005594116e+01 1.682086794564008869e+02
2.548652262281615037e+02 8.599307399774798455e+01 1.683522842352008126e+02
2.548891768821658843e+02 8.662182469707592247e+01 1.686400036825369853e+02
2.548640860580566141e+02 8.662489111729588842e+01 1.683461230675533216e+02
2.548434213601308613e+02 8.653879765167448568e+01 1.679739956234464273e+02
2.549015133810646887e+02 8.680581699207546365e+01 1.683096659514046678e+02
2.548919387849044256e+02 8.682173688273243783e+01 1.683569157336392550e+02
2.548495400369669994e+02 8.599815164970574699e+01 1.679301805151302744e+02
2.549006281558279738e+02 8.609796256559519634e+01 1.684310480358622328e+02
2.549529555900203377e+02 8.641536184466775694e+01 1.691764855849922355e+02
2.548916059402154417e+02 8.597813139575234231e+01 1.686918991268138370e+02
2.548298880367120489e+02 8.613185606945830841e+01 1.684849193028674108e+02
2.548830086327164963e+02 8.674898553187873063e+01 1.692050677374351153e+02
2.549096007988272561e+02 8.705334013186315190e+01 1.696125192093876421e+02
2.548552550510952130e+02 8.692748943041067378e+01 1.693134263882102175e+02
2.548561331945300026e+02 8.693514485825772908e+01 1.692476576940236725e+02
2.549178581798352639e+02 8.706043609736060773e+01 1.695364040026344412e+02
2.549084535469204695e+02 8.694473361802177180e+01 1.695130057291777348e+02
2.548766208474084181e+02 8.650275128003569591e+01 1.689325458369627597e+02
2.548841204756138268e+02 8.655694122812607816e+01 1.690261955852047038e+02
2.549097211894594466e+02 8.668203417677594302e+01 1.691782418718618715e+02
2.549106347419037206e+02 8.675844681920868595e+01 1.692276870126835036e+02
2.549120865112919319e+02 8.684835737605075678e+01 1.694290226405206568e+02
2.549591875756867694e+02 8.702687543818649374e+01 1.698463815533224306e+02
2.549711487390851801e+02 8.724706990446648547e+01 1.703011394619246914e+02
2.549427011408782846e+02 8.702475089761838944e+01 1.698956496490967254e+02
2.548892052093734719e+02 8.677003972890862826e+01 1.692342022704256976e+02
2.549130992089627341e+02 8.686346994129186783e+01 1.693830829916363996e+02
2.549287216639401663e+02 8.735249668925762023e+01 1.698055266381978186e+02
2.548823358615366033e+02 8.717426898099952837e+01 1.694064316924798277e+02
2.548731790916880868e+02 8.683437789911265270e+01 1.690161889991289286e+02
2.549162081199940530e+02 8.670227396658805219e+01 1.691695383373345578e+02
2.549149546410588698e+02 8.669560999100610843e+01 1.693583179304142163e+02
2.548988506235526472e+02 8.635957140934939957e+01 1.690412869050401241e+02
2.549190479225534034e+02 8.624466917362454410e+01 1.691110709809003936e+02
2.549541949053517271e+02 8.642563753921547232e+01 1.694135489033829742e+02
2.549409660994143394e+02 8.684930633750451534e+01 1.697028051017300925e+02
2.549442591372948925e+02 8.693872825001592730e+01 1.696897816680476296e+02
2.549412493714900734e+02 8.689671900118266024e+01 1.695632298682076566e+02
2.549224046966510286e+02 8.707294255950483830e+01 1.695671248592491906e+02
2.549418300792453635e+02 8.727430651454956489e+01 1.698447527388868821e+02
2.549555121205039541e+02 8.740643169247982769e+01 1.701344904997627623e+02
2.549480762285155890e+02 8.760725034877874862e+01 1.702030919147067891e+02
2.549488127359125258e+02 8.762787963769501687e+01 1.702702982146777515e+02
2.549476513204019739e+02 8.754002280340209552e+01 1.701285347043701677e+02
2.549352440034842573e+02 8.755038347957254530e+01 1.699968344345535343e+02
2.549198269207617216e+02 8.767607129958146572e+01 1.701210279943628905e+02
2.549155565942198223e+02 8.757936929472334953e+01 1.701123102962317830e+02
2.549208183730268331e+02 8.763110893935852630e+01 1.700110830199635927e+02
2.549165197192773746e+02 8.770949740451960963e+01 1.701728951114321546e+02
2.549261368062489908e+02 8.795116389414123148e+01 1.704376766024347205e+02
2.549306691594609333e+02 8.792416098352065035e+01 1.704847210124144112e+02
2.549150962770967510e+02 8.796403152818203353e+01 1.697862712188489240e+02
2.549198410843655154e+02 8.806633523833804134e+01 1.695918474296599925e+02
2.549377863703640799e+02 8.822641228834264382e+01 1.697579581748780129e+02
2.549247912638891762e+02 8.821367212673592917e+01 1.696030862492652602e+02
2.548861175437478437e+02 8.771788933976361591e+01 1.694180954201987106e+02
2.548810682189976546e+02 8.751465578901895981e+01 1.694802878044289685e+02
2.549089492730530253e+02 8.760441762802126675e+01 1.697905769544002794e+02
2.548980999525519167e+02 8.764314092077587759e+01 1.700085973074989170e+02
2.548890706551374876e+02 8.764335337483269939e+01 1.700312449099548928e+02
2.548944599063785859e+02 8.728149454347163783e+01 1.698729453922256027e+02
2.549220647701601195e+02 8.710239577358062490e+01 1.699758864645520475e+02
2.549234952941426400e+02 8.718880792028723192e+01 1.701664010990956513e+02
2.549224967600756315e+02 8.687548775910542531e+01 1.700107218480670213e+02
2.549178227708258078e+02 8.668566005934549423e+01 1.698611754374783231e+02
2.549228083593589531e+02 8.673129519074834093e+01 1.699406332547253271e+02
2.549153937127762788e+02 8.693588844745657696e+01 1.694796221150509439e+02
2.548892831091943094e+02 8.687865332455190526e+01 1.688327420028752215e+02
2.548891414731564282e+02 8.693154022109385437e+01 1.687838917334126450e+02
2.549023490336881252e+02 8.710925803961559666e+01 1.689982153859228049e+02
2.549096503714405060e+02 8.697886790314927907e+01 1.690929061590431104e+02
2.549374039530618177e+02 8.702077800675603214e+01 1.693113018476421132e+02
2.549475380115716519e+02 8.720309899650867180e+01 1.696346994129186214e+02
2.549394364302052907e+02 8.710734595310431416e+01 1.696097289794415417e+02
2.549191329041761378e+02 8.700845567146104997e+01 1.694706848810611461e+02
2.549322554830851288e+02 8.722443646561431763e+01 1.697313235179559001e+02
2.549489614537523039e+02 8.753939252303355545e+01 1.701413456839958371e+02
2.549525519273123848e+02 8.767546226461861636e+01 1.703477377183850763e+02
2.549500662148477090e+02 8.766428718123039232e+01 1.704095901761244249e+02
2.549509868490938800e+02 8.758760543032569501e+01 1.704071965270843521e+02
2.549545560772482986e+02 8.756814463872187559e+01 1.703717025359932506e+02
2.549595629111871347e+02 8.765633431770379502e+01 1.704447513225265141e+02
2.549607455721033773e+02 8.751165310501603756e+01 1.703088798713944811e+02
2.549710000212454020e+02 8.745448171832840956e+01 1.702633509670200453e+02
2.549719489826991605e+02 8.754797566692869282e+01 1.704022675929663535e+02
2.549573675526000898e+02 8.743795279270857179e+01 1.703346434666836728e+02
2.549613191980567422e+02 8.748550001062270098e+01 1.702502708789224357e+02
2.549647609537770734e+02 8.758631654238104147e+01 1.704168206958578651e+02
2.549291607356575753e+02 8.750480500258485961e+01 1.699073417040231675e+02
2.549143385242941235e+02 8.725378345266169333e+01 1.696165345910613382e+02
2.549326733093968471e+02 8.759538124880494081e+01 1.700064444397232535e+02
2.549212999355555951e+02 8.767396092261715523e+01 1.698957487943232252e+02
2.548625068162343155e+02 8.732243444021897005e+01 1.689741868320975584e+02
2.548894176634302937e+02 8.742441238748787669e+01 1.690233628644472219e+02
2.549360938197114876e+02 8.768452697104251570e+01 1.695586196151748766e+02
2.549118740572351101e+02 8.763088232169793912e+01 1.693937552670901709e+02
2.549041194841615550e+02 8.710736011670809376e+01 1.689452293441543134e+02
2.549450593809088730e+02 8.707769444857549956e+01 1.691918460132996245e+02
2.549355131119561975e+02 8.707767320316980886e+01 1.692197908035720673e+02
2.548925832288767594e+02 8.662568427910797197e+01 1.686759650725530548e+02
2.549145226511433577e+02 8.671269837897554567e+01 1.688329898659414994e+02
2.549579411785534830e+02 8.723792021641986594e+01 1.694610677940895300e+02
2.549053658812948413e+02 8.725640371936235340e+01 1.692136296359245762e+02
2.548346965801978570e+02 8.681859964449354550e+01 1.683536651865700833e+02
2.548910818868752983e+02 8.706295721883475380e+01 1.687272160728575727e+02
2.549356122571827257e+02 8.678558428406523717e+01 1.688972855453341424e+02
2.549268166592307807e+02 8.637246028879587811e+01 1.685982847875813491e+02
2.549215761258294606e+02 8.617018278130687747e+01 1.685040684951879086e+02
2.549586635223466260e+02 8.639704830497070986e+01 1.690319176811347859e+02
2.549389548676765287e+02 8.632122345209515402e+01 1.687693740395306179e+02
2.549096928622518590e+02 8.663424617759743285e+01 1.688710687147237763e+02
2.549266466959853403e+02 8.702836969838605796e+01 1.693928912872591184e+02
2.549328999270574343e+02 8.745603263294312057e+01 1.697608475500506415e+02
2.549078303483538264e+02 8.748090392119371472e+01 1.696835284369755072e+02
2.548996367035628623e+02 8.737556919982719705e+01 1.695285077935229765e+02
2.549237573208127117e+02 8.711197745154277072e+01 1.694663791455097908e+02
2.549285021280814760e+02 8.699743638771448673e+01 1.695289539470422824e+02
2.548916201038192071e+02 8.671141657283278903e+01 1.691872003512573599e+02
2.548921795661688066e+02 8.657243621066943717e+01 1.690358268357800853e+02
2.549318589021790729e+02 8.676929613970979460e+01 1.694438306882803147e+02
2.549010813911491766e+02 8.696881174446025398e+01 1.695172548103139434e+02
2.548732499097070274e+02 8.683857740763559718e+01 1.690760231433285981e+02
2.549189841863363597e+02 8.716118181110002183e+01 1.695330047377254630e+02
2.549365045642213090e+02 8.746200259193949478e+01 1.698720247579794318e+02
2.549298547522431591e+02 8.746410588710190837e+01 1.698030834165444958e+02
2.549387990680348821e+02 8.732560000566543579e+01 1.700460317123088885e+02
2.549464757412875997e+02 8.739701289596125378e+01 1.703346576302874382e+02
2.549545631590501955e+02 8.760213020600961897e+01 1.707954421523012343e+02
2.549538620606627148e+02 8.748128633849596270e+01 1.707806695135510324e+02
2.549552571756357793e+02 8.736059118882208452e+01 1.707493467037753021e+02
2.549448256814463889e+02 8.766804053623404513e+01 1.708316584871854786e+02
2.549550163943713699e+02 8.791579029368232057e+01 1.710249208608638298e+02
2.549687692536489010e+02 8.790771703952353278e+01 1.710661936023001601e+02
2.549616024701325045e+02 8.783254371242219349e+01 1.709579199331477923e+02
2.549446486363990516e+02 8.784145261920443204e+01 1.708246687487164195e+02
2.549473609665243146e+02 8.772759849015983491e+01 1.707080243897257219e+02
2.549590530214507851e+02 8.760547989830531890e+01 1.707478311981700756e+02
2.549377934521659768e+02 8.763690893510944591e+01 1.708366582393224178e+02
2.549380129880246670e+02 8.776865169573746073e+01 1.710506065563321840e+02
2.549498962516022686e+02 8.782425092240470121e+01 1.711395469063148482e+02
2.549591946574886379e+02 8.775518210853569201e+01 1.711382084457569306e+02
2.549615883065287107e+02 8.803082708364316034e+01 1.709626293314070722e+02
2.549647538719751765e+02 8.809393302031769224e+01 1.707841325146770259e+02
2.549662764593823283e+02 8.818380108634841008e+01 1.707209770053892441e+02
2.549792503204515413e+02 8.841858406452938368e+01 1.709568859900713278e+02
2.549833719291536624e+02 8.847222163207206336e+01 1.711515080697132589e+02
2.549796681467632595e+02 8.784685603404930987e+01 1.712116254859886624e+02
2.549711416572832832e+02 8.752059742080774640e+01 1.711519400596287710e+02
2.549968627617610935e+02 8.786348410489564742e+01 1.723641037625613421e+02
2.549999716727924124e+02 8.836031499854823323e+01 1.733633530915606116e+02
2.549999858363962062e+02 8.994589503353233795e+01 1.732624940689909181e+02
2.549999929181981031e+02 9.057373218041598761e+01 1.730592251092367917e+02
2.549999433455848532e+02 9.093835999631745892e+01 1.729846608170983018e+02
2.549998087913488689e+02 9.133013944067928946e+01 1.729904678946511183e+02
2.549988598298951104e+02 9.156888114611881235e+01 1.731260206646979327e+02
2.549962466449963472e+02 9.151793466329573334e+01 1.729005644196109301e+02
2.549944478673153583e+02 9.189984207581777298e+01 1.731763935215676327e+02
2.549915443285389642e+02 9.233769572329983077e+01 1.735956503572768952e+02
2.549893702153575816e+02 9.252737470521999796e+01 1.737771144490004076e+02
2.549845899990793612e+02 9.240516404994086486e+01 1.737061335486201017e+02
2.549882017180451328e+02 9.193554143916378507e+01 1.733815037498141010e+02
2.549939946319941555e+02 9.171983683528436870e+01 1.732835128570113454e+02
2.549959421275149225e+02 9.147132932503346581e+01 1.731103557189091191e+02
2.549949790024573986e+02 9.125186428434851393e+01 1.729538762242665086e+02
2.549908998845666304e+02 9.123431557925599122e+01 1.728880862846742730e+02
2.549901704589715905e+02 9.115898645251297694e+01 1.728057603376603026e+02
2.549973655696955461e+02 9.158079273690397315e+01 1.727495025034169771e+02
2.549975426147428834e+02 9.178447952296981782e+01 1.727558761251212900e+02
2.549929111163044411e+02 9.182666581685043639e+01 1.726381836594503056e+02
2.549912681382650987e+02 9.189125185012073871e+01 1.725038702047348806e+02
2.549920967090866668e+02 9.191107381362114381e+01 1.724491207942949131e+02
2.549746400674187612e+02 9.168231036704979431e+01 1.721113825801837152e+02
2.549675653473269676e+02 9.143591323376320190e+01 1.719825150311245068e+02
2.549822459226525666e+02 9.145276792227014084e+01 1.721609197844299501e+02
2.549853335882781948e+02 9.149003236383465776e+01 1.722415106899799468e+02
2.549754898836459915e+02 9.148453688556516283e+01 1.721520816956666522e+02
2.549731174800116094e+02 9.068081610685023009e+01 1.722727060273215898e+02
2.549866224762228626e+02 9.023340910861359987e+01 1.723581338035649821e+02
2.549822530044544635e+02 9.003427592116537426e+01 1.724032377998257743e+02
2.549719843917086166e+02 8.987808678040040888e+01 1.723669860559320739e+02
2.549685001451769324e+02 8.979092396269307130e+01 1.723143399406544916e+02
2.549722393365767914e+02 9.002044516206703406e+01 1.722651072538896813e+02
2.549703839044806557e+02 9.025553265772943234e+01 1.721884538301925431e+02
2.549716232198120451e+02 9.039544781774274895e+01 1.722100604077701576e+02
2.549745692493998206e+02 9.047069904466492574e+01 1.721989136515895211e+02
2.549857584963918100e+02 9.047065655385355853e+01 1.722445912738037066e+02
2.549819555687749073e+02 8.993007428810186354e+01 1.721396106425318919e+02
2.549641944096255770e+02 8.904412670759948867e+01 1.715502276799308845e+02
2.549701431232162747e+02 8.883927142422118095e+01 1.714893879198623381e+02
2.549875997648841803e+02 8.893150481208438407e+01 1.719636420290778744e+02
2.549755465380611383e+02 8.894554094343764916e+01 1.719164347376546402e+02
2.549531113896619843e+02 8.924419469289766482e+01 1.711383996544080617e+02
2.549631958755585686e+02 8.952679399746472200e+01 1.710049218523161016e+02
2.549675511837231738e+02 9.009646830539561790e+01 1.713955257175635722e+02
2.549610500895848020e+02 9.002009107197235949e+01 1.712291317002698179e+02
2.549503069961120900e+02 8.983924309701360755e+01 1.708998066668083027e+02
2.549596478928098406e+02 8.975936745345485690e+01 1.713801227984448303e+02
2.549729191895585814e+02 8.980496717584821909e+01 1.720620082573809952e+02
2.549712124753022238e+02 8.957097735947934325e+01 1.719123202107544159e+02
2.549715240745855453e+02 8.939710495938587087e+01 1.717937991742618919e+02
2.549823450678790664e+02 8.960264009574596855e+01 1.721603744856841445e+02
2.549841226001543930e+02 8.982818132245569132e+01 1.722303639337993104e+02
2.549864171039679377e+02 8.980396864178121064e+01 1.720284546800087924e+02
2.549785704674697513e+02 8.986516957374634273e+01 1.719417450976226291e+02
2.549795619197348628e+02 8.991554951241793958e+01 1.719378430247792267e+02
2.549860417684675724e+02 8.996265057681276289e+01 1.719003873745635929e+02
2.549842429907865835e+02 8.969325883277741696e+01 1.720520441621166015e+02
2.549733370158703281e+02 8.942800286104797181e+01 1.722241956843499224e+02
2.549644210272861926e+02 8.899143101970865644e+01 1.721173242119724875e+02
2.549723809726146726e+02 8.898185642354840752e+01 1.721529881663090293e+02
2.549770903708739525e+02 8.907956404427542907e+01 1.723103245589807955e+02
2.549823663132847571e+02 8.914003555064550710e+01 1.722761052922305680e+02
2.549810703435382209e+02 8.895820320522354052e+01 1.718438887590558579e+02
2.549884566629133076e+02 8.900645152152513617e+01 1.718204125857783140e+02
2.549849511709759327e+02 8.907475550078962101e+01 1.718597590770995680e+02
2.549796114923481127e+02 8.965954945576352486e+01 1.719339976063509710e+02
2.549958500640903196e+02 9.015223749530831299e+01 1.722135092452923857e+02
2.549883929266962639e+02 9.032206618652050167e+01 1.722658862520979710e+02
2.549684364089598887e+02 9.051777886365407255e+01 1.720716182625507145e+02
2.549832940293328249e+02 9.061127281225435581e+01 1.721543053814612563e+02
2.549966715531099624e+02 9.008029346987046893e+01 1.723512432103224228e+02
2.549921958543131666e+02 8.969065981148243338e+01 1.722311146048000410e+02
2.549916647191711547e+02 8.925811751542062211e+01 1.720659315756301169e+02
2.549982791221398486e+02 8.920930265496753009e+01 1.722794266573186803e+02
2.549984420035833921e+02 8.928953947042285222e+01 1.724257650116495597e+02
2.549908573937552774e+02 9.066942856940519846e+01 1.722900706055648925e+02
2.549929536071157941e+02 9.145201016946751338e+01 1.722640379018037322e+02
2.549980170954697769e+02 9.212370491547869733e+01 1.725549724871996489e+02
2.549780534959315048e+02 9.226443448270977399e+01 1.722079854398153032e+02
2.549553492390603822e+02 9.208281459134461500e+01 1.716660859589113954e+02
2.549807941532643554e+02 9.110881896789818768e+01 1.721222531460904861e+02
2.549858222326088537e+02 9.068563881393981774e+01 1.726264491137124821e+02
2.549752491023816106e+02 9.014279745338403416e+01 1.725315458865353833e+02
2.549755111290516822e+02 8.989867357850530993e+01 1.725547317059352679e+02
2.549787191853095010e+02 8.977463581833761452e+01 1.726880607901874498e+02
2.549721189459446009e+02 8.964462101737166222e+01 1.726058339884000077e+02
2.549661560687501378e+02 8.937023660300127403e+01 1.722261006890593364e+02
2.549730254165870065e+02 8.933571281876960768e+01 1.719426374046612409e+02
2.549694491066306909e+02 8.924318907702875947e+01 1.716500810866316726e+02
2.549659648600990067e+02 8.910524973974378327e+01 1.714203757604084899e+02
2.549785067312527076e+02 8.926719638544831525e+01 1.716072928395901158e+02
2.549821892682374198e+02 8.941939138994526104e+01 1.717223792021642055e+02
2.549736202879460620e+02 8.935548520965674868e+01 1.715975128711749278e+02
2.549629126034828346e+02 8.927488722230484086e+01 1.714002634430304397e+02
2.549692791433852506e+02 8.932469353502304443e+01 1.714685107678797920e+02
2.549644493544937518e+02 8.932266813968145414e+01 1.714295750210683593e+02
2.549406261729234302e+02 8.917179035033673529e+01 1.710487227970284891e+02
2.549540603511157428e+02 8.924798345691077373e+01 1.710808670958238622e+02
2.549785987946773105e+02 8.945722945746315702e+01 1.714968025664450124e+02
2.549692862251871475e+02 8.948110221164672851e+01 1.714484551049168886e+02
2.549627638856430565e+02 8.906762412628269487e+01 1.714179042115475795e+02
2.549819555687749073e+02 8.913754275637893443e+01 1.719569072354769901e+02
2.549856805965710009e+02 8.924829505619409531e+01 1.722937106517382233e+02
2.549733086886627405e+02 8.916239988102573477e+01 1.722595126303936865e+02
2.549722889091900413e+02 8.910219040132571422e+01 1.722219649167534214e+02
2.549766937899679249e+02 8.915970171450423720e+01 1.722772667077411199e+02
2.549676361653459082e+02 8.923674463730552020e+01 1.720848470684881022e+02
2.549612625436415954e+02 8.937350839547615067e+01 1.718857776172569345e+02
2.549819980595862887e+02 8.951224797637510733e+01 1.719774657063743177e+02
2.549744417769657332e+02 8.951282160232850060e+01 1.719602781731783807e+02
2.549719773099067197e+02 8.963585374662729066e+01 1.718013129660710945e+02
2.549762405546467221e+02 8.970171450423845272e+01 1.715151373515477360e+02
2.549741230958805147e+02 8.947200917801525577e+01 1.710430361101078631e+02
2.549700510597916434e+02 8.940924316783161885e+01 1.709156840666539097e+02
2.549804400631696808e+02 8.946016132344713867e+01 1.710296019319155505e+02
2.549824158858980070e+02 8.945252714100575986e+01 1.710013172151522269e+02
2.549720056371143073e+02 8.927787574270396931e+01 1.707337100851940761e+02
2.549658019786554632e+02 8.923517955908701538e+01 1.707080173079238250e+02
2.549823238224734041e+02 8.943831396460515748e+01 1.709852698520611511e+02
2.549772603341194213e+02 8.944152910266488732e+01 1.709861904863073221e+02
2.549557316563626443e+02 8.913966729694703872e+01 1.709094095901761250e+02
2.549549455763524577e+02 8.913825093656829779e+01 1.709415609707733950e+02
2.549793069748666881e+02 8.931892894828159513e+01 1.711812233104591030e+02
2.549780039233182549e+02 8.933729914239378900e+01 1.712423180153958242e+02
2.549720127189162042e+02 8.926934925322399295e+01 1.711991685964576959e+02
2.549772886613269804e+02 8.934670377530858332e+01 1.711305955087212283e+02
2.549834569107763684e+02 8.939629055216809661e+01 1.711501625273534728e+02
2.549777702238557708e+02 8.928035437336676239e+01 1.709896109966219910e+02
2.549746542310225550e+02 8.929808720530851929e+01 1.709189771045344912e+02
2.549845120992585237e+02 8.944251347312810196e+01 1.710261106035819694e+02
2.549780322505258141e+02 8.947620868653820025e+01 1.710583823748114582e+02
2.549624593681616318e+02 8.928835680950660958e+01 1.707392763814825116e+02
2.549690596075265319e+02 8.919418300792453635e+01 1.707562868696311114e+02
2.549857301691842508e+02 8.921168214040380917e+01 1.709718002648593824e+02
2.549856947601747663e+02 8.931847571296040655e+01 1.711304892816928316e+02
2.549841367637581584e+02 8.942728759905669733e+01 1.712703761144985606e+02
2.549851069706176077e+02 8.993845205974207602e+01 1.712786547409122875e+02
2.549839526369089242e+02 9.014679867145396486e+01 1.711079833152747369e+02
2.549804825539810338e+02 9.038330960929698676e+01 1.710984582917277521e+02
2.549766583809584404e+02 9.047377254668677438e+01 1.709965794896853595e+02
2.549703130864617151e+02 9.037288519690950750e+01 1.707725254413732898e+02
2.549748100306642016e+02 9.022475514669952190e+01 1.708523161033093345e+02
2.549762405546467221e+02 9.026089358176294297e+01 1.710712924996636275e+02
2.549772744977231866e+02 9.011774912008611693e+01 1.710461521029410790e+02
2.549775436061951552e+02 8.998934188815002244e+01 1.709017116715176883e+02
2.549822246772468759e+02 9.008365732576996265e+01 1.710759239981020698e+02
2.549844837720509645e+02 9.031569256481618879e+01 1.712073976502581445e+02
2.549822600862563604e+02 9.030317193906817863e+01 1.711693542104853236e+02
2.549871961021762274e+02 9.034059218027434213e+01 1.711599495775705293e+02
2.549951631293066328e+02 9.046013299623956527e+01 1.712669131133725671e+02
2.549906449396984556e+02 9.039282755104208888e+01 1.712198191307796264e+02
2.549866224762228626e+02 8.947277401261976593e+01 1.710685093515193955e+02
2.549934847422578059e+02 8.915532516093394122e+01 1.713165069720339773e+02
2.549921816907093728e+02 8.930149355201938022e+01 1.717155240179311306e+02
2.549872173475819181e+02 8.906873596917999691e+01 1.717670795357170732e+02
2.549915939011522141e+02 8.904550765896874509e+01 1.717967097948402113e+02
2.549894056243670661e+02 8.943485096347914975e+01 1.720575750493955809e+02
2.549869978117232279e+02 8.975252643282556164e+01 1.722454340082290400e+02
2.549906378578965587e+02 8.982676496207695038e+01 1.722790371582145497e+02
2.549958500640903196e+02 8.985337837359337243e+01 1.722865084592123708e+02
2.549932935336067032e+02 8.997489501228692177e+01 1.723114576472837882e+02
2.549946532395702832e+02 8.995493141274866389e+01 1.723259611775620215e+02
2.549956163646278071e+02 8.990758956708944538e+01 1.723043262727768479e+02
2.549956588554391885e+02 8.997298292577563927e+01 1.722871741485903669e+02
2.549976488417713085e+02 9.008166733943784266e+01 1.724048241234499699e+02
2.549975921873561617e+02 9.004673281069635493e+01 1.723410666610012356e+02
2.549986544576402139e+02 8.996329502078508256e+01 1.722258457441911617e+02
2.549981162406962767e+02 9.009193595218367534e+01 1.723345159942495854e+02
2.549994759466598566e+02 9.020034417557202744e+01 1.725274596868427182e+02
2.549989660569235355e+02 9.013832883638913529e+01 1.725033390695928688e+02
2.549963670356285377e+02 9.051559766867082146e+01 1.726038794110773438e+02
2.549961758269774066e+02 9.104865906081143123e+01 1.729423612143873754e+02
2.549988031754799636e+02 9.129991431019708159e+01 1.731420751095908770e+02
2.549994901102636504e+02 9.138859971531155679e+01 1.730914614714567961e+02
2.549950002478630608e+02 9.148426069529131155e+01 1.731010360676170308e+02
2.549917780280014483e+02 9.149457179884849722e+01 1.730223430849745512e+02
2.549930031797290439e+02 9.134344614643750049e+01 1.730337022952119810e+02
2.549934139242388937e+02 9.119571267713357088e+01 1.728655307456429284e+02
2.549845191810604206e+02 9.117096886131707834e+01 1.728145842628198352e+02
2.549925074535964882e+02 9.127600614700403980e+01 1.730776023851508683e+02
2.549949860842592670e+02 9.131327058856855672e+01 1.731183369096432898e+02
2.549963670356285377e+02 9.110044827805987211e+01 1.727323999518437461e+02
2.549978329686205427e+02 9.104738433647057150e+01 1.725511129051675994e+02
2.549978046414129551e+02 9.101805151302697539e+01 1.724298158023327403e+02
2.549932156337858657e+02 9.102611768538386627e+01 1.721420326187795240e+02
2.549924437173794445e+02 9.098789011876181121e+01 1.724374499847741333e+02
2.549950781476838984e+02 9.104482780598695513e+01 1.726886698251502992e+02
2.549904112402359715e+02 9.096669428569404658e+01 1.726599106276601105e+02
2.549731174800116094e+02 9.086712415106899243e+01 1.724735317654223934e+02
2.549916859645768170e+02 9.109792715658572604e+01 1.728853456273414224e+02
2.549971318702330620e+02 9.073688981424433564e+01 1.727089025331605399e+02
2.549885345627341451e+02 8.994110065365030948e+01 1.719153087311535444e+02
2.549863604495527909e+02 8.977418258301642595e+01 1.717578519478496162e+02
2.549924507991813414e+02 8.989339763609453371e+01 1.717914267706275098e+02
2.549946744849759455e+02 8.979639819555687552e+01 1.717640272791009011e+02
2.549830957388797970e+02 8.970384612660845391e+01 1.714269193453582432e+02
2.549798664372162875e+02 9.012650222722669469e+01 1.717154461181102931e+02
2.549877130737144739e+02 9.043400822905380210e+01 1.720382558938296143e+02
2.549767008717698218e+02 9.034312038355038510e+01 1.718435771597725363e+02
2.549712053935003269e+02 9.040515696813896795e+01 1.717701884467483922e+02
2.549821184502184792e+02 9.021359422691509167e+01 1.718599856947601836e+02
2.549856805965710009e+02 8.996524959810774646e+01 1.718528401566494495e+02
2.549576862336853083e+02 8.946873030373848223e+01 1.710702868837947221e+02
2.549614041796794766e+02 8.941701190450898196e+01 1.710809025048333183e+02
2.549900500683394000e+02 8.978167512941992356e+01 1.717509613546070568e+02
2.549832161295119874e+02 8.982172980093055514e+01 1.717447576961482127e+02
2.549549526581543546e+02 8.936880607901873930e+01 1.713485875346123066e+02
2.549587130949598759e+02 8.927056024134780898e+01 1.713246227170041038e+02
2.549804188177639901e+02 8.946730686155785861e+01 1.717913559526085692e+02
2.549634791476343310e+02 8.934413308122118735e+01 1.716650166068254464e+02
2.549511851395469080e+02 8.903571352694979169e+01 1.712859560786646682e+02
2.549710354302548865e+02 8.912310296231773066e+01 1.713434603100412801e+02
2.549812757157931173e+02 8.944346243458186052e+01 1.717430651454956205e+02
2.549695907426685721e+02 8.934776604559263546e+01 1.714063537926589902e+02
2.549490464353750099e+02 8.896084471732987708e+01 1.708883412295424478e+02
2.549838889006918805e+02 8.935182391807771296e+01 1.714592336073990566e+02
2.549874652106481960e+02 8.944597647425410969e+01 1.717579369294723222e+02
2.549863392041471002e+02 8.918346824165941200e+01 1.716475458015537470e+02
2.549886053807530857e+02 8.903628715290318496e+01 1.715899211795449162e+02
2.549977054961864553e+02 8.922527920003965107e+01 1.718840921484062392e+02
2.549948161210138267e+02 8.947815618205896726e+01 1.720726946964385604e+02
2.549928473800873974e+02 8.958306599531184133e+01 1.720503020388507593e+02
2.549929960979271470e+02 8.973084195542713815e+01 1.721516921965624931e+02
2.549911973202461581e+02 8.978867903149277652e+01 1.721955214684824398e+02
2.549912398110575396e+02 8.979845191810603922e+01 1.721777036549179627e+02
2.549976346781675147e+02 8.991114463164007020e+01 1.722928749991147868e+02
2.549894268697727568e+02 9.004330521857981751e+01 1.722401155750069108e+02
2.549849370073721673e+02 9.000186959569992950e+01 1.722380406070520564e+02
2.549838180826729683e+02 9.004381510831615287e+01 1.721739007273010600e+02
2.549880246729977955e+02 8.999422833145665379e+01 1.720712075180408931e+02
2.549744488587676301e+02 8.983550390561374854e+01 1.717321662523812620e+02
2.549809499529060304e+02 8.996108549859425807e+01 1.717081801893673685e+02
2.549932652063991156e+02 9.009699235873576129e+01 1.717547926094315471e+02
2.549904395674435307e+02 9.006510300480854880e+01 1.716327094265865014e+02
2.549869269937042873e+02 9.010573838407444214e+01 1.714977515278987710e+02
2.549898234506787844e+02 9.016543797403811311e+01 1.715832501221610755e+02
2.549945824215513426e+02 9.027315218084089565e+01 1.721314807339579431e+02
2.549926420078324725e+02 9.027200492893412331e+01 1.722776703704490444e+02
2.549904962218586775e+02 9.020405503976431305e+01 1.723508891202277482e+02
2.549967282075251092e+02 9.026730969427860884e+01 1.725277712861260397e+02
2.549943133130793740e+02 9.030857535391305646e+01 1.725683146019673302e+02
2.549924578809832383e+02 9.046220796419440546e+01 1.723760011897427091e+02
2.549956446918353947e+02 9.059675511837231454e+01 1.721944167073870346e+02
2.549964945080626251e+02 9.065326789748382907e+01 1.719674732839023648e+02
2.549903191768113402e+02 9.072058750628509927e+01 1.719422408237551849e+02
2.549935697238805403e+02 9.082394640492326232e+01 1.719418513246510543e+02
2.549972239336576934e+02 9.063634239095794953e+01 1.723768085151585865e+02
2.549976205145637209e+02 9.053183624041301414e+01 1.725534074089811440e+02
2.549977054961864553e+02 9.061319198056753521e+01 1.727281862797170220e+02
2.549979321138470425e+02 9.044635180975447497e+01 1.726822183036251772e+02
2.549986119668288325e+02 9.063770917872344057e+01 1.727133569865516449e+02
2.549987394392629199e+02 9.092682374103266341e+01 1.728179976913325788e+02
2.549991006111594913e+02 9.112370491547869733e+01 1.728524648211490842e+02
2.549991289383670789e+02 9.109133399902270867e+01 1.727050712783360495e+02
2.549989448115178448e+02 9.100828570821559538e+01 1.725704391425354345e+02
2.549982932857436140e+02 9.113881748071979416e+01 1.726746407755989310e+02
2.549989235661121540e+02 9.127064522297052918e+01 1.728118223600812939e+02
2.549977904778091613e+02 9.125701275432521697e+01 1.727849469218948002e+02
2.549961120907603629e+02 9.134682416594078802e+01 1.728276360237098856e+02
2.549994901102636504e+02 9.163734092502495798e+01 1.732107756697614036e+02
2.549998087913488689e+02 9.167268619827629550e+01 1.732805880728292607e+02
2.549995538464806941e+02 9.122462059246355182e+01 1.730048651979009549e+02
2.549995042738674442e+02 9.109908857209627797e+01 1.729616237155381953e+02
2.549999221001791625e+02 9.106321216370292859e+01 1.730370165784982248e+02
2.549999929181981031e+02 9.110440700531843561e+01 1.730539916576373685e+02
2.549999433455848532e+02 9.101031818535908258e+01 1.729370640265709085e+02
2.549999433455848532e+02 9.121127847769587049e+01 1.730970348495471285e+02
2.549999575091886470e+02 9.143946121651192982e+01 1.733886563697267036e+02
2.549998017095469720e+02 9.147130807962777510e+01 1.733560375902044655e+02
2.549998017095469720e+02 9.142109102239973595e+01 1.734096043397281903e+02
2.549997733823394128e+02 9.151132026032703948e+01 1.735664874970787537e+02
2.549998158731507658e+02 9.187548775910542531e+01 1.736071441217503377e+02
2.549999787545943093e+02 9.200344883752221392e+01 1.734893666744566474e+02
2.549999716727924124e+02 9.208518699497899718e+01 1.734144270468177922e+02
2.549999858363962062e+02 9.205547883603503578e+01 1.733980468390377325e+02
2.549997875459431782e+02 9.243907171740777073e+01 1.734931129476584033e+02
2.549999929181981031e+02 9.260245596889672015e+01 1.734387317909168758e+02
2.549999787545943093e+02 9.276828344203899235e+01 1.734128973776087719e+02
2.549999504273867501e+02 9.283662991211484439e+01 1.734407925952679363e+02
2.549999716727924124e+02 9.275227856975928376e+01 1.732928679173128899e+02
2.549999504273867501e+02 9.255448384286897578e+01 1.732734921073317764e+02
2.549995184374712380e+02 9.250136324686452838e+01 1.733947396375533856e+02
2.549999079365753687e+02 9.238679385582867098e+01 1.733929125326648091e+02
2.550000000000000000e+02 9.229489331265446594e+01 1.733715821453610602e+02
2.550000000000000000e+02 9.231846154935661275e+01 1.733961843251396999e+02
2.549999504273867501e+02 9.234943735083955119e+01 1.734533911208367840e+02
2.550000000000000000e+02 9.244034644174864468e+01 1.735906789323475437e+02
2.550000000000000000e+02 9.242513473128103385e+01 1.736455487334197301e+02
2.550000000000000000e+02 9.247193127819441827e+01 1.736709724022180126e+02
2.549999929181981031e+02 9.240771349862258432e+01 1.735793551311195699e+02
2.549999575091886470e+02 9.241100653650315166e+01 1.734093635584638093e+02
2.550000000000000000e+02 9.251845871663586252e+01 1.734365930867449777e+02
2.550000000000000000e+02 9.257025501568618608e+01 1.734056951850828909e+02
2.550000000000000000e+02 9.252146848244066746e+01 1.732564603737775144e+02
2.550000000000000000e+02 9.253046237084564041e+01 1.733402805809910205e+02
2.550000000000000000e+02 9.270434893454290659e+01 1.735686686920620048e+02
2.549988102572818605e+02 9.209494571798848028e+01 1.732908566855750792e+02
2.549988810753008011e+02 9.185963868646739172e+01 1.731641490860934596e+02
2.549999929181981031e+02 9.206528004985588609e+01 1.733953132635067789e+02
2.550000000000000000e+02 9.208007393401176444e+01 1.735965001735041540e+02
2.549996954825185753e+02 9.254722499592796225e+01 1.735059664180954258e+02
2.549996600735090908e+02 9.279161797927864086e+01 1.733589340471789626e+02
2.549999291819810594e+02 9.316730048793614571e+01 1.735189331973627418e+02
2.549993980468390475e+02 9.313767022881302182e+01 1.734020976297209131e+02
2.549988385844894481e+02 9.301821439447053308e+01 1.731242148052150469e+02
2.550000000000000000e+02 9.262207256014220036e+01 1.730399838534916910e+02
2.550000000000000000e+02 9.245844752738886996e+01 1.732064557706062828e+02
2.549999433455848532e+02 9.216230781760110347e+01 1.731358785329339298e+02
2.549999929181981031e+02 9.218256885281891755e+01 1.731662523812558732e+02
2.550000000000000000e+02 9.225420127897342581e+01 1.733896832310012996e+02
2.550000000000000000e+02 9.233739120581840609e+01 1.737059494217708675e+02
2.549999716727924124e+02 9.236535015969462847e+01 1.737692324034927367e+02
2.549999929181981031e+02 9.226009333814896252e+01 1.737906831814286761e+02
2.549999716727924124e+02 9.232385080059771099e+01 1.738742838527834920e+02
2.550000000000000000e+02 9.226699809499528726e+01 1.738458999907936686e+02
2.549985836396212733e+02 9.218902745614593641e+01 1.736665816850439512e+02
2.549991289383670789e+02 9.236501023320373349e+01 1.738667134065591711e+02
2.549996388281034285e+02 9.251209217673344654e+01 1.741080682968974713e+02
2.549997167279242660e+02 9.253512219649167037e+01 1.741245688953097215e+02
2.549999858363962062e+02 9.245695326718930573e+01 1.739704830497071555e+02
2.549998937729716033e+02 9.255125454120546635e+01 1.741389307895501020e+02
2.549996742371128846e+02 9.257610458405036979e+01 1.737837996699880421e+02
2.549999645909905439e+02 9.242377502531743971e+01 1.734705998994384117e+02
2.549998229549526627e+02 9.257376050762356101e+01 1.733957948260355408e+02
2.549996600735090908e+02 9.259092679541382154e+01 1.733401035359436833e+02
2.549999787545943093e+02 9.252316103309325968e+01 1.732496547621576894e+02
2.550000000000000000e+02 9.246000552380547788e+01 1.732552068948423312e+02
2.549999221001791625e+02 9.249666093040713122e+01 1.733025133314920652e+02
2.549999716727924124e+02 9.239823804768884941e+01 1.732246560014730221e+02
2.550000000000000000e+02 9.229808012350662239e+01 1.731599637411742947e+02
2.550000000000000000e+02 9.222621399788963004e+01 1.735558081398230854e+02
2.550000000000000000e+02 9.209357184842110655e+01 1.735999419292244852e+02
2.549997238097261345e+02 9.183267118485628089e+01 1.734502468007959806e+02
2.549996954825185753e+02 9.189756881740990480e+01 1.734743249272344769e+02
2.549998371185564565e+02 9.205505392792142061e+01 1.737346944556572907e+02
2.549999362637829563e+02 9.236634161195974002e+01 1.737660810016500648e+02
2.549999929181981031e+02 9.248480599403711722e+01 1.736836771548152853e+02
2.549998725275659126e+02 9.261246963677437805e+01 1.736175614523359343e+02
2.550000000000000000e+02 9.277704363098146700e+01 1.736913255008604438e+02
2.550000000000000000e+02 9.278681651759472970e+01 1.736405560630846878e+02
2.549999079365753687e+02 9.249918205188127729e+01 1.736478998916484215e+02
2.549997592187356190e+02 9.238600777581848433e+01 1.737235618630804481e+02
2.549999362637829563e+02 9.229536071157944832e+01 1.737085059522544839e+02
2.550000000000000000e+02 9.226954754367700673e+01 1.737476753985284006e+02
2.549998442003583250e+02 9.233096801150084332e+01 1.738724921569044000e+02
2.550000000000000000e+02 9.261140736649032590e+01 1.740536092403351063e+02
2.550000000000000000e+02 9.283949096007988544e+01 1.740564065520831036e+02
2.550000000000000000e+02 9.315357595586621642e+01 1.742195925131190393e+02
2.550000000000000000e+02 9.329791016026118200e+01 1.743647552883355729e+02
2.550000000000000000e+02 9.337801242148051983e+01 1.742852124894658061e+02
2.549999787545943093e+02 9.338320338226859008e+01 1.741962579758793765e+02
2.550000000000000000e+02 9.349264554873342092e+01 1.741074946709440781e+02
2.549999787545943093e+02 9.352261573434745401e+01 1.741208438675136563e+02
2.550000000000000000e+02 9.341072326442740348e+01 1.739880317547996924e+02
2.550000000000000000e+02 9.340772058042448123e+01 1.740159907086759290e+02
2.549999929181981031e+02 9.377113032640025381e+01 1.741451415298108429e+02
2.550000000000000000e+02 9.388788091241936229e+01 1.741516709511568024e+02
2.550000000000000000e+02 9.378739722535001988e+01 1.739324396099343630e+02
2.550000000000000000e+02 9.380258769041195421e+01 1.737694519393514554e+02
2.550000000000000000e+02 9.379738256602010438e+01 1.738048963578292785e+02
2.550000000000000000e+02 9.360868087276126914e+01 1.736689257614707458e+02
2.550000000000000000e+02 9.297590062815582712e+01 1.734728944032519564e+02
2.550000000000000000e+02 9.268248741209713160e+01 1.733840602802977173e+02
2.550000000000000000e+02 9.247545093373557279e+01 1.733256708236843906e+02
2.550000000000000000e+02 9.251151855078006747e+01 1.733844072885904950e+02
2.550000000000000000e+02 9.248508218431098271e+01 1.734803373770422183e+02
2.549999929181981031e+02 9.244514790343255584e+01 1.734398932064274561e+02
2.550000000000000000e+02 9.241628956071582479e+01 1.733923389067114158e+02
2.550000000000000000e+02 9.256861911944875487e+01 1.736659938954867641e+02
2.550000000000000000e+02 9.269378288611754613e+01 1.738102218728533330e+02
2.549993130652163131e+02 9.280770075137918695e+01 1.735375087637298464e+02
2.549998442003583250e+02 9.288601131671943278e+01 1.733505633573406328e+02
2.550000000000000000e+02 9.306285807360825402e+01 1.734676184608411802e+02
2.549996813189147815e+02 9.326201958826403882e+01 1.735338191449432372e+02
2.549893206427443317e+02 9.296523543450395266e+01 1.729970185614027685e+02
2.549983995127720391e+02 9.199298901612526436e+01 1.730017916958790920e+02
2.549997946277450751e+02 9.163373628786108327e+01 1.731753312512835805e+02
2.549986757030458762e+02 9.125761470748616944e+01 1.730402600437655281e+02
2.549957296734581007e+02 9.080505923927283618e+01 1.726602505541509913e+02
2.549987677664705075e+02 9.088142230909232921e+01 1.728085222403988439e+02
2.549989094025083602e+02 9.110850028681298340e+01 1.728943749247558515e+02
2.549986757030458762e+02 9.092833216483602143e+01 1.726078664655434807e+02
2.549975001239315304e+02 9.070140998675702804e+01 1.723835645541651616e+02
2.549975780237523679e+02 9.076852422330337333e+01 1.723475535915358421e+02
2.549982153859228049e+02 9.078003923318249235e+01 1.722937460607477078e+02
2.549957721642694821e+02 9.081267217630853850e+01 1.721749275885756276e+02
2.549919763184544763e+02 9.091168993038589008e+01 1.721911590785159376e+02
2.549953543379577638e+02 9.109285658642984629e+01 1.723126119809924433e+02
2.549950993930895891e+02 9.110757257076490134e+01 1.722923863547840995e+02
2.549944124583059022e+02 9.118822721253195596e+01 1.722821106602363841e+02
2.549932581245972187e+02 9.102788105405539909e+01 1.723384109852910910e+02
2.549904183220378684e+02 9.091445183312441713e+01 1.722901768325932892e+02
2.549939592229846994e+02 9.079061236340974972e+01 1.722525087283208336e+02
2.549946036669570333e+02 9.084702599729475025e+01 1.723777291494047859e+02
2.549953968287691168e+02 9.078377842458235136e+01 1.723520859447477847e+02
2.549959562911187163e+02 9.067020756761350242e+01 1.722007549200818630e+02
2.549971885246482088e+02 9.045693910358551193e+01 1.722030989965086576e+02
2.549981020770924829e+02 9.048181039183609187e+01 1.724533840390348871e+02
2.549939875501922586e+02 9.036636285736543073e+01 1.724182866288498417e+02
2.549857655781937069e+02 9.029477292202227545e+01 1.722553697762858747e+02
2.549892993973386695e+02 9.041179261651335253e+01 1.723460168405248965e+02
2.549940229592017431e+02 9.058871727322299705e+01 1.724384697642468041e+02
2.549843846268244363e+02 9.056065917412026067e+01 1.723416898595678788e+02
2.549750578937304795e+02 9.059557953925796880e+01 1.721693258832777360e+02
2.549899509231128718e+02 9.069624735317654540e+01 1.723806114427754892e+02
2.549964803444588313e+02 9.074915549512418522e+01 1.725230052334516131e+02
2.549918630096241827e+02 9.037575332667644545e+01 1.724042646611003704e+02
2.549911335840291144e+02 9.007254597859879652e+01 1.722982571685539597e+02
2.549947169757873269e+02 8.987282500159341225e+01 1.722085732293724902e+02
2.549908361483495867e+02 8.968958337759460164e+01 1.720908241092863591e+02
2.549815802332745420e+02 8.963816241404462914e+01 1.720523345159942608e+02
2.549811553251609269e+02 8.957312314545312404e+01 1.720396722542083694e+02
2.549973868151012368e+02 8.966257338517212361e+01 1.721647297938487498e+02
2.549999787545943093e+02 8.968271402975773299e+01 1.725020785088557886e+02
2.549999645909905439e+02 8.977874326343594191e+01 1.725843265560489215e+02
2.549995963372920471e+02 9.036797042639528854e+01 1.729002599021295055e+02
2.549993272288201069e+02 9.048239818139327895e+01 1.729254002988520540e+02
2.549996034190939440e+02 9.077916108974767440e+01 1.730844717329877369e+02
2.549991360201689758e+02 9.116269023490336565e+01 1.733187873122437281e+02
2.549989802205273008e+02 9.103369521341009829e+01 1.732573526808160977e+02
2.549986190486307294e+02 9.089411997988767666e+01 1.730616329218806300e+02
2.549981020770924829e+02 9.125789089776002072e+01 1.729585997861295823e+02
2.549977550687997052e+02 9.138472596967572770e+01 1.728732924005183804e+02
2.549936192964937902e+02 9.133244102629473105e+01 1.726051541354182177e+02
2.549823733950866540e+02 9.135603759020445125e+01 1.723857032583370597e+02
2.549869553209118465e+02 9.141610543386659060e+01 1.725406955745820028e+02
2.549972664244690463e+02 9.121478396963323121e+01 1.726437499557387412e+02
2.549950144114668547e+02 9.109105780874885738e+01 1.725770039728908500e+02
2.549846608170983018e+02 9.097938487468751134e+01 1.725386418520328391e+02
2.549936830327108339e+02 9.098840709030005769e+01 1.725710906683096368e+02
2.549996884007166784e+02 9.096570991523083194e+01 1.727436529350528076e+02
2.549985199034042296e+02 9.079839526369089242e+01 1.728946936058410699e+02
2.549990581203481383e+02 9.058230116070733118e+01 1.731542558088480064e+02
2.549996813189147815e+02 9.041772716650024222e+01 1.733476952275736949e+02
2.549998300367545596e+02 9.033240561728526075e+01 1.733270163660441767e+02
2.549993980468390475e+02 9.088028922078933647e+01 1.733104803586224421e+02
2.549990156295367854e+02 9.099153724673705312e+01 1.731684973124561679e+02
2.549997450551318252e+02 9.117545164191577101e+01 1.731092226306061264e+02
2.549999858363962062e+02 9.146641455451924685e+01 1.733184615493566127e+02
2.550000000000000000e+02 9.161623007357992776e+01 1.734317703796554042e+02
2.550000000000000000e+02 9.183739474671935454e+01 1.735675143583533497e+02
2.550000000000000000e+02 9.200006373621704370e+01 1.736424964768035579e+02
2.550000000000000000e+02 9.216890805696601774e+01 1.738935534357361803e+02
2.550000000000000000e+02 9.222255270631059432e+01 1.740194041371886726e+02
2.550000000000000000e+02 9.209685072269788009e+01 1.738835326860566397e+02
2.550000000000000000e+02 9.283291904792255878e+01 1.739087509826000257e+02
2.550000000000000000e+02 9.319880742456111022e+01 1.738982699157973855e+02
2.550000000000000000e+02 9.324635464247522521e+01 1.737264512382530484e+02
2.550000000000000000e+02 9.336175968613453335e+01 1.736947106021656282e+02
2.549999858363962062e+02 9.351357935513111386e+01 1.738124809676574216e+02
2.550000000000000000e+02 9.335634210768587593e+01 1.737663713555276956e+02
2.550000000000000000e+02 9.307204317066434385e+01 1.735732152088777411e+02
2.549999858363962062e+02 9.313453299057411527e+01 1.737883320231999846e+02
2.550000000000000000e+02 9.324433632893553181e+01 1.739524244548782974e+02
2.549999575091886470e+02 9.316640109909565126e+01 1.739347270319460108e+02
2.549999362637829563e+02 9.311148172541021495e+01 1.736369585077227100e+02
2.549995680100844879e+02 9.323920910436451948e+01 1.736343382410220499e+02
2.549990652021500352e+02 9.322226235243294923e+01 1.736177951517984184e+02
2.549990227113386823e+02 9.314052419497616597e+01 1.734546304361681734e+02
2.549993272288201069e+02 9.314094202128789846e+01 1.735049041478113736e+02
2.549998796093678095e+02 9.311895302640803607e+01 1.734905422535709931e+02
2.549997663005375159e+02 9.220106651936518460e+01 1.729991360201689758e+02
2.549972876698747370e+02 9.163976290127260427e+01 1.724679229783226049e+02
2.549986898666496700e+02 9.171854794733971517e+01 1.725644125291238993e+02
2.549994688648579881e+02 9.165300587081377159e+01 1.726324332363126359e+02
2.549990227113386823e+02 9.122990361667622494e+01 1.725889014000722455e+02
2.549978896230356895e+02 9.102494210626952054e+01 1.726944202482879689e+02
2.549997946277450751e+02 9.105173256283329408e+01 1.732407246099697602e+02
2.550000000000000000e+02 9.096309673033206877e+01 1.731006536503147970e+02
2.549981516497057612e+02 9.084353466896116913e+01 1.729251736811914384e+02
2.549987606846686106e+02 9.159823521496809917e+01 1.730063594581005191e+02
2.549998300367545596e+02 9.200092063424617095e+01 1.733233763198708175e+02
2.549980808316868206e+02 9.208592350237594815e+01 1.730866387643671942e+02
2.549888957346307166e+02 9.225145353983867835e+01 1.728941837161047204e+02
2.549961616633736412e+02 9.245481456301740764e+01 1.730176053595076837e+02
2.549998654457640157e+02 9.250688705234159670e+01 1.732347900599828563e+02
2.549996246644996347e+02 9.132569206909005288e+01 1.728188404257579407e+02
2.549999150183772656e+02 9.076776647050076008e+01 1.726948380745996872e+02
2.550000000000000000e+02 9.038532792283668016e+01 1.727786299546056625e+02
2.550000000000000000e+02 9.027768453405283822e+01 1.727172873866026350e+02
2.550000000000000000e+02 9.000558754169411202e+01 1.725422252437910231e+02
2.549992847380087255e+02 9.131011918672587058e+01 1.730762922518005382e+02
2.549994971920655473e+02 9.219405553549044896e+01 1.735996232481392667e+02
2.549993413924239007e+02 9.248511759332043880e+01 1.737379591663302847e+02
2.549982224677247018e+02 9.263064154043354392e+01 1.738240030593384233e+02
2.549996034190939440e+02 9.251309779260235189e+01 1.735253068190670547e+02
2.549997804641413097e+02 9.226995828818684231e+01 1.731543761994801969e+02
2.549991218565651820e+02 9.213265631307230308e+01 1.728260921908970431e+02
2.549996671553109877e+02 9.210856402303001289e+01 1.727400341342851391e+02
2.550000000000000000e+02 9.198636044955279090e+01 1.727644451054126193e+02
2.549999787545943093e+02 9.206233402026811063e+01 1.727755422889800059e+02
2.549998937729716033e+02 9.211855644550199429e+01 1.729702705956503621e+02
2.549998937729716033e+02 9.215376008271545061e+01 1.729187929776852286e+02
2.549999008547735002e+02 9.207892668210499210e+01 1.728304616626654422e+02
2.549998725275659126e+02 9.209627001494260412e+01 1.728519266042051754e+02
2.549997521369337221e+02 9.205930300905762920e+01 1.729669067397508684e+02
2.549993130652163131e+02 9.194637659606109992e+01 1.728948918962940979e+02
2.549971814428463119e+02 9.181714079330345157e+01 1.728024672997797495e+02
2.549972239336576934e+02 9.200445445339111927e+01 1.728988364599488818e+02
2.549991643473765350e+02 9.203834087545234866e+01 1.729766300537508812e+02
2.549995821736882817e+02 9.181860672629544240e+01 1.727901874552961203e+02
2.549993201470182100e+02 9.177130028964569419e+01 1.727789132266813965e+02
2.549994192922447098e+02 9.168843612568781509e+01 1.727425198467498149e+02
2.549995184374712380e+02 9.165005275942411345e+01 1.726799521270191917e+02
2.549995042738674442e+02 9.166306202950278248e+01 1.726658664230526767e+02
2.549985340670080234e+02 9.179115058035365848e+01 1.728808557649408328e+02
2.549985553124136857e+02 9.185612611272811989e+01 1.730720714978719172e+02
2.549999079365753687e+02 9.179384874687515605e+01 1.731788933976361022e+02
2.549998300367545596e+02 9.189681814640917423e+01 1.734095193581054843e+02
2.549990297931405792e+02 9.202625932142174747e+01 1.735224528529038821e+02
2.549988881571026980e+02 9.203072085661476365e+01 1.734335691573363931e+02
2.549998654457640157e+02 9.241939847174715794e+01 1.734992670335039975e+02
2.549999858363962062e+02 9.285351292782935673e+01 1.736712485924918781e+02
2.549999433455848532e+02 9.288208799847032537e+01 1.735649719914734987e+02
2.549999433455848532e+02 9.278557720226334027e+01 1.733523479714178563e+02
2.549996246644996347e+02 9.272021217078473398e+01 1.731419334735530242e+02
2.549998229549526627e+02 9.276450175982776614e+01 1.732601570743659920e+02
2.550000000000000000e+02 9.277790052901060847e+01 1.733810434326910013e+02
2.550000000000000000e+02 9.254845722945746900e+01 1.732541800335677351e+02
2.549991218565651820e+02 9.256308115036789275e+01 1.732382743065145405e+02
2.549997167279242660e+02 9.212966071087127773e+01 1.731833903418385887e+02
2.550000000000000000e+02 9.186371780435814571e+01 1.731160778148392012e+02
2.549998087913488689e+02 9.158729383104237343e+01 1.730489140056795918e+02
2.549998866911697064e+02 9.147534470670717610e+01 1.729537699972380835e+02
2.549999929181981031e+02 9.144858257735097595e+01 1.730263513848463504e+02
2.549999929181981031e+02 9.142012081554030090e+01 1.731378047830490061e+02
2.549997875459431782e+02 9.134649840305367263e+01 1.732094938636186612e+02
2.549998087913488689e+02 9.122939372693988958e+01 1.731719036591670431e+02
2.550000000000000000e+02 9.127844228685546568e+01 1.732579546339770786e+02
2.549999291819810594e+02 9.131145764728377401e+01 1.733173851154687668e+02
2.549978400504224396e+02 9.169309595133385926e+01 1.735632865226228034e+02
2.549996742371128846e+02 9.187879496058977224e+01 1.735377566267961242e+02
2.550000000000000000e+02 9.205079776498332933e+01 1.735569908007393281e+02
2.550000000000000000e+02 9.222639104293696732e+01 1.737188312194154776e+02
2.549999787545943093e+02 9.229306620776590364e+01 1.737799754969654487e+02
2.550000000000000000e+02 9.290675391446599463e+01 1.737660031018292273e+02
2.550000000000000000e+02 9.324898199097778217e+01 1.736031924762936569e+02
2.549999929181981031e+02 9.357228041102777638e+01 1.737281437889056406e+02
2.549999433455848532e+02 9.375233522417444476e+01 1.737173511228196787e+02
2.549998796093678095e+02 9.368737385540376295e+01 1.735995241029127385e+02
2.550000000000000000e+02 9.371796015778254230e+01 1.736179863604495495e+02
2.550000000000000000e+02 9.338304050082503238e+01 1.736026046867364983e+02
2.549999858363962062e+02 9.312213275545829561e+01 1.735266877704362969e+02
2.549999575091886470e+02 9.295242445487829741e+01 1.733909579553421452e+02
2.549999645909905439e+02 9.286299546056498855e+01 1.733587782475373160e+02
2.550000000000000000e+02 9.248964994653239557e+01 1.733344380944287479e+02
2.550000000000000000e+02 9.259550872123902820e+01 1.734162187426968842e+02
2.549994051286409444e+02 9.248911881139036950e+01 1.734331584128265717e+02
2.549999433455848532e+02 9.256331484983039104e+01 1.734248372956014919e+02
2.549998442003583250e+02 9.253401743539626523e+01 1.734264944372445996e+02
2.549998442003583250e+02 9.255346406339629084e+01 1.733903064295679428e+02
2.549994405376504005e+02 9.234392062716437977e+01 1.733366476166195866e+02
2.549998866911697064e+02 9.222612901626689563e+01 1.733031294482568114e+02
2.549999645909905439e+02 9.221542841360555087e+01 1.733053318886457532e+02
2.550000000000000000e+02 9.212624020055662299e+01 1.732422896881882650e+02
2.549999433455848532e+02 9.211354252976127555e+01 1.731776257550971252e+02
2.549999008547735002e+02 9.210085194076781079e+01 1.732333878632079234e+02
2.550000000000000000e+02 9.220449411148172203e+01 1.733099633870841956e+02
2.549999858363962062e+02 9.215650074004830117e+01 1.733031011210492522e+02
2.549997663005375159e+02 9.217496299758511213e+01 1.733862273116771746e+02
2.549971177066292682e+02 9.222655392438052502e+01 1.734017718668337977e+02
2.549977125779883522e+02 9.187774685390951390e+01 1.731273166344444689e+02
2.549992068381879164e+02 9.168061073459530519e+01 1.728644118209437295e+02
2.549999433455848532e+02 9.177345315742137188e+01 1.730159765450721352e+02
2.549999787545943093e+02 9.195276438136919239e+01 1.732830596216901426e+02
2.549997875459431782e+02 9.182403846834787942e+01 1.730910153179374902e+02
2.549993343106220038e+02 9.162938097969647799e+01 1.729434234846714276e+02
2.549997025643204722e+02 9.173290984158009564e+01 1.730599403712280662e+02
2.549999787545943093e+02 9.178810540553938324e+01 1.730908311910882560e+02
2.549999858363962062e+02 9.173090569164418184e+01 1.730798614799549568e+02
2.549996388281034285e+02 9.180688634416141269e+01 1.730272932644982120e+02
2.549999787545943093e+02 9.169405199458950051e+01 1.730054459056562450e+02
2.550000000000000000e+02 9.173057992875706645e+01 1.728935392721324149e+02
2.549999858363962062e+02 9.179276523118542741e+01 1.729142039700581392e+02
2.549999716727924124e+02 9.183045458086355950e+01 1.730003682536984684e+02
2.549998583639621188e+02 9.170572988591217722e+01 1.729852627702592542e+02
2.549997875459431782e+02 9.161629380979697146e+01 1.728770315919182394e+02
2.549994547012541943e+02 9.168506518798642446e+01 1.730105943756329339e+02
2.549998229549526627e+02 9.176214351979717776e+01 1.731672296699172193e+02
2.549993272288201069e+02 9.172537480436521662e+01 1.730607901874552965e+02
2.549954605649861605e+02 9.227789698810966001e+01 1.727441911519967164e+02
2.549994759466598566e+02 9.255692706452229856e+01 1.728028780442895993e+02
2.550000000000000000e+02 9.271949690879347372e+01 1.728016316471563130e+02
2.549991006111594913e+02 9.266994554094343073e+01 1.725205974208077464e+02
2.549996034190939440e+02 9.273869567372722145e+01 1.725159659223692756e+02
2.549999645909905439e+02 9.229982224677246450e+01 1.728178914643041821e+02
2.549999645909905439e+02 9.193871408641214771e+01 1.727996841516355460e+02
2.549992068381879164e+02 9.164070478092445171e+01 1.726736139143243633e+02
2.549994971920655473e+02 9.154451974760458199e+01 1.726535582513614884e+02
2.549999716727924124e+02 9.153946334105249605e+01 1.729053163086815914e+02
2.549999150183772656e+02 9.162113068049033870e+01 1.729640244463801366e+02
2.549991926745841226e+02 9.163392041471031746e+01 1.727870785442648014e+02
2.549987677664705075e+02 9.163627157293902314e+01 1.728446394300565885e+02
2.550000000000000000e+02 9.177349564823273909e+01 1.731819173270446868e+02
2.549999645909905439e+02 9.174421947920428977e+01 1.731165168865566102e+02
2.549981870587152173e+02 9.179862188135149381e+01 1.728872931228621894e+02
