2.542194574890277181e+02 8.944334429886599480e+01 1.703041520841247518e+02
2.540151025290775237e+02 8.917294962051713014e+01 1.698145221910589271e+02
2.540099295996637636e+02 8.918718325910718647e+01 1.698272201162292561e+02
2.539838830917952350e+02 8.900840196894625933e+01 1.695889258897034324e+02
2.538595872972252039e+02 8.899161419645815840e+01 1.689853581849483817e+02
2.537230987463728979e+02 8.913141261386506642e+01 1.684381996589099799e+02
2.536207474883002817e+02 8.928181553657019265e+01 1.677116536400449434e+02
2.536203433531898384e+02 8.912640942119769250e+01 1.674099829454983421e+02
2.536180478657624917e+02 8.895922680870668842e+01 1.672129509137494949e+02
2.535498541072251157e+02 8.880598281617510281e+01 1.669533547255518329e+02
2.534574809450295447e+02 8.859951422959723288e+01 1.667230825809684802e+02
2.534909150427170914e+02 8.865645686665966707e+01 1.667942507739187477e+02
2.535054234931822350e+02 8.879954494386562658e+01 1.669340896048366858e+02
2.535928621656792359e+02 8.892154929235941552e+01 1.672157273219582692e+02
2.535967741935483843e+02 8.902653147000104639e+01 1.672068161427728512e+02
2.536101025694910334e+02 8.909531526579965544e+01 1.672800292593819904e+02
2.536871549696494412e+02 8.926915802491089380e+01 1.675542834280356601e+02
2.537488946904729232e+02 8.926097428892427388e+01 1.675741789995231272e+02
2.535592502485430941e+02 8.777895425998819690e+01 1.670070723644328723e+02
2.533949329539851760e+02 8.705348728186807250e+01 1.667790229629569865e+02
2.537013684014839896e+02 8.706328351694538981e+01 1.672924119591662020e+02
2.536590797035264870e+02 8.680327915228619418e+01 1.671086517244445133e+02
2.533096766110846261e+02 8.676903678437774659e+01 1.663558652128579638e+02
2.532907145917023115e+02 8.704090655587975789e+01 1.663910492155737586e+02
2.535954688371416239e+02 8.767973504902158766e+01 1.669378238132572392e+02
2.535744416873449154e+02 8.776045699598289218e+01 1.667975161856111868e+02
2.533808043905238492e+02 8.749918364707689022e+01 1.664334631954154986e+02
2.533769125694101945e+02 8.754669781201251055e+01 1.664891732203910522e+02
2.534621648709596684e+02 8.797013037398663471e+01 1.666941060935492089e+02
2.533898287275401913e+02 8.802859660041545453e+01 1.665998173309300796e+02
2.532465789962900260e+02 8.797369888701190632e+01 1.663902328626506346e+02
2.532785824556865748e+02 8.805276388002036470e+01 1.664339602816013439e+02
2.533937650035159663e+02 8.835118936963004899e+01 1.669005302252649017e+02
2.533160619458297163e+02 8.824419864048948625e+01 1.668576029938328986e+02
2.532355178183170210e+02 8.815113036590392426e+01 1.666974563736148127e+02
2.533751949951907818e+02 8.832203102141107820e+01 1.670083817621907372e+02
2.533910411328715497e+02 8.839726885492358122e+01 1.670250927490078539e+02
2.532500303101332975e+02 8.840360165210432797e+01 1.665197258347410809e+02
2.533445898432763954e+02 8.864337501313438850e+01 1.667714130988271961e+02
2.534751416493562033e+02 8.898207256650043462e+01 1.671208606461312058e+02
2.534697504869828037e+02 8.900143467964210231e+01 1.670253594781807465e+02
2.533985903767347452e+02 8.873201800826052477e+01 1.668098625132354300e+02
2.534079137737328438e+02 8.818391784741474737e+01 1.667032880432586239e+02
2.533942822964573622e+02 8.769854349706193375e+01 1.667335981765423867e+02
2.534427421375514200e+02 8.742071273268078357e+01 1.667023706565578891e+02
2.535181860799702633e+02 8.723058332861842246e+01 1.668021677807324465e+02
2.534652928767145568e+02 8.705792872673191596e+01 1.666436255769028776e+02
2.533775874750446633e+02 8.750753307845879192e+01 1.665160037503738124e+02
2.534059213876383012e+02 8.788814752548071851e+01 1.665229387088691624e+02
2.535205826011752208e+02 8.847727144138828237e+01 1.668717315572942255e+02
2.534983551701004671e+02 8.856716725535680723e+01 1.668152657996621429e+02
2.535521859668124307e+02 8.874735089435100122e+01 1.669283549276194094e+02
2.536374786818729206e+02 8.844769683400554072e+01 1.670314942491573902e+02
2.536049215573750644e+02 8.821985354143596680e+01 1.669823352543222370e+02
2.536657317674444982e+02 8.812033527048762949e+01 1.671508555540288228e+02
2.537894819796154309e+02 8.819020618973334535e+01 1.674464925113763911e+02
2.538503972648135800e+02 8.826060248462266600e+01 1.675923004178756912e+02
2.538296530095941534e+02 8.781140226800623338e+01 1.673970587046661365e+02
2.538013110142983066e+02 8.738643399261241029e+01 1.671580087454837837e+02
2.538469297855659192e+02 8.733682236645354635e+01 1.672198575827870854e+02
2.539363729682107191e+02 8.743801375675916177e+01 1.674087058785493127e+02
2.538930537257215860e+02 8.726540360973480404e+01 1.673081772698248528e+02
2.538518076963490557e+02 8.755566557011340478e+01 1.672150847471326642e+02
2.538817945215444354e+02 8.809259947785743350e+01 1.673875291987617402e+02
2.538997219550440150e+02 8.820907929939137659e+01 1.673868017555629137e+02
2.538530039362759680e+02 8.814238488211378808e+01 1.672158970587046554e+02
2.538012908075427845e+02 8.815705902797422766e+01 1.671685041343021680e+02
2.538393967071071131e+02 8.800906879187850507e+01 1.672197120941473258e+02
2.538449656889291361e+02 8.785820919649857785e+01 1.671793592033688753e+02
2.537993145868526881e+02 8.748602096652953719e+01 1.669341825559120878e+02
2.537198495000848766e+02 8.724985653203579261e+01 1.668536343870482881e+02
2.537718697715019971e+02 8.721917459445042198e+01 1.668488090138295092e+02
2.537476176235238938e+02 8.814672529320002070e+01 1.666486530176768781e+02
2.536965794004251507e+02 8.861811656873125287e+01 1.665322540231650237e+02
2.536375312194372782e+02 8.898635639867120517e+01 1.665762320058842079e+02
2.536589301735356230e+02 8.910106206707025933e+01 1.666254031247726743e+02
2.536141115897866882e+02 8.907846687304500222e+01 1.664448395987746494e+02
2.536824710437193460e+02 8.883235667348307629e+01 1.665781152754989023e+02
2.538222775438284486e+02 8.874582730498460137e+01 1.668842274149093612e+02
2.537531987293992017e+02 8.844162268329547771e+01 1.666627977465426227e+02
2.536507828097089430e+02 8.816802725487184489e+01 1.664527727709927944e+02
2.537232927312259108e+02 8.831819173786179533e+01 1.666866013045481338e+02
2.538158113820612414e+02 8.842327899063214147e+01 1.668247387266511055e+02
2.537188755344686797e+02 8.826850332603196136e+01 1.667069899208703418e+02
2.536795653122752014e+02 8.828362606186500727e+01 1.667492624534234267e+02
2.538139361951487558e+02 8.854468926051357869e+01 1.672539302139491326e+02
2.538697068403908759e+02 8.855486942394581718e+01 1.672992297184794950e+02
2.538273979356778511e+02 8.847058300531033126e+01 1.672647004146426184e+02
2.537839008737401230e+02 8.796785509331479602e+01 1.671368078175895846e+02
2.538641176518133591e+02 8.758293660736657671e+01 1.670980957153595625e+02
2.538797011016723104e+02 8.731125273801536935e+01 1.670042151292019810e+02
2.538616807170973289e+02 8.725601959247015316e+01 1.669797205001576117e+02
2.539200701578551786e+02 8.728770782648054194e+01 1.671614236871670869e+02
2.539805651425384667e+02 8.734732987932525816e+01 1.672943639317496718e+02
2.539405961801149374e+02 8.722117506324714498e+01 1.671751844876779103e+02
2.538947308864299544e+02 8.719326549251945835e+01 1.670922559630135424e+02
2.539874031086072819e+02 8.723226048932679078e+01 1.672788249367528692e+02
2.539862876957024298e+02 8.713312614673337464e+01 1.671633716183994522e+02
2.538229969043250662e+02 8.753795636957347881e+01 1.669669053758052257e+02
2.538126510454975175e+02 8.786160797277746326e+01 1.669674105446933083e+02
2.538302511295576380e+02 8.799635065995263972e+01 1.669254734442818915e+02
2.537521883916230934e+02 8.793498678478188424e+01 1.667026252616774968e+02
2.537217368110506754e+02 8.800777555952505793e+01 1.667451604820523698e+02
2.538313503770580439e+02 8.751882057209365939e+01 1.667673151688072437e+02
2.538837424527768007e+02 8.721067159172655181e+01 1.667355541904769609e+02
2.538393239627872333e+02 8.696401580976552737e+01 1.667167901972987636e+02
2.537853355533821968e+02 8.677150604990259808e+01 1.666826852353278809e+02
2.538465701053175962e+02 8.672986396812181908e+01 1.667823045400538433e+02
2.537888313220875887e+02 8.698758092805586273e+01 1.666621794198236444e+02
2.536891231076373572e+02 8.731381899596672724e+01 1.665865940301161459e+02
2.536751764049757014e+02 8.750027077052399704e+01 1.666635494378480473e+02
2.536956458483199981e+02 8.756286725778161895e+01 1.667039912383507954e+02
2.536988708465013929e+02 8.757557730700527543e+01 1.667385730797520296e+02
2.537314683845103218e+02 8.734284802095037037e+01 1.667718293579909528e+02
2.538172096895434038e+02 8.722979122380193928e+01 1.670197864550076474e+02
2.538674073116124248e+02 8.702147169841821039e+01 1.671062430791862425e+02
2.538308007533078410e+02 8.682691297354531912e+01 1.670304596632746268e+02
2.538191212486158292e+02 8.686236370543400653e+01 1.669812279241195938e+02
2.538368223664535606e+02 8.785229669983269218e+01 1.669236184641249281e+02
2.538391825154985781e+02 8.823191293313180950e+01 1.667668019172169522e+02
2.537097420809725179e+02 8.842896113028507443e+01 1.666128506882421050e+02
2.536100379078733624e+02 8.836686577056441649e+01 1.664302584039896260e+02
2.536237785016286637e+02 8.839245560575811567e+01 1.663818591831621063e+02
2.536076737174772404e+02 8.828282183299521080e+01 1.662921250232377588e+02
2.536268378044147767e+02 8.832247961138368453e+01 1.663874402890374427e+02
2.536563679569353553e+02 8.833823279798902206e+01 1.666393861995942416e+02
2.536488752919876219e+02 8.827763273817703293e+01 1.666021047356552174e+02
2.536459655191923730e+02 8.815244380501289356e+01 1.665224214159277665e+02
2.536506251970158701e+02 8.791070634734604994e+01 1.664849580911890428e+02
2.536800260263011069e+02 8.773909037269339706e+01 1.665174950089313768e+02
2.536238512459485435e+02 8.752093015737021631e+01 1.664435059529101864e+02
2.537246182943881934e+02 8.768671446237905798e+01 1.667141229055697806e+02
2.538510155915325583e+02 8.790797035264829162e+01 1.670506542947438220e+02
2.538927667897931713e+02 8.764592106433022423e+01 1.671832752725891282e+02
2.539490143144656145e+02 8.765489690513332732e+01 1.674563695734757971e+02
2.540672804131877456e+02 8.790095456713088140e+01 1.679881830893704375e+02
2.541117069858795219e+02 8.807843050088506232e+01 1.682229815471908694e+02
2.541244938207741484e+02 8.809427663856580182e+01 1.682113707454676330e+02
2.541259810379806083e+02 8.788184301775770280e+01 1.679015648111476651e+02
2.541549494426976707e+02 8.776423565926560855e+01 1.677044155802167893e+02
2.541895716976099493e+02 8.776765060094891169e+01 1.676645880650819151e+02
2.542309995877821791e+02 8.781701166333928654e+01 1.677694853743503529e+02
2.542489391453350720e+02 8.769560139345786354e+01 1.676815940705296555e+02
2.542800696728930347e+02 8.759356536077140731e+01 1.676008882889727829e+02
2.542794836769828919e+02 8.760246037455242174e+01 1.674331277632738306e+02
2.542677960895886713e+02 8.751939444395050316e+01 1.673763467802555738e+02
2.542722941133679910e+02 8.743360868405525821e+01 1.672804172290880160e+02
2.542490240137082651e+02 8.771754592995530686e+01 1.670856887674687528e+02
2.542419637733287061e+02 8.812772286030666180e+01 1.671037495655547502e+02
2.542365726109553066e+02 8.829674832890131597e+01 1.671772132459323927e+02
2.542497514569070631e+02 8.837336426314045923e+01 1.671853201962480000e+02
2.542607479732624256e+02 8.826935200976390661e+01 1.671573500052537611e+02
2.542536554020740311e+02 8.817781944859805776e+01 1.670426120060458572e+02
2.542896719231173392e+02 8.813157022655813932e+01 1.670183719821210673e+02
2.542846970199076964e+02 8.804813249165461286e+01 1.668926536319622471e+02
2.542872794432634578e+02 8.804150871719433269e+01 1.669072873643116282e+02
2.542920644029711923e+02 8.811909457569855419e+01 1.669970457723426023e+02
2.542964977651328411e+02 8.791674412589617305e+01 1.669899572425053123e+02
2.543124045230801471e+02 8.772409696009569302e+01 1.669987875946686415e+02
2.543233969980844051e+02 8.771195270002667144e+01 1.670967539867928622e+02
2.543465579812642829e+02 8.776354458822673621e+01 1.673363899418853578e+02
2.543619716943768765e+02 8.770988352826117307e+01 1.673124408952400870e+02
2.543611230106449170e+02 8.784431503140129394e+01 1.670975460916093596e+02
2.543354927619401735e+02 8.808797617219389053e+01 1.671057823651603087e+02
2.543251226550060267e+02 8.818859369064266218e+01 1.669746849766814023e+02
2.543369072348267537e+02 8.815896250434445847e+01 1.668833261936130441e+02
2.542943033114831053e+02 8.832575310577831829e+01 1.668802103119114690e+02
2.543086622319573848e+02 8.817185845571891889e+01 1.668152011380444719e+02
2.543281617510366175e+02 8.794416469314020901e+01 1.666853484857057310e+02
2.543220997243798536e+02 8.798142999167481548e+01 1.667054946209616730e+02
2.543183048956927337e+02 8.800876973189676278e+01 1.667936081990931143e+02
2.543140978491929332e+02 8.793071103531332255e+01 1.667424406527590293e+02
2.542924887448371862e+02 8.803547093864420958e+01 1.667943558490474629e+02
2.543075831912124727e+02 8.795861252333880032e+01 1.667906620541379255e+02
2.543709475351799654e+02 8.768738936801351258e+01 1.667170286370139252e+02
2.543932436692234944e+02 8.752665271053417939e+01 1.666253263391016901e+02
2.543948723337186095e+02 8.751269388381923875e+01 1.666555879761721997e+02
2.544088958220512211e+02 8.735323429328893496e+01 1.666545008527250786e+02
2.544193710041140832e+02 8.731430799945037791e+01 1.667820297281787134e+02
2.544026559759458905e+02 8.748444888094988414e+01 1.670183760234721717e+02
2.544123269291389420e+02 8.756369169340693759e+01 1.672214862472822006e+02
2.544038805053305339e+02 8.722916885573184231e+01 1.670530710227043016e+02
2.544131473234131704e+02 8.732759596188198259e+01 1.672083761042991910e+02
2.543827321150006924e+02 8.748935103983963302e+01 1.673440563849306102e+02
2.543851124708012321e+02 8.751913983883092385e+01 1.674241519224707133e+02
2.543765205583530644e+02 8.738984893429571343e+01 1.672762708028548104e+02
2.543828614382360342e+02 8.737887262469588734e+01 1.672274674469168474e+02
2.543768438664414191e+02 8.744200257029930867e+01 1.672937819771906049e+02
2.543864016618035748e+02 8.716210667550375035e+01 1.674783585648353892e+02
2.543925404741313230e+02 8.692595840641443772e+01 1.675069915374107836e+02
2.543865511917944389e+02 8.679980359033632453e+01 1.675733424398444811e+02
2.543694481939201921e+02 8.674362880998374692e+01 1.676136347103563651e+02
2.543795434889792375e+02 8.668167085620063972e+01 1.676473759507278487e+02
2.543617049652039555e+02 8.706860193499890954e+01 1.675976471253869704e+02
2.543395381543957683e+02 8.746766110846178321e+01 1.676311660914476818e+02
2.543395179476402461e+02 8.760165210433152083e+01 1.676066229661900593e+02
2.543314029146224300e+02 8.766192885605515528e+01 1.675454975307344796e+02
2.543177997268046795e+02 8.777497352915025886e+01 1.675821687506567059e+02
2.543170803663080619e+02 8.788719376662005800e+01 1.676065461805190751e+02
2.542546899879567661e+02 8.763830311749823920e+01 1.673710485689575762e+02
2.542520024894722894e+02 8.760224214159278233e+01 1.673674073116124248e+02
2.543030083817621971e+02 8.790147994277447197e+01 1.677349277810557737e+02
2.543043016141156443e+02 8.850796550302696630e+01 1.678265856241058600e+02
2.543089127957258597e+02 8.870432667049247755e+01 1.677696106562345904e+02
2.543053523654027970e+02 8.906395438122872577e+01 1.678587022413333329e+02
2.543116770798813491e+02 8.937232159455548697e+01 1.681530217182208276e+02
2.543392673838717712e+02 8.946778234899491622e+01 1.681830610809805933e+02
2.543791312711665853e+02 8.875568820167958961e+01 1.679785767977950286e+02
2.543822714009747870e+02 8.830173939751537660e+01 1.678443231141035028e+02
2.543875009093040092e+02 8.807210982775761465e+01 1.677523419629650618e+02
2.543987641548322358e+02 8.777078668940600892e+01 1.675954728784927283e+02
2.543757971565053708e+02 8.747489512693883285e+01 1.673823886001568155e+02
2.543649259220342458e+02 8.752793381883431323e+01 1.673691248858318374e+02
2.543494111751440698e+02 8.756347346044729818e+01 1.673902369040017390e+02
2.542953783108768846e+02 8.750710469524170776e+01 1.672566379191891315e+02
2.542631444944673831e+02 8.762460697860508674e+01 1.673274706799977309e+02
2.542865762481712864e+02 8.777642841554788333e+01 1.675098608966949882e+02
2.542805425109722819e+02 8.831080818939388166e+01 1.675970328400190681e+02
2.542628211863790284e+02 8.880980593431996795e+01 1.676193208913603883e+02
2.542561489157054950e+02 8.909630539682027006e+01 1.677525804026802234e+02
2.542583312453019175e+02 8.917464294662991620e+01 1.677038012948488870e+02
2.542250830497652032e+02 8.909318547376759057e+01 1.676321885532771319e+02
2.542293668819359596e+02 8.920394678348866080e+01 1.677026010135708702e+02
2.542489916828994296e+02 8.883226776375877876e+01 1.677758020061266961e+02
2.542482238261895588e+02 8.848484493335811862e+01 1.677179419823635556e+02
2.542481389578163657e+02 8.820909950614689876e+01 1.677550698749605829e+02
2.542730255979178935e+02 8.822334122743916396e+01 1.678437290354911511e+02
2.542567429943178468e+02 8.816775648434784785e+01 1.677616087810476699e+02
2.542273098342237745e+02 8.799051899030884272e+01 1.676030342464092655e+02
2.542395955415814512e+02 8.810707963886486027e+01 1.677561206262477640e+02
2.542640901706258489e+02 8.828935265638007479e+01 1.679620274650221177e+02
2.542652783278505808e+02 8.826473678680255830e+01 1.679426895999870624e+02
2.542948003976689506e+02 8.831250151550666772e+01 1.681007508830352037e+02
2.542935273720710256e+02 8.898045602605863280e+01 1.682139895409833343e+02
2.542682204314546368e+02 8.928936073908228366e+01 1.681967329717671191e+02
2.542659249440272902e+02 8.940758238294226601e+01 1.681346295293442381e+02
2.542425012730255958e+02 8.934968194566808108e+01 1.680329693423105084e+02
2.541965874831273595e+02 8.923704949038562972e+01 1.678794788273615666e+02
2.541995821242958016e+02 8.935289886114725277e+01 1.680125443538283605e+02
2.543039742646761567e+02 8.944457286960177100e+01 1.683401928532747149e+02
2.542737287930100649e+02 8.933699210319994677e+01 1.682748442059149170e+02
2.541743075144882482e+02 8.914069559735210646e+01 1.683224755700325659e+02
2.541406188116811222e+02 8.915444023245851213e+01 1.683685025177617263e+02
2.541914832566823748e+02 8.955091698256561017e+01 1.683683368223664445e+02
2.541315298130471092e+02 8.970277075031724223e+01 1.682210821121717288e+02
2.541995538348380705e+02 9.009298744756347332e+01 1.685545339918041350e+02
2.543897721486247292e+02 9.055853897074869963e+01 1.692483814388826602e+02
2.543787311774072180e+02 9.097071636989677756e+01 1.692173034488890266e+02
2.542526369815956855e+02 9.114109569111144538e+01 1.689513057605418567e+02
2.542408079469128097e+02 9.132169558926941022e+01 1.689053232676748451e+02
2.542494928104363794e+02 9.148221805514019422e+01 1.688491565700244905e+02
2.542751149764389140e+02 9.156151340516161952e+01 1.689254855683352048e+02
2.542717000347556109e+02 9.159706112947681333e+01 1.688710243208509496e+02
2.541864638986105831e+02 9.134074651837602232e+01 1.685518667000751805e+02
2.541953104161783301e+02 9.133677387024029315e+01 1.685744295632916021e+02
2.542996783084520871e+02 9.157271603042329389e+01 1.689066932856992764e+02
2.542500060620266709e+02 9.142858932598346655e+01 1.686708359938894830e+02
2.540617801343344979e+02 9.116181973957533557e+01 1.682207911348922096e+02
2.539900744416873408e+02 9.120831952538372889e+01 1.681218265290451939e+02
2.541455694667841385e+02 9.141247645912982023e+01 1.684762408968566376e+02
2.541072130034513066e+02 9.112963846073019170e+01 1.682222419799387296e+02
2.540625156602355332e+02 9.114302341558830278e+01 1.681880925631056982e+02
2.541658893801375712e+02 9.140868163044268613e+01 1.685762037164264768e+02
2.542761374382683641e+02 9.121099894116601092e+01 1.687797221166980535e+02
2.542549243863208233e+02 9.096681646608094240e+01 1.688098908026931610e+02
2.541994325943049375e+02 9.075238641782721061e+01 1.688498395583611398e+02
2.541655862788047386e+02 9.058540183154032377e+01 1.687525278651158658e+02
2.542877482399916005e+02 9.064147961946638077e+01 1.689155559686714412e+02
2.543522724517260656e+02 9.124786818729236870e+01 1.689709224788031179e+02
2.542506324714478581e+02 9.131009691159948716e+01 1.686232854567939228e+02
2.540571406632665514e+02 9.122367665958083194e+01 1.681003103757648205e+02
2.540991222185400886e+02 9.143436845806290592e+01 1.681869084472320708e+02
2.541579157944083818e+02 9.162610631986485998e+01 1.682631202463607565e+02
2.540580257191584224e+02 9.111322653389481729e+01 1.679777442794675153e+02
2.540163634306221354e+02 9.090514140687514555e+01 1.681482044277042576e+02
2.541622966190056729e+02 9.117199586165646963e+01 1.686178781290161055e+02
2.541946759240549341e+02 9.113194607221086585e+01 1.685042272532552943e+02
2.541663905076745209e+02 9.064349625366752150e+01 1.682054461247484198e+02
2.541806483943712180e+02 9.055829244833132918e+01 1.683174117570986255e+02
2.542351500553665176e+02 9.053472328868987518e+01 1.684298987237413314e+02
2.542705724977974739e+02 9.050589228991036350e+01 1.684595460754439387e+02
2.542772124376621719e+02 9.054635025581752927e+01 1.685588380307304419e+02
2.542773862157596625e+02 9.070571285392132665e+01 1.684776998246053665e+02
2.542511012681759723e+02 9.075166705733060724e+01 1.682592688387581745e+02
2.542423840738435672e+02 9.080223244235013169e+01 1.681430072501838708e+02
2.542319493052917494e+02 9.096576167344267105e+01 1.681211597061129339e+02
2.542611319016173468e+02 9.110768180017943507e+01 1.681393902409453460e+02
2.542710615012811104e+02 9.110857493877352908e+01 1.680890390475343850e+02
2.543156295212615419e+02 9.062584767339417624e+01 1.683156093145060197e+02
2.543340823304046978e+02 9.055309527081094245e+01 1.685952465628308801e+02
2.543455880569992189e+02 9.035953071830974181e+01 1.686110320802450815e+02
2.542845959861300855e+02 9.038624000775939749e+01 1.687304337986275584e+02
2.542022938708869049e+02 9.048373760315548964e+01 1.686974846630725722e+02
2.542974555653445918e+02 8.987648418619312451e+01 1.681737578907380453e+02
2.543851448016100676e+02 8.905657487411191653e+01 1.675996435528325890e+02
2.543659524252148003e+02 8.901728890002505068e+01 1.675210756460099617e+02
2.543897883140291469e+02 8.898055705983624364e+01 1.676178538809094789e+02
2.544252269218645210e+02 8.831006458079065169e+01 1.677783763467802487e+02
2.544195690303182289e+02 8.816912650237227922e+01 1.678789898238779301e+02
2.544176049336814174e+02 8.830345697173478925e+01 1.681395559363406278e+02
2.543885920741022062e+02 8.829129250491024550e+01 1.680832195019438871e+02
2.544052990195682185e+02 8.821105956143257742e+01 1.681172113060838456e+02
2.544093727014815727e+02 8.826580774484526160e+01 1.681485034876860141e+02
2.543917200798570946e+02 8.850085676643415411e+01 1.680437637911106492e+02
2.543695573104000118e+02 8.859974054525909537e+01 1.678673345672925450e+02
2.543765407651085866e+02 8.867069454660081362e+01 1.678210166422838370e+02
2.543728186807413465e+02 8.874186273955108106e+01 1.678105737910298103e+02
2.543957614309615849e+02 8.873478229241599990e+01 1.677566379191891315e+02
2.544359728744513802e+02 8.814947745330218254e+01 1.675886753259349575e+02
2.544397151655741425e+02 8.786776699186071937e+01 1.675646575763209114e+02
2.544556542543303124e+02 8.768887254386886809e+01 1.674695160886187466e+02
2.544410407287364251e+02 8.762010087212357234e+01 1.674384340572740371e+02
2.544503075468190616e+02 8.739631509606292070e+01 1.673288811115332066e+02
2.544260836882986609e+02 8.759295107540353342e+01 1.675195763047502169e+02
2.544088392431357590e+02 8.755222638032347504e+01 1.675118694481939201e+02
2.544174230728817179e+02 8.769655515231852405e+01 1.676230268103232390e+02
2.544174432796372400e+02 8.775621357732316596e+01 1.677165113440725577e+02
2.544081562547991098e+02 8.771780053507488617e+01 1.676459291470324331e+02
2.544004493982428130e+02 8.849959586488955665e+01 1.680025500925469544e+02
2.543887779762530101e+02 8.898307078022324390e+01 1.681603486877733076e+02
2.542840786931887180e+02 8.898755263859813169e+01 1.680201744247136730e+02
2.542943356422919408e+02 8.898781936777103851e+01 1.679750325328763836e+02
2.543490838257046107e+02 8.910656638727459722e+01 1.681470203118306586e+02
2.543153466266842315e+02 8.958437936971088789e+01 1.684091544685219048e+02
2.542283807922664778e+02 8.968252762263479383e+01 1.684014839841255764e+02
2.542310884975064766e+02 8.977342973302835105e+01 1.683148818713072217e+02
2.542602751351832069e+02 8.987626595323348511e+01 1.683950703599227268e+02
2.541651578955876403e+02 8.994771299940995846e+01 1.683075064055414884e+02
2.540118411587361891e+02 8.984312283282547185e+01 1.680076785670985657e+02
2.540188488615513904e+02 9.002493513631476674e+01 1.679668205074320326e+02
2.540586804180373690e+02 9.023766377575350361e+01 1.681427566864153960e+02
2.540020045101478274e+02 9.018808448040348935e+01 1.681891756452017148e+02
2.539583013393037447e+02 8.999772876067926575e+01 1.681682010329693355e+02
2.539688290589309929e+02 8.984106982646437700e+01 1.682568036145844417e+02
2.539431422313107589e+02 8.967005197177520870e+01 1.681716240573548475e+02
2.538395017822358284e+02 8.940976067118759829e+01 1.680813523977336104e+02
2.538746777022494143e+02 8.949903815843713062e+01 1.682631283290629653e+02
2.538725317448129317e+02 9.018264886316794104e+01 1.688235990656396268e+02
2.536047639446819915e+02 9.022284009990220000e+01 1.689169179039936637e+02
2.533169793325304511e+02 8.994869504772835000e+01 1.684922810193903899e+02
2.534030075734919762e+02 9.017465102933212506e+01 1.686441671179508717e+02
2.533079347887585868e+02 9.005228700059004154e+01 1.684180373582496202e+02
2.529183323768802438e+02 8.936011267286879445e+01 1.675506057985305688e+02
2.528317908843284556e+02 9.010961760735848713e+01 1.673865390677411256e+02
2.526791409704092359e+02 9.017182208355897899e+01 1.670542187664179892e+02
2.526607770709903775e+02 9.033177471892402366e+01 1.670035442649186450e+02
2.526932856992749805e+02 9.069524979591176361e+01 1.672391348275555458e+02
2.525695152803485257e+02 9.112521318127076597e+01 1.677263641580653371e+02
2.523294469006878273e+02 9.098371335504886304e+01 1.674506187308541030e+02
2.519226566225620445e+02 9.042723951471455734e+01 1.667245778808771490e+02
2.514385957113182144e+02 8.996182539746688178e+01 1.660143548791231751e+02
2.509646503018889234e+02 8.951681202059472753e+01 1.652459202560600033e+02
2.509502873400635394e+02 8.944541751198261181e+01 1.651710501854980180e+02
2.509820685251493160e+02 9.064867726578349050e+01 1.656130083009351779e+02
2.510345414278901615e+02 9.143014524615870187e+01 1.659891853444443655e+02
2.507912601741014100e+02 9.155176162494645098e+01 1.657954146830368245e+02
2.505570355881378362e+02 9.142557043670839789e+01 1.654435544491234396e+02
2.505193055342261914e+02 9.147619644199448885e+01 1.653864380339635147e+02
2.504486667582706332e+02 9.180259212259842627e+01 1.653007775559524930e+02
2.502180268507367487e+02 9.183823279798902206e+01 1.651237219227132016e+02
2.496030948666758320e+02 9.134647715424220848e+01 1.641591605305485757e+02
2.489232224117166936e+02 9.066683909764712723e+01 1.631721938878606011e+02
2.485177940689131049e+02 9.024685380816514169e+01 1.626058874402890240e+02
2.484203328456769668e+02 9.028251873166236408e+01 1.625522546697812061e+02
2.486679140970409208e+02 9.058277495332239937e+01 1.629568343288528354e+02
2.491450440911405622e+02 9.098757688670475829e+01 1.636797471730749010e+02
2.494930529174513651e+02 9.133439351443975340e+01 1.641600415450893422e+02
2.493209277325595394e+02 9.093717719708052982e+01 1.636572893849871946e+02
2.495024126866093752e+02 9.115028572352308345e+01 1.639417843373396693e+02
2.497801545412662279e+02 9.156746631533854952e+01 1.645144033753364283e+02
2.499190557787279374e+02 9.166356156190137483e+01 1.647556397054663364e+02
2.500455136961388973e+02 9.174576668471803487e+01 1.649445849936550701e+02
2.503392633425206668e+02 9.215515959295511550e+01 1.655509210239167146e+02
2.505028572352308913e+02 9.239100880206270006e+01 1.657994681581946566e+02
2.504439020053184208e+02 9.226460746356721643e+01 1.656601587442713708e+02
2.504094656525569746e+02 9.233763467802555169e+01 1.656878258339328056e+02
2.505700042838321622e+02 9.263583385197338771e+01 1.660592866207030340e+02
2.505933309624073502e+02 9.269533870563606115e+01 1.661391033050169312e+02
2.506488631679343086e+02 9.239889751941869633e+01 1.661516395761430829e+02
2.508129541468303785e+02 9.245300312800576137e+01 1.664767096935847519e+02
2.512426871751763997e+02 9.284479595218273573e+01 1.671514051777790257e+02
2.513674315597190514e+02 9.292483086945627235e+01 1.673661059965567688e+02
2.510923125419290045e+02 9.255807421537168977e+01 1.669016618035741715e+02
2.512567389529667423e+02 9.270146135255939157e+01 1.670910395163311080e+02
2.518889921678615735e+02 9.339513502154039770e+01 1.681014177059674637e+02
2.520741345446609785e+02 9.362849879971872724e+01 1.683860338988530714e+02
2.515640028774419932e+02 9.297420809725107915e+01 1.673921565457763734e+02
2.513867290112430339e+02 9.244182475085069939e+01 1.670421836228287873e+02
2.514492204233719406e+02 9.217718495647464749e+01 1.670631622764122426e+02
2.514000978006967273e+02 9.191355145852361375e+01 1.669755134536578396e+02
2.512646155462694253e+02 9.157327373687570571e+01 1.666195714551288916e+02
2.511566872236726056e+02 9.129518836737497622e+01 1.663121054630984190e+02
2.511832065696203529e+02 9.120087131529813007e+01 1.662361684758448348e+02
2.512919997413535214e+02 9.216008195860040075e+01 1.666562871299132667e+02
2.515767008026123221e+02 9.291273510560050397e+01 1.671843381479296227e+02
2.517533523007411702e+02 9.333111193734289657e+01 1.674946169203288093e+02
2.517151292019948130e+02 9.332395066318571253e+01 1.674160530548572865e+02
2.514006555071491391e+02 9.301203918494030631e+01 1.668994713912755401e+02
2.515380614447021799e+02 9.278800688646228423e+01 1.669603381802604360e+02
2.516638606218831171e+02 9.267862771881895867e+01 1.670701295657163996e+02
2.513894771299941056e+02 9.206649639107345706e+01 1.665361498856297544e+02
2.511643940802289023e+02 9.177426629270698299e+01 1.661352478560632449e+02
2.511529287671454256e+02 9.208210004768794477e+01 1.663214531082031442e+02
2.508904228061525430e+02 9.213762821186378460e+01 1.661363188141059197e+02
2.509169704415580213e+02 9.225287137995974263e+01 1.661893090097881611e+02
2.512626029534193890e+02 9.277399148083186731e+01 1.669151235441032668e+02
2.512352268410375018e+02 9.274043210126009740e+01 1.668049886438033980e+02
2.508117579069034377e+02 9.238282910742719878e+01 1.660718148091269768e+02
2.512146765706711165e+02 9.290333896428253979e+01 1.667467931878985894e+02
2.517023262016957403e+02 9.358628284608110448e+01 1.676711027230623756e+02
2.510931046467455019e+02 9.283950986493805146e+01 1.665813887698935503e+02
2.505435293927465921e+02 9.219742808415709590e+01 1.656837723587749736e+02
2.511502655167675755e+02 9.296142934505863309e+01 1.667640174263059691e+02
2.515713217642922359e+02 9.356711875914355403e+01 1.677526248575423722e+02
2.513195253837263010e+02 9.322337355824799943e+01 1.673710687757130984e+02
2.512367544717550061e+02 9.307007702815205619e+01 1.672454474179807846e+02
2.514700616710178451e+02 9.338465983947753557e+01 1.677387549405517291e+02
2.516368037762384802e+02 9.349498064192820834e+01 1.679511845200087237e+02
2.514466420413672836e+02 9.311036525731282154e+01 1.672155858746696140e+02
2.515344080633037152e+02 9.309453124368539534e+01 1.671792541282401601e+02
2.519958374083623767e+02 9.342786592413575875e+01 1.677009723490757551e+02
2.519748062172145353e+02 9.330860565304192278e+01 1.675905545541985475e+02
2.514361870660599152e+02 9.195230801561578460e+01 1.665065469887892959e+02
2.514074651837602232e+02 9.159180333168984589e+01 1.664144203490110954e+02
2.516188076397701252e+02 9.149398242820539906e+01 1.666337000185902184e+02
2.516168597085377598e+02 9.135128636205656960e+01 1.665317892677880138e+02
2.513657341922551609e+02 9.103897479005181026e+01 1.662725648838919881e+02
2.512929777483208227e+02 9.132576118848052715e+01 1.661896161524720981e+02
2.512714979672003892e+02 9.147200960225022470e+01 1.661341284018072884e+02
2.511866295940058649e+02 9.150239247985386726e+01 1.660240581631250905e+02
2.512854082977020767e+02 9.172465062519701462e+01 1.661174214563412761e+02
2.514252875421310875e+02 9.197320988352825566e+01 1.663601288382731980e+02
2.514583498355169979e+02 9.195941675220859679e+01 1.663690965963741064e+02
2.512067838119640157e+02 9.147758666677444239e+01 1.659914121289029367e+02
2.511590433313665471e+02 9.135513372830804713e+01 1.659401031352801965e+02
2.509451467414586148e+02 9.109748547134277885e+01 1.656314126138650806e+02
2.507876835783739295e+02 9.085041747156908798e+01 1.653513671890786441e+02
2.512261095529457293e+02 9.147004146426233717e+01 1.662265338948117233e+02
2.517564277689317009e+02 9.240917871662854566e+01 1.673686924612636631e+02
2.518452849556663864e+02 9.257453463842031738e+01 1.675624994948311155e+02
2.520581267529360332e+02 9.285954688371415955e+01 1.679898562087277014e+02
2.522465587895345038e+02 9.316862537483531526e+01 1.685483749727208931e+02
2.521689042280615354e+02 9.320658174440879407e+01 1.686284179726966386e+02
2.521063239062083312e+02 9.261715876851948792e+01 1.681448703130430431e+02
2.523540910597230891e+02 9.241776254637450450e+01 1.681151300102650339e+02
2.525033745281722588e+02 9.254763540546875333e+01 1.682912278432925746e+02
2.521915196288423147e+02 9.196964945320519291e+01 1.675520808916837154e+02
2.519718358241527199e+02 9.166856879591985319e+01 1.669730926843462271e+02
2.522554376379111147e+02 9.205292957541564647e+01 1.673614705668398983e+02
2.522860347071232923e+02 9.210528123762335895e+01 1.673735380412379357e+02
2.522856103652573267e+02 9.203328860904777287e+01 1.672552476944092064e+02
2.523685186831661440e+02 9.207507213811722124e+01 1.673436684152245846e+02
2.525450125686019476e+02 9.222766951447208328e+01 1.676646123131885417e+02
2.524350595291017783e+02 9.200859595379927214e+01 1.674297047388883186e+02
2.524876092175136080e+02 9.191918106061218907e+01 1.674654504894076297e+02
2.525807664018234675e+02 9.201087527582221526e+01 1.676561739720823425e+02
2.524432796372483381e+02 9.177401572893849391e+01 1.674135757066302403e+02
2.524666022744723932e+02 9.166826165323591624e+01 1.672637143249731366e+02
2.527110151065704144e+02 9.192116940535559877e+01 1.677284616192885665e+02
2.524122703502234799e+02 9.158967758100888545e+01 1.672403916877490531e+02
2.518370163513065734e+02 9.097120133202932379e+01 1.662794513461740564e+02
2.520764138666839074e+02 9.126580370349415716e+01 1.666883916230874263e+02
2.523495000848683674e+02 9.191043961817314312e+01 1.673053846962116324e+02
2.519459671357328148e+02 9.155837731670452229e+01 1.667220035402235681e+02
2.516106158210812964e+02 9.146070190185983506e+01 1.663985620872770141e+02
2.518960887804010724e+02 9.191887795927934235e+01 1.670437152948973960e+02
2.520646616176720158e+02 9.210975905464715652e+01 1.672635647949822726e+02
2.518721922713201593e+02 9.174739130786204555e+01 1.668563380509371825e+02
2.518487241454563161e+02 9.176892766789792688e+01 1.668837747835856362e+02
2.523732026090962677e+02 9.228112446553132031e+01 1.677331253384631680e+02
2.523079186233541691e+02 9.215414117247678405e+01 1.675346747924766078e+02
2.517117102189604054e+02 9.150200451014782743e+01 1.665975824637692995e+02
2.517820458935831311e+02 9.172630353779875634e+01 1.666430032088327664e+02
2.523678680256383302e+02 9.259427259721469738e+01 1.676523710606930138e+02
2.522488057807486257e+02 9.247719869706840257e+01 1.673920150984877182e+02
2.519855966246635717e+02 9.223756274197589278e+01 1.668934901916408649e+02
2.525404902967160012e+02 9.296875631461109890e+01 1.679601320713540815e+02
2.527352510891441284e+02 9.313595913385762515e+01 1.682150402922705155e+02
2.520999183647076904e+02 9.197138723418012773e+01 1.670963215622246878e+02
2.521569216220366911e+02 9.193484937884433350e+01 1.672268127480379292e+02
2.526888644611666450e+02 9.222999733270826539e+01 1.678891821113634819e+02
2.523639034602048241e+02 9.158389844892944609e+01 1.672545929955302597e+02
2.518384267828420491e+02 9.083047744521948630e+01 1.663067345074805417e+02
2.520747771194865834e+02 9.106256819779989087e+01 1.667403270261313821e+02
2.522904114903694506e+02 9.121876237663775555e+01 1.671634443627193320e+02
2.520538388794141724e+02 9.083534727330041392e+01 1.667132014775179698e+02
2.519525222072243196e+02 9.086673644732907462e+01 1.666688395664438644e+02
2.521202948569765852e+02 9.143786018541719329e+01 1.671442641103773781e+02
2.522001721615570489e+02 9.164364174230728111e+01 1.672360472353117018e+02
2.519703324415418422e+02 9.145850340685898061e+01 1.668081611044204351e+02
2.518638428399382576e+02 9.155705579489334411e+01 1.667943154355364186e+02
2.519993937973343350e+02 9.172441218548185304e+01 1.670421755401265784e+02
2.520009658829139880e+02 9.185383241325240533e+01 1.669376015389464953e+02
2.519146870781839880e+02 9.196440782082265741e+01 1.667870571689527139e+02
2.519685987019180118e+02 9.219215007961462049e+01 1.669341178942944168e+02
2.520907040841894400e+02 9.243381075161047988e+01 1.671911518658918112e+02
2.519418732470639668e+02 9.215254888014160883e+01 1.668766700883439285e+02
2.519152043711253555e+02 9.124231132952368739e+01 1.667498565320357784e+02
2.521654731209738145e+02 9.094487597093460352e+01 1.669879001947931272e+02
2.521942960370511173e+02 9.071853606097590728e+01 1.669740302778024841e+02
2.518107637345317187e+02 9.004370721219518714e+01 1.663344500933552013e+02
2.516287372394338888e+02 8.983217885403448122e+01 1.660842702532310682e+02
2.518351047922341479e+02 9.006234996484025146e+01 1.664435059529101864e+02
2.518415709540013552e+02 9.052961502089378598e+01 1.666076454280195094e+02
2.517751594313010628e+02 9.082762425133971362e+01 1.666823134310262731e+02
2.518624849459671395e+02 9.116675422927393413e+01 1.668717032678364944e+02
2.517087681153563210e+02 9.105687797544474904e+01 1.666776537532027760e+02
2.514669134585074346e+02 9.075480314578770447e+01 1.662956409986986728e+02
2.517640942119769534e+02 9.101247969221070377e+01 1.667216640667307956e+02
2.519137009885144778e+02 9.096012398865188686e+01 1.666916651174820743e+02
2.514089847317755186e+02 9.018879979954898829e+01 1.655728413123075313e+02
2.513500375845652854e+02 9.013328780077755198e+01 1.654115024935136375e+02
2.518274383491888955e+02 9.081410189054405180e+01 1.664539366801108997e+02
2.518873028830998919e+02 9.095985321812788982e+01 1.666183832979041597e+02
2.516205373380428512e+02 9.066722302600204841e+01 1.662813952360553174e+02
2.520777758020061299e+02 9.131481316833843209e+01 1.671639333662029969e+02
2.524314829333742978e+02 9.172520024894723178e+01 1.677730175152156846e+02
2.518776157645023943e+02 9.086849443505953161e+01 1.666238310391930213e+02
2.517065049587378098e+02 9.057242101179265603e+01 1.662099683966343662e+02
2.523829907614713761e+02 9.137641548322434915e+01 1.674070893381075109e+02
2.524457812335820108e+02 9.138638953775026152e+01 1.673902449867039479e+02
2.519606897778065218e+02 9.066711390952222871e+01 1.665164685057508507e+02
2.517589738201275509e+02 9.047436570994415206e+01 1.662020594725228477e+02
2.515264546843300764e+02 8.988817581493844955e+01 1.658547376758997984e+02
2.515846460988837805e+02 8.972099724379854990e+01 1.659367407311612510e+02
2.519655191923764050e+02 9.001325967297387365e+01 1.666239805691838853e+02
2.522703340580822839e+02 9.028201760412541432e+01 1.671163383742452879e+02
2.522958188181472963e+02 9.029991270681614424e+01 1.671393255793276751e+02
2.521948294953969025e+02 9.078190040494338575e+01 1.671104218362282836e+02
2.523511408734167958e+02 9.143152334688532790e+01 1.674795265153045989e+02
2.525144478301986055e+02 9.184145779617041683e+01 1.676655296998892766e+02
2.523582374859562947e+02 9.170513898206448289e+01 1.673646793996168753e+02
2.523816005366914226e+02 9.199452801060451179e+01 1.675419128523047902e+02
2.527067272330485537e+02 9.224578285012245260e+01 1.680933511691628723e+02
2.527684992846808427e+02 9.211629796073422938e+01 1.680308637983850701e+02
2.523949087058785494e+02 9.145597756241866705e+01 1.673003128005754832e+02
2.522659653575383345e+02 9.123547740480597668e+01 1.670593795717784360e+02
2.523409930407933928e+02 9.120398719699970513e+01 1.671241300991747494e+02
2.523509953847770362e+02 9.113405161613630412e+01 1.671661722747148815e+02
2.522809951422959784e+02 9.104482666645112943e+01 1.670713298469944448e+02
2.521777547869803868e+02 9.083549276194017352e+01 1.668729803347855238e+02
2.521296869569434591e+02 9.073379216139539949e+01 1.667631808666273230e+02
2.519373065203158717e+02 9.078907784450497331e+01 1.664703849791062282e+02
2.518956482731306608e+02 9.093876140671349617e+01 1.664193507973585611e+02
2.519277770144114470e+02 9.110257353238334588e+01 1.665102488664010139e+02
2.519761277390257135e+02 9.125547805142214486e+01 1.665751004275749381e+02
2.519097323817298673e+02 9.120087131529813007e+01 1.664623952279726211e+02
2.519048585122978352e+02 9.122684103749566020e+01 1.664642461667784801e+02
2.518792444289975094e+02 9.119758165549906437e+01 1.664866271691952022e+02
2.517796897858892180e+02 9.098928637822196208e+01 1.662720031360884434e+02
2.518466468909886089e+02 9.105977562418668469e+01 1.663448848619070191e+02
2.516902061897333454e+02 9.088349997171054895e+01 1.661632342124619015e+02
2.515145326985717986e+02 9.067650600948908846e+01 1.658466226428819823e+02
2.515779374560503072e+02 9.072942750220254027e+01 1.658461821356115706e+02
2.515363883253449160e+02 9.072757656339668131e+01 1.658433936033494831e+02
2.512040963134795106e+02 9.043144656121434366e+01 1.654962698329305510e+02
2.511045416703712476e+02 9.040883116043355017e+01 1.652425942241009977e+02
2.514400223082581078e+02 9.052943316009408647e+01 1.659129735453156798e+02
2.515684645290613446e+02 9.062440895240096950e+01 1.662172185805158335e+02
2.513408515935047376e+02 9.041467091277955603e+01 1.661226913781815426e+02
2.513145262324100315e+02 9.030214757397693859e+01 1.660139426613105229e+02
2.516279208865107648e+02 9.055073916311701510e+01 1.664871202140299431e+02
2.516513243507569371e+02 9.071114038845466609e+01 1.666437791482448461e+02
2.511592979364861264e+02 9.060789195043686561e+01 1.658545194429401590e+02
2.509704779301816302e+02 9.056812101421746775e+01 1.653615513938619870e+02
2.511428173066819625e+02 9.084946775405953190e+01 1.657096774193548470e+02
2.508862198010038753e+02 9.065785113279071084e+01 1.653272281989314649e+02
2.504266939323154588e+02 9.010864768309340889e+01 1.644791991658651398e+02
2.506565094042240105e+02 9.038142675859393194e+01 1.648285860929025830e+02
2.508677225369985706e+02 9.082689276678979695e+01 1.652880917548354773e+02
2.504917516023957091e+02 9.037167093702767318e+01 1.646188884667922139e+02
2.499255057750907270e+02 8.962734701465393528e+01 1.636384364820846997e+02
2.503484776230389457e+02 9.023071669320486876e+01 1.645280873901762959e+02
2.506309761479457734e+02 9.070196248009634132e+01 1.653111880763977126e+02
2.505611254354555797e+02 9.061969673701311478e+01 1.651867063796768491e+02
2.509919253804931998e+02 9.101837198212106728e+01 1.658828493141827209e+02
2.515962164870959725e+02 9.182741814243337330e+01 1.670436708400352472e+02
2.514838103474753552e+02 9.179436393174965758e+01 1.666481397660865866e+02
2.510933673345672901e+02 9.137274189507036226e+01 1.658766337161839886e+02
2.515215808148980443e+02 9.196709127795604388e+01 1.665175637119001522e+02
2.520658538162478521e+02 9.255766199755902335e+01 1.672629424269121614e+02
2.517707543585971735e+02 9.225927288010927896e+01 1.668044592268087172e+02
2.513915382190573951e+02 9.203026567842161398e+01 1.663645258282749069e+02
2.517158000662781490e+02 9.158040672157515871e+01 1.666245867718495788e+02
2.518134431503140149e+02 9.125312194372823171e+01 1.665788710081554598e+02
2.514301371634564930e+02 9.058516743317625242e+01 1.659112721365006848e+02
2.513198001956014025e+02 9.051833965131223181e+01 1.657666402631727749e+02
2.515194671882703688e+02 9.118312170124715976e+01 1.662522853840495998e+02
2.515732575714712880e+02 9.150834943138190170e+01 1.663266260376169043e+02
2.514527283161306457e+02 9.166165000282894937e+01 1.663509347645104697e+02
2.515354709386442096e+02 9.178672981951325482e+01 1.664304119753315945e+02
2.518224270738193127e+02 9.204352939274657786e+01 1.668046532116617300e+02
2.517548880141608834e+02 9.210286450966286509e+01 1.668418417245253522e+02
2.514294137616087710e+02 9.152409453528503036e+01 1.663944318264482263e+02
2.518219784838467206e+02 9.159765116673806062e+01 1.669089079461045344e+02
2.522534250450610784e+02 9.186066633797011605e+01 1.675302697197727184e+02
2.523381843017757831e+02 9.201273833868138752e+01 1.677196272257741327e+02
2.523618787433014745e+02 9.198130066843947361e+01 1.676842694449608473e+02
2.524787142037325793e+02 9.158586658691733362e+01 1.673589204742929724e+02
2.526254556623370320e+02 9.158016828185999714e+01 1.673880424503520032e+02
2.526161322653389618e+02 9.154802337517479316e+01 1.673995603009998376e+02
2.526398347895668621e+02 9.147587717525723860e+01 1.673044268959998817e+02
2.526529732220075743e+02 9.135280995142295524e+01 1.671410431535470877e+02
2.525998860338988550e+02 9.134182555912092027e+01 1.670779172492947851e+02
2.522012633263552743e+02 9.098103393926658100e+01 1.665504279790819737e+02
2.522087034537386501e+02 9.089333662029889638e+01 1.664512613056797079e+02
2.523628607916198519e+02 9.104606736124020472e+01 1.666529813047097832e+02
2.522554861341243679e+02 9.135023965212049291e+01 1.667046661439852642e+02
2.520597190452712084e+02 9.139806095974006439e+01 1.665013821420777447e+02
2.522427841676029061e+02 9.171137478681872324e+01 1.668120529255340614e+02
2.524580305687797477e+02 9.216339990785719749e+01 1.673157426790924660e+02
2.520874548379014186e+02 9.172959723894892647e+01 1.666927966957913441e+02
2.518540668116164625e+02 9.153575787457262436e+01 1.663588113578131527e+02
2.521994123875494154e+02 9.127913612078789640e+01 1.669122622675212710e+02
2.524037835129040275e+02 9.111527145755368906e+01 1.671209293490999812e+02
2.520533175451216721e+02 9.049924022599235229e+01 1.664863240678623697e+02
2.522037164264756939e+02 9.075606404733230193e+01 1.668751384162753197e+02
2.525440628510923773e+02 9.147163779794861682e+01 1.678332174812683490e+02
2.524081158412880654e+02 9.136535026390022551e+01 1.676500392011057272e+02
2.518739987552638695e+02 9.066821719837375326e+01 1.667748361232127081e+02
2.519412023827806024e+02 9.086693043218208743e+01 1.669298623515813915e+02
2.523417043185878015e+02 9.135534387856547767e+01 1.676616540441800396e+02
2.523275595897220285e+02 9.124885427696187890e+01 1.675419977206779834e+02
2.520883479764954984e+02 9.133406616500028008e+01 1.672865398760113465e+02
2.519211209091423314e+02 9.128473743341874069e+01 1.670326137034133183e+02
2.521737093945247636e+02 9.157436490167393117e+01 1.673430864606655177e+02
2.521629311111290690e+02 9.159769562160020939e+01 1.672636294565999435e+02
2.520277479166834951e+02 9.153153062131731588e+01 1.671060410116310209e+02
2.522758868744998892e+02 9.192118961211112094e+01 1.675028774419864135e+02
2.526060369702799164e+02 9.229390725907485660e+01 1.678604157742016412e+02
2.525281035555807136e+02 9.220481163262502378e+01 1.676438478512136214e+02
2.521488752919876219e+02 9.179324447749371529e+01 1.670180082605216683e+02
2.524248066213496600e+02 9.162006854131473688e+01 1.672162001600375163e+02
2.526992062786430893e+02 9.176503180543319615e+01 1.675503956482731382e+02
2.526487338446989668e+02 9.162686205252140326e+01 1.674195649889671245e+02
2.524890034836446659e+02 9.131403318757527643e+01 1.671278077286798407e+02
2.527663694926487779e+02 9.163544184091625766e+01 1.677080245067531052e+02
2.530689979874071582e+02 9.237516266438196055e+01 1.682532835977723948e+02
2.529420349011081441e+02 9.239382158243144261e+01 1.679771582835573724e+02
2.527468336014096337e+02 9.231681363713516930e+01 1.676539269808682491e+02
2.528716871024320767e+02 9.248727782672303022e+01 1.678228312089297560e+02
2.530519394443950603e+02 9.286963813742210050e+01 1.682129428310472861e+02
2.528384914444597200e+02 9.263037802798231724e+01 1.677918380873093440e+02
2.528634063740189504e+02 9.219804236952498400e+01 1.675396092821752063e+02
2.531940535559848229e+02 9.201720807300296201e+01 1.678904955504724228e+02
2.533008987964856544e+02 9.210551563598743030e+01 1.680218111719109970e+02
2.530465846541815722e+02 9.166000921428052095e+01 1.675141891837278934e+02
2.530764340734394295e+02 9.139136039960879998e+01 1.674735453156699236e+02
2.532725527598386748e+02 9.129537426952579438e+01 1.677995489852167452e+02
2.529933883495930331e+02 9.069411821760250803e+01 1.672011946233864990e+02
2.528176501968137870e+02 9.047324625568819556e+01 1.669424632843252141e+02
2.532165073027214532e+02 9.121080495631299812e+01 1.679226081263487913e+02
2.534447143168904120e+02 9.218474228304006601e+01 1.684333096240735301e+02
2.532048560874871725e+02 9.216323017111081128e+01 1.679671034020093714e+02
2.531256173163812093e+02 9.232502970393062469e+01 1.679957323332336330e+02
2.534450942038942571e+02 9.288263916392529040e+01 1.686119090534347436e+02
2.534451669482141369e+02 9.284925760380210136e+01 1.685412500707236347e+02
2.531934352292658446e+02 9.164267990074441173e+01 1.675644878395745252e+02
2.533428439795992517e+02 9.151501361935322620e+01 1.678318717113505443e+02
2.535797035264829731e+02 9.152464820038635196e+01 1.680464351241907082e+02
2.535067450149934132e+02 9.118148091269873134e+01 1.676866498007613870e+02
2.535417875704205528e+02 9.127836826407803983e+01 1.677906660954890299e+02
2.536256092336790005e+02 9.158042288697957645e+01 1.680925024854309413e+02
2.535234802499171565e+02 9.134863119438089996e+01 1.678405686989274272e+02
2.535078927587071007e+02 9.146112624372580058e+01 1.679217917734256957e+02
2.535800632067312677e+02 9.165300151146531960e+01 1.681778921929179376e+02
2.535674461085830274e+02 9.155789235457197606e+01 1.681197290678219645e+02
2.534908463397483160e+02 9.117865196692558527e+01 1.679581881814728206e+02
2.534155963821824855e+02 9.099640723886810179e+01 1.679017587960006779e+02
2.533883536343870446e+02 9.092312541929017300e+01 1.679213795556130435e+02
2.534161783367415524e+02 9.088144696534945410e+01 1.679527121507262279e+02
2.535636068250337587e+02 9.116971249828242208e+01 1.684322871622440800e+02
2.534980439860654258e+02 9.116639859037672977e+01 1.683099069680975788e+02
2.533495202916238895e+02 9.092926827296902559e+01 1.678724307110353209e+02
2.535166503665505502e+02 9.130234560018105583e+01 1.683177835614002333e+02
2.537314360537014863e+02 9.168867047631364642e+01 1.687319048504296006e+02
2.537413858601207437e+02 9.155807825672279421e+01 1.685981603769772335e+02
2.535680523112486924e+02 9.080982614107549011e+01 1.679566807575108385e+02
2.535997930828234530e+02 9.079117934707932136e+01 1.680220374875728453e+02
2.538473783755385114e+02 9.080323065607294097e+01 1.682992014290217639e+02
2.538948884991230273e+02 9.071525852523015487e+01 1.682053046774597647e+02
2.537323898125621326e+02 9.061067239999677270e+01 1.680113400311992393e+02
2.536855667186653704e+02 9.050674905634451761e+01 1.678578535576013735e+02
2.538914169785242620e+02 9.085460026996224769e+01 1.681441873247063938e+02
2.538809498791636088e+02 9.097381608619393489e+01 1.680748741119130898e+02
2.536397660865980583e+02 9.078857267561691913e+01 1.677156828670961204e+02
2.536894019608635631e+02 9.079838507609863996e+01 1.676326815981118727e+02
2.539476200483345565e+02 9.119054970457723641e+01 1.684452437338851212e+02
2.539492810436385071e+02 9.142034496973028013e+01 1.688103434340168576e+02
2.537486522094066572e+02 9.119759782090348210e+01 1.687518125459703811e+02
2.536659338349997199e+02 9.107123285456793838e+01 1.685316882340104030e+02
2.538228110021742339e+02 9.139928144777361751e+01 1.689239054000533429e+02
2.538380873093492482e+02 9.139978661666168591e+01 1.688172743511610747e+02
2.536546867548758826e+02 9.101223316979331912e+01 1.683373841142570768e+02
2.537126235643100074e+02 9.107708068961615311e+01 1.682970918437451928e+02
2.537939234244792601e+02 9.125835549340855835e+01 1.684274698717275101e+02
2.536784054445082006e+02 9.110475182062867816e+01 1.682253295721825737e+02
2.534416307659977008e+02 9.073590174667194219e+01 1.677692348105818780e+02
2.536281148713638061e+02 9.096637191745944051e+01 1.681292949458863006e+02
2.538258622222581380e+02 9.122867176954599699e+01 1.686123172298962913e+02
2.537162729043573961e+02 9.106693285699275009e+01 1.683938377478358461e+02
2.536313317868429635e+02 9.089712740763492604e+01 1.681961954720702295e+02
2.537080527962108363e+02 9.114962698329306079e+01 1.684591136508757643e+02
2.536858213237849782e+02 9.109940511311741318e+01 1.683917887828258699e+02
2.534790698426297979e+02 9.080529174513623047e+01 1.679834991634403139e+02
2.535343797738459841e+02 9.097603074659920708e+01 1.681462767032274144e+02
2.536048568957573934e+02 9.103969010919730920e+01 1.682541969431220252e+02
2.534196579400425264e+02 9.078466064774775646e+01 1.679589641208849002e+02
2.534001099247500406e+02 9.076825276226348649e+01 1.679172331293798095e+02
2.535963336862780011e+02 9.130231326937222036e+01 1.686108623434986669e+02
2.535103256520719981e+02 9.115618205478455138e+01 1.684135110450125694e+02
2.533494030924418610e+02 9.077716394144890444e+01 1.679722642073698182e+02
2.533978023132693806e+02 9.086936736689810346e+01 1.680893704383249485e+02
2.534281164879042478e+02 9.146433911785388204e+01 1.682649469370599888e+02
2.533502962310359692e+02 9.158949572020918595e+01 1.680020530063610806e+02
2.533427106150128054e+02 9.161754269687442331e+01 1.677774751254839600e+02
2.533338560147428495e+02 9.180171514940874999e+01 1.678102262348348290e+02
2.532018533636165216e+02 9.147118516662490606e+01 1.677433216672998242e+02
2.532158808933002376e+02 9.132671898869230631e+01 1.678712021402995447e+02
2.533799678308452030e+02 9.147566702499979385e+01 1.683609492325474264e+02
2.534627266187631847e+02 9.167376597344023992e+01 1.686511667380638642e+02
2.534898036711633438e+02 9.168532019624801421e+01 1.687345115218919887e+02
2.535067167255356821e+02 9.163762417051268017e+01 1.687294679157135704e+02
2.535579974297006913e+02 9.169327761657277165e+01 1.687742582100047741e+02
2.536236047235311730e+02 9.175288754536416036e+01 1.688289215250442510e+02
2.535412621947769480e+02 9.156931321279330405e+01 1.685060175717946152e+02
2.533418174764187256e+02 9.133097049005424140e+01 1.682426103895054155e+02
2.533822350288148471e+02 9.153565684079501352e+01 1.684329418611229983e+02
2.535246118282264263e+02 9.169231173365879783e+01 1.686949709426855577e+02
2.534930812069090962e+02 9.162621139499357525e+01 1.685555039160692274e+02
2.532985669368983395e+02 9.147603478795031151e+01 1.682935112066666079e+02
2.532882008713152970e+02 9.152951398711617514e+01 1.683854155721340646e+02
2.533138230373178317e+02 9.149955949272960254e+01 1.683826836187874392e+02
2.530794287146078716e+02 9.166164596147784493e+01 1.679141819092959054e+02
2.530323671809959478e+02 9.187187300458289485e+01 1.677045206553455046e+02
2.530806128304814990e+02 9.211646769748061558e+01 1.678520986736285749e+02
2.530827345398113550e+02 9.222941537814922697e+01 1.678194526394063928e+02
2.531105996556768787e+02 9.225439496932614247e+01 1.677575835953475973e+02
2.532873400635300527e+02 9.237812901609265737e+01 1.681655458652936943e+02
2.532056441509525371e+02 9.222745532286353409e+01 1.680950849087867027e+02
2.531477315896250389e+02 9.206123051058429496e+01 1.679102860468311746e+02
2.534540013417285707e+02 9.248008826310812935e+01 1.684843155163634378e+02
2.535578438583587229e+02 9.273293135361014095e+01 1.687650520121887041e+02
2.534280235368288459e+02 9.216082556720363073e+01 1.687692105624752514e+02
2.532915875235408691e+02 9.151063683610705368e+01 1.685613396270641147e+02
2.535038958624647307e+02 9.165743083227584975e+01 1.690909142344468705e+02
2.534822867581089838e+02 9.161766393740755632e+01 1.690752014613525489e+02
2.533413971759038361e+02 9.139951988748877909e+01 1.685306455654254307e+02
2.532746502210619042e+02 9.122127205567365138e+01 1.681019956191753977e+02
2.533586739518756019e+02 9.134300159229233884e+01 1.681770313851326648e+02
2.535630248704746919e+02 9.172773821744085865e+01 1.685443417043185832e+02
2.536051802038457481e+02 9.183052190008163507e+01 1.685902797423234460e+02
2.535978047380800433e+02 9.184246005124433054e+01 1.686107451443166383e+02
2.536213738977214973e+02 9.195620387808051532e+01 1.687520671510899604e+02
2.536256092336790005e+02 9.187744602775599390e+01 1.687271562628818060e+02
2.537793058575342968e+02 9.196525650455460266e+01 1.689484444839598893e+02
2.537688993784402101e+02 9.208764074005220834e+01 1.690281843826028023e+02
2.536572408887739414e+02 9.205588380307304419e+01 1.689152528673386087e+02
2.536702499979793117e+02 9.205323671809959762e+01 1.687768487160627444e+02
2.538147970029340286e+02 9.222510325652072538e+01 1.689276598152294184e+02
2.535569224303069120e+02 9.197598629173705831e+01 1.685626611488752928e+02
2.532258872786349855e+02 9.140052618391381145e+01 1.678633497951034883e+02
2.534995069551652591e+02 9.181706015955253974e+01 1.683444483959877402e+02
2.537260085191681185e+02 9.242894496488065670e+01 1.689276315257716874e+02
2.535903767347499524e+02 9.222194291995700155e+01 1.686163141261386613e+02
2.534877223753445321e+02 9.197064362557689776e+01 1.683986712037568338e+02
2.535939088756152842e+02 9.220378512944446925e+01 1.687356673483078850e+02
2.536419080026834649e+02 9.238248155123220329e+01 1.689994827070586325e+02
2.535533498759305076e+02 9.217912884635590842e+01 1.688140251048730534e+02
2.535896412088489456e+02 9.216008195860040075e+01 1.689059537184471651e+02
2.537398299399455084e+02 9.242243838960240510e+01 1.693312250951738065e+02
2.536934635187235756e+02 9.231068290750964422e+01 1.691631655094931261e+02
2.535333330639099358e+02 9.195744053151850039e+01 1.687703098099756573e+02
2.536023755061792144e+02 9.183382368393401407e+01 1.687954389311434511e+02
2.536840956668633567e+02 9.189976236855505931e+01 1.689119025872729765e+02
2.537237494039007117e+02 9.181277228603066476e+01 1.687347337962027325e+02
2.537841918510196422e+02 9.183281738750899592e+01 1.687259398161993431e+02
2.538252317714858464e+02 9.195418320252827016e+01 1.688671729132483676e+02
2.538152294275022030e+02 9.224561311337606639e+01 1.689768955957355558e+02
2.537739793567785682e+02 9.236459048989257781e+01 1.689520251210384743e+02
2.537427882089540105e+02 9.250614689502994281e+01 1.688778057080043027e+02
2.537971524640117593e+02 9.276221498371334917e+01 1.692063271392892148e+02
2.538925485568335318e+02 9.264501176033171248e+01 1.693813944277850965e+02
2.538414092999571494e+02 9.233051785873053063e+01 1.692433055018954065e+02
2.537470154622093332e+02 9.215410884166794858e+01 1.690620468635074189e+02
2.536562669231577445e+02 9.194408386611812034e+01 1.688756557092167156e+02
2.537452615158299807e+02 9.201574106255203844e+01 1.690687070101276390e+02
2.538276161686374905e+02 9.211708602419960812e+01 1.692156060814251362e+02
2.537020069349584901e+02 9.188225523557035501e+01 1.690297079719692022e+02
2.536665885338786381e+02 9.168020788710082059e+01 1.687974313172379652e+02
2.538499082613299151e+02 9.192331536279209558e+01 1.691958964120885014e+02
2.538468125863838907e+02 9.187743390370268060e+01 1.691867185037301624e+02
2.537206335221991367e+02 9.163644409599017138e+01 1.689031247726740048e+02
2.538655604141576703e+02 9.175268951916004312e+01 1.692732882857396817e+02
2.540239732947518974e+02 9.198172905165654356e+01 1.697623321828953920e+02
2.538948723337186095e+02 9.177993630830658844e+01 1.695437031708440827e+02
2.537621220326379614e+02 9.145980068056353218e+01 1.692321028766337179e+02
2.538717679294541654e+02 9.164074005221425523e+01 1.694788677750745762e+02
2.538830432990357338e+02 9.173400635300393446e+01 1.693523734855036764e+02
2.536290403407667213e+02 9.138938417891868937e+01 1.687351136832065777e+02
2.536157887504950565e+02 9.140876245746477480e+01 1.685399366316146939e+02
2.538307845879034232e+02 9.173924798538646996e+01 1.688962948893073985e+02
2.536795087333597394e+02 9.153012018978185438e+01 1.685681008074619456e+02
2.533958180098770754e+02 9.136991699064832062e+01 1.682538332215226262e+02
2.535894714721025593e+02 9.179065801278683523e+01 1.688653421811980309e+02
2.537664826504797020e+02 9.198594822220964318e+01 1.692579473169469964e+02
2.536892241414149680e+02 9.189987956773708788e+01 1.690923529554400488e+02
2.535790003313908016e+02 9.185766361409946512e+01 1.689386765383403031e+02
2.536553091229459937e+02 9.180831467576240357e+01 1.690213908713961359e+02
2.536235885581267553e+02 9.159244186516436059e+01 1.688736229096111288e+02
2.534833940883115986e+02 9.126127334890600196e+01 1.685692566338778420e+02
2.534248066213496600e+02 9.117917734256916162e+01 1.684725066884360842e+02
2.533847689559573553e+02 9.117843373396594586e+01 1.683898933891578622e+02
2.532419880214353327e+02 9.175521536360035668e+01 1.685777596366017121e+02
2.531398226655135204e+02 9.198249690836640013e+01 1.686374221029574585e+02
2.529872859094252249e+02 9.189942289506227269e+01 1.683355412581534267e+02
2.529869787667412879e+02 9.197940931612257032e+01 1.682433499567575552e+02
2.530434121935645635e+02 9.207537928080115819e+01 1.683394815754803062e+02
2.529721550908899985e+02 9.243249731250151058e+01 1.685841207232402041e+02
2.529713185312113524e+02 9.269749274577476683e+01 1.687506850090122157e+02
2.532951519952150363e+02 9.330932905488963058e+01 1.693536545938038103e+02
2.532300822010814727e+02 9.323865390677411824e+01 1.691544725632673476e+02
2.528067547142360638e+02 9.226611084617809411e+01 1.682617381042830118e+02
2.527183380347717900e+02 9.193508781855949508e+01 1.679750082847697570e+02
2.533257773538849449e+02 9.260930238197234132e+01 1.689529061355792408e+02
2.534922648539859722e+02 9.279298583102303155e+01 1.691922551547433216e+02
2.530638088925889804e+02 9.208385803541840176e+01 1.682666483458749838e+02
2.530803622667129957e+02 9.209198115113845517e+01 1.682677395106732092e+02
2.535188407788491816e+02 9.270631097388478281e+01 1.690429070246764809e+02
2.533739664244550340e+02 9.246291252091398860e+01 1.686579077117061729e+02
2.529607423153708794e+02 9.182732923270907577e+01 1.678542527137672664e+02
2.531953508296893745e+02 9.217842160991263256e+01 1.682957339497740747e+02
2.533620040251857120e+02 9.234935459622860776e+01 1.685977926140267300e+02
2.529832526410229434e+02 9.261133114022679536e+01 1.682671292666564398e+02
2.528762497878290674e+02 9.298388309179524924e+01 1.683339045109561027e+02
2.533704625730474334e+02 9.389556340475748186e+01 1.693386975533660461e+02
2.534564301937423636e+02 9.400628430096749355e+01 1.693651481963449896e+02
2.531246595161694586e+02 9.353222977505839708e+01 1.687488219461530434e+02
2.531166414755781204e+02 9.303857469629247134e+01 1.685975258848538374e+02
2.534087058785493127e+02 9.279857501960054833e+01 1.689254330307708472e+02
2.534126987334405499e+02 9.256729253724104467e+01 1.688056271772778985e+02
2.533034933438947292e+02 9.230769230769230660e+01 1.685670581388770017e+02
2.535009416348073614e+02 9.274691846978281262e+01 1.692100734717630814e+02
2.535611900970732506e+02 9.279120359518594796e+01 1.692732882857396817e+02
2.532958390249028184e+02 9.238080034917273053e+01 1.687423072881725830e+02
2.531105754075702521e+02 9.213110142983002504e+01 1.683324092110474339e+02
2.533518279031045779e+02 9.237697318967677518e+01 1.686855303465054305e+02
2.533754657657148073e+02 9.236827620209989220e+01 1.686570873174319729e+02
2.530731888685025126e+02 9.194124683764276540e+01 1.684190800268345640e+02
2.532100977198697080e+02 9.228670153005552379e+01 1.688986671624057294e+02
2.534738120448428447e+02 9.275826254233315638e+01 1.696132750301080705e+02
2.532372879301007913e+02 9.232356673483079135e+01 1.690434930205866522e+02
2.531265953233485106e+02 9.209291470324359352e+01 1.687880109278133887e+02
2.534449285084989754e+02 9.251949143637700956e+01 1.691167950469200889e+02
2.534658990793802218e+02 9.248635235732010074e+01 1.689564261523912592e+02
2.532930545339918069e+02 9.207659168613250245e+01 1.683643682155818340e+02
2.534618375215201809e+02 9.216854454781322659e+01 1.684669659960718207e+02
2.533829665133647495e+02 9.216979736665561518e+01 1.683169914565837644e+02
2.530819949725592153e+02 9.176765060094891169e+01 1.677140218717921698e+02
2.531790641847382517e+02 9.191265023722731087e+01 1.678623111678696489e+02
2.532477671535147579e+02 9.208623030851674685e+01 1.680830538065486053e+02
2.528965535357780823e+02 9.171048568957573366e+01 1.675554028822916166e+02
2.529760994495679824e+02 9.197182370009942076e+01 1.678313220876003129e+02
2.535663226129759664e+02 9.288208954017507324e+01 1.691761624946452116e+02
2.536181893130511469e+02 9.296197492745774582e+01 1.692176550464351124e+02
2.531270398719699983e+02 9.223068436239603329e+01 1.684243620727281439e+02
2.532026656751885412e+02 9.243157184309858110e+01 1.686466606315823640e+02
2.536889735776464647e+02 9.332281100217424807e+01 1.695440345616346463e+02
2.535773150879802245e+02 9.320307385165008895e+01 1.692765860282409562e+02
2.529724258614139956e+02 9.237788249367528692e+01 1.681054792638274762e+02
2.532255397224400042e+02 9.277242343660331869e+01 1.685340322176510028e+02
2.536079323639479242e+02 9.312082427397128015e+01 1.690526951770515893e+02
2.533705393587184176e+02 9.271756613671082903e+01 1.685834094454457954e+02
2.528484776230389457e+02 9.171175063247144976e+01 1.676216850817565387e+02
2.530606243079186299e+02 9.181324916546100212e+01 1.680313608845709439e+02
2.533277050783617881e+02 9.201182903468287577e+01 1.685252665271053445e+02
2.529672650560535487e+02 9.134604068832291546e+01 1.677683052998278299e+02
2.528772358774985776e+02 9.123239385391323708e+01 1.675742679092474248e+02
2.532128822107807196e+02 9.195884692170285746e+01 1.681543917362452589e+02
2.531755845814372776e+02 9.188525795944100594e+01 1.678356140024733065e+02
2.528246174861179725e+02 9.142918340459581827e+01 1.671143702362573720e+02
2.530379604109245690e+02 9.182870329208461158e+01 1.675396901091972950e+02
2.531989193427146461e+02 9.236951285553786306e+01 1.680943534242368003e+02
2.528128611957549765e+02 9.199433806710258921e+01 1.676608781047679884e+02
2.528179128846356036e+02 9.226280097962350624e+01 1.678723094705021879e+02
2.532816336757704789e+02 9.303300571447046252e+01 1.688901682010329637e+02
2.532074021386829941e+02 9.286799734887367208e+01 1.685677168791070244e+02
2.527693075549017578e+02 9.232523985418805523e+01 1.678868340863717492e+02
2.529667194736544218e+02 9.250447781702378336e+01 1.680473525108914430e+02
2.532703259753800751e+02 9.255403286426718523e+01 1.681906911518659058e+02
2.531156594272597147e+02 9.220262526167748263e+01 1.677640982533280578e+02
2.528389117449745811e+02 9.188885476192400859e+01 1.673704140768341802e+02
2.530436021370664719e+02 9.259063942257175484e+01 1.680659023124611053e+02
2.532986558466226370e+02 9.306010701497724824e+01 1.686330816918712401e+02
2.531776739599582982e+02 9.308686075928903847e+01 1.684473573605127683e+02
2.528335690788144348e+02 9.282083478148415168e+01 1.681415483224351703e+02
2.529377308621818372e+02 9.281362096976261000e+01 1.681560123180381652e+02
2.532330404700899464e+02 9.300914961890059374e+01 1.685269841013247571e+02
2.532350894350999511e+02 9.310407287364311912e+01 1.686839016820103438e+02
2.529693544345745693e+02 9.270069349584953500e+01 1.682669676126122624e+02
2.530530629400020928e+02 9.260477202738420033e+01 1.683020101680393736e+02
2.533638468812893620e+02 9.323421650326136501e+01 1.690882024878557388e+02
2.532322241171668509e+02 9.281824831677727161e+01 1.687832744643189073e+02
2.528711172719263516e+02 9.209761883592922516e+01 1.680533498759305076e+02
2.529847923957937610e+02 9.216183590497975331e+01 1.682403755223446353e+02
2.534506591443651473e+02 9.307796574550803825e+01 1.695157087317431888e+02
2.533486554424875408e+02 9.289257280494014424e+01 1.692433216672998242e+02
2.531900364529869591e+02 9.246191834854228375e+01 1.687596850979219312e+02
2.533692137955561350e+02 9.236869246126364885e+01 1.688863976204524704e+02
2.533543133340338329e+02 9.226123293539495762e+01 1.688272160748781516e+02
2.531502129792032179e+02 9.185451136023795016e+01 1.682575310577832397e+02
2.533754213108526301e+02 9.199525545380330982e+01 1.685178425651263865e+02
2.535976471253869704e+02 9.269889509460803367e+01 1.692825551038223182e+02
2.533740997890414803e+02 9.259497579230688302e+01 1.690518262865641361e+02
2.531717089257280406e+02 9.233388834555168501e+01 1.687448210085595690e+02
2.535325652072000651e+02 9.313997623685550309e+01 1.697644134787142036e+02
2.535620306981030012e+02 9.323529958535738160e+01 1.698516783731136854e+02
2.531902344791910764e+02 9.267914905311143059e+01 1.691343910896290765e+02
2.531694498104606339e+02 9.227472296538178398e+01 1.688040510503471410e+02
2.535272548718487542e+02 9.260195924701545778e+01 1.694470380937755181e+02
2.534599906240654263e+02 9.240021095852765143e+01 1.691832550658336061e+02
2.532602023908633271e+02 9.178579222605701204e+01 1.684743333791353166e+02
2.535215606081425221e+02 9.215756419686229606e+01 1.689934934247217484e+02
2.536042426103895195e+02 9.254729189062487649e+01 1.693863248761325906e+02
2.533385439820240776e+02 9.232376071968380415e+01 1.690326783650309892e+02
2.533914735574397241e+02 9.238217440854826634e+01 1.692307449826625998e+02
2.537061614438939330e+02 9.300726634928589931e+01 1.700941392326282653e+02
2.536859385229670067e+02 9.296713169146708822e+01 1.699888579950048779e+02
2.533975032532876526e+02 9.272897891222993394e+01 1.692570460956507077e+02
2.533752071192440951e+02 9.281443732268571978e+01 1.691314004898117673e+02
2.535025096790358816e+02 9.302882695742840724e+01 1.693472207628454385e+02
2.534365144154994027e+02 9.278883940478981174e+01 1.690026430436223563e+02
2.533956967693439140e+02 9.267567349116156095e+01 1.688339328004138338e+02
2.534222080325894524e+02 9.270462168912310119e+01 1.689072873643116282e+02
2.533208226574308242e+02 9.259505257797786726e+01 1.687194615303788225e+02
2.532718536060975794e+02 9.246189814178676158e+01 1.685921266397782006e+02
2.534683440967984325e+02 9.278250660760905077e+01 1.689979995312032770e+02
2.534825858180907119e+02 9.285728372709564837e+01 1.691080818939387882e+02
2.531802159698030152e+02 9.249738524583538890e+01 1.686823578858884218e+02
2.529483434501822785e+02 9.221860880529578708e+01 1.683193596883309908e+02
2.531008559581639474e+02 9.262099401071766636e+01 1.688015454126623638e+02
2.531892322241171769e+02 9.284061719514068045e+01 1.690944463753122022e+02
2.532274795709701607e+02 9.286327300943251828e+01 1.691059642259600366e+02
2.531770515918881870e+02 9.300906070917629620e+01 1.691319581962641792e+02
2.532531744812925751e+02 9.348754455589592283e+01 1.695410843753283530e+02
2.532138117215347393e+02 9.364053798465903355e+01 1.695777434711972944e+02
2.531012843413810174e+02 9.350112349560704672e+01 1.693258177673959892e+02
2.532535260788386893e+02 9.374494629044382066e+01 1.695804390523839800e+02
2.533298227463405681e+02 9.390649930084626362e+01 1.697803444847681362e+02
2.530330946241947743e+02 9.338329790415531306e+01 1.692364352050177274e+02
2.530001616540441773e+02 9.326658772560843147e+01 1.690819303109415443e+02
2.531788621171830300e+02 9.365113440725502869e+01 1.695671308831968815e+02
2.531150128110830053e+02 9.355053305421068899e+01 1.694235295544006306e+02
2.528487039387007940e+02 9.339970983099070168e+01 1.687686771041294662e+02
2.530286087244687678e+02 9.389902684265403821e+01 1.690962528592559124e+02
2.531396448460649253e+02 9.428304410730595464e+01 1.693443675689656516e+02
2.528417204839922192e+02 9.392746583037640562e+01 1.688143403302591992e+02
2.526879349504126253e+02 9.375939816199351640e+01 1.685380129484889267e+02
2.528193516056287820e+02 9.359264393271958227e+01 1.686703914452679953e+02
2.527993388349593147e+02 9.335240985766361632e+01 1.685564334268232471e+02
2.523745241309074459e+02 9.249392989064104142e+01 1.676955852280534316e+02
2.523548508337307226e+02 9.240735202592931330e+01 1.675528406656913489e+02
2.526104218362282836e+02 9.275130333573120822e+01 1.681070230599493982e+02
2.524603098908027050e+02 9.285241389901472076e+01 1.680564132200677250e+02
2.522115243168096015e+02 9.274602533118871861e+01 1.678524664365790784e+02
2.524525424139798417e+02 9.341351104501256941e+01 1.685705983624445423e+02
2.524005504320204238e+02 9.338548023375174978e+01 1.684742121386021836e+02
2.521804544095181768e+02 9.303178522643690940e+01 1.679915899483515318e+02
2.522679334955262220e+02 9.313456486772658138e+01 1.680953233485018643e+02
2.523581283694764750e+02 9.329324447749371529e+01 1.683219299876334674e+02
2.521197129024175467e+02 9.304789809329055572e+01 1.679013910330501744e+02
2.519535406277026652e+02 9.276267973909037323e+01 1.675585430120998183e+02
2.522366089831152465e+02 9.333606663379701729e+01 1.682232321109593443e+02
2.523353513146515184e+02 9.373755061792257948e+01 1.686367593213763314e+02
2.523050896775810088e+02 9.381705611820143531e+01 1.686271934433119668e+02
2.522946791571358176e+02 9.384810177738621917e+01 1.685428019495477656e+02
2.524238892346489251e+02 9.431988102262347695e+01 1.690680967661108411e+02
2.524839962496261876e+02 9.443519693503932899e+01 1.692266308872382297e+02
2.525148155931491090e+02 9.424372984376137197e+01 1.691927764890358219e+02
2.525578236516032007e+02 9.423696462201243662e+01 1.693393886244049042e+02
2.526030867839736231e+02 9.426863264926730324e+01 1.693898974305089666e+02
2.527065292068444364e+02 9.430945433677386802e+01 1.695310335351314563e+02
2.527083599388947732e+02 9.427092813669466409e+01 1.695401225337654978e+02
2.526091488106303586e+02 9.427343781573055992e+01 1.694520251210384743e+02
2.526219477695783269e+02 9.422765334906766554e+01 1.693305138173794262e+02
2.528414860856281337e+02 9.428277737813306203e+01 1.694540579206440327e+02
2.528059343199618638e+02 9.438206125071734220e+01 1.694577153433936019e+02
2.525507229977125974e+02 9.424189507035991653e+01 1.692120052375910291e+02
2.524891934271465743e+02 9.383818834312687329e+01 1.689436271934433194e+02
2.527561489157054950e+02 9.381168112123245351e+01 1.692251113392229342e+02
2.527399107669676255e+02 9.367125225305323966e+01 1.691611367512386721e+02
2.525139264959061052e+02 9.328570735768381894e+01 1.687190291058106482e+02
2.524256512637304866e+02 9.309946977473508412e+01 1.685755813483563941e+02
2.527972454150871613e+02 9.378100322499818731e+01 1.695630046637191697e+02
2.528907501555920305e+02 9.393955755288108378e+01 1.697078830594644501e+02
2.524932145714955425e+02 9.338321707713322439e+01 1.689662789663840385e+02
2.521948133299924848e+02 9.297480621721453531e+01 1.684506429789607296e+02
2.527268814510067045e+02 9.380768018363899330e+01 1.695718430985847078e+02
2.528927385003354402e+02 9.418457254629367981e+01 1.699823433370244459e+02
2.525448145423978019e+02 9.393029881750067034e+01 1.693804810824354661e+02
2.523871291050023729e+02 9.374589196660227230e+01 1.691442641103773781e+02
2.527048277980294415e+02 9.411728000905262093e+01 1.697326565417350253e+02
2.526950760178142730e+02 9.386263447595800358e+01 1.694400627217691522e+02
2.522792371545655215e+02 9.318797132257256521e+01 1.684515644070125404e+02
2.522973504902158766e+02 9.346223761527953400e+01 1.686838976406592110e+02
2.528321343991723325e+02 9.427614147961946856e+01 1.698007815973035974e+02
2.528815682058825871e+02 9.426830125847673969e+01 1.697825955173333625e+02
2.524902765092425625e+02 9.370532892556639126e+01 1.689856451208768249e+02
2.524908261329927939e+02 9.383452283767509527e+01 1.690922155495024981e+02
2.528590780869860453e+02 9.429059739252026873e+01 1.697913935386878563e+02
2.528913199860977556e+02 9.427271845523395655e+01 1.697367625544572149e+02
2.527092086226267043e+02 9.411354580063206754e+01 1.694744061234551964e+02
2.526636908851367309e+02 9.411685970853775984e+01 1.694323518238617510e+02
2.529059658425004784e+02 9.423139564019042780e+01 1.696069988118427716e+02
2.528964201711916360e+02 9.410784345422361241e+01 1.694226647052642534e+02
2.525242561893292077e+02 9.359756629836486752e+01 1.687987366736447257e+02
2.524866797067595598e+02 9.344848893882202390e+01 1.686029978742493256e+02
2.526586674857138348e+02 9.364253441210465212e+01 1.688933810751610451e+02
2.526680878751384114e+02 9.396876439731330777e+01 1.691312671252252926e+02
2.524982783844294829e+02 9.394423743746008881e+01 1.690742800333007381e+02
2.524081158412880654e+02 9.393299844003847454e+01 1.688783270422967746e+02
2.523701150168524237e+02 9.387497676223114240e+01 1.688240719037188455e+02
2.522811608376912602e+02 9.375209948189878162e+01 1.687054218766417932e+02
2.523268119397677083e+02 9.376942475408378641e+01 1.686686981191552093e+02
2.523853913240274380e+02 9.374191931846654313e+01 1.686372644902643856e+02
2.522693075549017578e+02 9.363120246360763588e+01 1.684128563461336512e+02
2.518728873837101219e+02 9.327958066940939830e+01 1.679663274625972917e+02
2.518452405008042376e+02 9.336069462742784708e+01 1.678937326727071309e+02
2.522529320002263091e+02 9.385470534509097718e+01 1.685984836850655881e+02
2.522303610543076786e+02 9.391094478706121151e+01 1.685123220795176167e+02
2.517315007153191573e+02 9.327778630951900141e+01 1.676666774436029357e+02
2.515857130155753794e+02 9.318146878864541804e+01 1.674544216422434317e+02
2.522861559476564253e+02 9.440624873707777454e+01 1.691899152124538261e+02
2.524398242820539622e+02 9.471636181408167943e+01 1.694596551919237584e+02
2.521200766240169457e+02 9.435078119316850120e+01 1.688684701869528908e+02
2.525769190355719616e+02 9.529094494871525001e+01 1.699439949563938228e+02
2.534324932711504061e+02 9.674139798417407121e+01 1.718413325142861652e+02
2.535573912270350263e+02 9.619904058324779328e+01 1.715564738403342915e+02
2.530104913474672799e+02 9.485954284236305512e+01 1.700519030722351204e+02
2.524516048205235847e+02 9.410772625504158384e+01 1.691971532722819802e+02
2.527406139620597969e+02 9.441650568618099726e+01 1.697757090550512942e+02
2.528887133146353392e+02 9.445975218435027898e+01 1.698742412363301355e+02
2.525269315637603995e+02 9.380011477437136591e+01 1.689912545162098638e+02
2.526299415620630384e+02 9.405419451831136257e+01 1.692651934594773593e+02
2.530542106837157803e+02 9.454555410964994167e+01 1.700757470437516758e+02
2.528328416356156083e+02 9.413201881653074565e+01 1.694926447409898174e+02
2.527508507044074975e+02 9.408102504829415125e+01 1.693927506243887535e+02
2.529594531243685367e+02 9.441376565013214872e+01 1.700431899192537912e+02
2.530404175523961214e+02 9.441214506833924247e+01 1.700788305946444154e+02
2.531083082096006365e+02 9.448126025492842928e+01 1.701983495122089209e+02
2.531762999005827623e+02 9.476185126211395016e+01 1.705547481834126700e+02
2.531266640263172860e+02 9.464430856523952684e+01 1.704315960912052219e+02
2.529589156246716470e+02 9.415370066520638659e+01 1.698387500909304038e+02
2.529736301840431167e+02 9.411720726473274112e+01 1.696448218168297899e+02
2.527643851892564726e+02 9.388318474632438893e+01 1.692282272209245093e+02
2.524474462702370658e+02 9.352835411934917431e+01 1.687487047469710149e+02
2.525121644668245438e+02 9.368474632439117045e+01 1.688807195221506561e+02
2.525273720710307828e+02 9.400726634928589931e+01 1.690756540926762739e+02
2.523737845636553345e+02 9.393587992337597825e+01 1.688125863838798466e+02
2.523841667946427947e+02 9.408847325837973585e+01 1.688985782526814319e+02
2.526026381940010310e+02 9.457789704253926288e+01 1.695778566290282185e+02
2.525401144510632889e+02 9.454246247605499320e+01 1.694537952328222445e+02
2.523846234673175957e+02 9.426566629755659221e+01 1.691452097865358439e+02
2.524941683303562172e+02 9.429860330905827936e+01 1.693686399236992770e+02
2.524847277341760901e+02 9.416439003887779791e+01 1.692939719206925133e+02
2.521026301112988222e+02 9.353940721461999885e+01 1.684971427647691087e+02
2.519473048229484107e+02 9.330123422862730820e+01 1.682302276897212323e+02
2.521290605475222435e+02 9.383531898384268288e+01 1.687402179096515624e+02
2.521033050169332626e+02 9.385245835387686952e+01 1.687225531639737710e+02
2.518222856265306575e+02 9.360848198769812711e+01 1.683756112543545669e+02
2.519950574275991926e+02 9.408738209358152460e+01 1.689848610987625364e+02
2.523233363778178386e+02 9.446718018768034142e+01 1.695759976075201507e+02
2.520659144365144186e+02 9.411935726352034237e+01 1.689484161945021583e+02
2.520394799589398644e+02 9.419027489270213493e+01 1.688900105883398908e+02
2.523687854123390650e+02 9.463808084318749536e+01 1.694842346893413492e+02
2.527436813475481188e+02 9.495839429037916091e+01 1.698691450925873596e+02
2.526914468845224349e+02 9.491550747245818798e+01 1.697308823886001505e+02
2.524032823853670777e+02 9.398950056983051127e+01 1.691202544434655408e+02
2.524414246570913463e+02 9.358037439076632324e+01 1.690330461279814926e+02
2.526130891279572666e+02 9.353029396787934502e+01 1.693296166374342135e+02
2.526460786770232971e+02 9.352499171523022881e+01 1.695512200838984427e+02
2.526390871396125135e+02 9.347932848910048165e+01 1.695656355832882127e+02
2.525764583215460561e+02 9.369646624259422651e+01 1.694334389473088720e+02
2.527233412274391640e+02 9.428769166107612421e+01 1.697620169575092461e+02
2.528334963344945550e+02 9.457291001527630669e+01 1.700043565764906646e+02
2.528133340338341952e+02 9.461907032759192759e+01 1.699396383799031582e+02
2.528281819577921397e+02 9.469733513308169393e+01 1.699779099748627971e+02
2.531493885435778850e+02 9.507223106829074766e+01 1.706647416364238836e+02
2.533092280211120055e+02 9.513382530047445584e+01 1.707916198543497046e+02
2.531620460552371981e+02 9.494150144276234471e+01 1.704958778218734210e+02
2.529870151389012278e+02 9.469344735331915786e+01 1.702524308726893594e+02
2.532147008187777431e+02 9.496570913587831342e+01 1.707676263528422851e+02
2.532203344622174086e+02 9.487391388689066218e+01 1.706799775300878537e+02
2.528422216115291690e+02 9.430772059715003763e+01 1.698888749686795165e+02
2.527229896298930782e+02 9.413337266915074508e+01 1.696784701061258716e+02
2.531163181674897658e+02 9.450049304483475510e+01 1.703367617461869941e+02
2.530542228077690936e+02 9.433399746203150471e+01 1.701452259519402617e+02
2.526377090388858733e+02 9.385694425360286175e+01 1.692957218257207614e+02
2.527890657204516742e+02 9.394587418465741280e+01 1.694709103547498046e+02
2.532589374479676110e+02 9.435952263560753295e+01 1.700791175305728302e+02
2.532827773781330620e+02 9.452708109375126355e+01 1.702124780756702478e+02
2.530687029687765346e+02 9.431648224634459154e+01 1.699397313309785602e+02
2.533197314926326271e+02 9.465366025169534225e+01 1.704333015413713213e+02
2.535652112414222188e+02 9.497172670767291436e+01 1.708792120981886740e+02
2.534388947712999425e+02 9.485591370907121700e+01 1.707134075864242959e+02
2.532110959335925315e+02 9.441632786673240219e+01 1.701943687813709971e+02
2.535050395648273138e+02 9.470524809854430259e+01 1.706925340079695559e+02
2.535788103878888649e+02 9.488990551321117550e+01 1.709080107661593502e+02
2.531662167295770303e+02 9.431689850550836240e+01 1.702721365006749181e+02
2.528989823877918752e+02 9.379577436328513329e+01 1.696696680434202733e+02
2.533936437629828333e+02 9.449803590336321690e+01 1.705781920611698865e+02
2.534630135546915994e+02 9.463512257417899320e+01 1.707119890721866113e+02
2.528676619167320041e+02 9.329398000339473640e+01 1.693060151469839525e+02
2.528859854026398182e+02 9.325675915972227870e+01 1.694788879818300984e+02
2.534586569782009633e+02 9.411089467430751654e+01 1.707549647998318676e+02
2.535539075823829478e+02 9.420014791345042227e+01 1.708162357239272353e+02
2.532752402583231515e+02 9.369174594450416294e+01 1.702180510988433753e+02
2.532563065283985679e+02 9.367327292860548482e+01 1.701757179460237239e+02
2.534545388414254603e+02 9.378418780966852353e+01 1.704612838564188735e+02
2.533734087180025938e+02 9.351867912480500422e+01 1.701485802733569983e+02
2.530450651061663052e+02 9.303476370220091951e+01 1.695849694069721352e+02
2.530781678130632599e+02 9.307158445211402409e+01 1.697196716806362815e+02
2.533741806160635690e+02 9.334971023512581212e+01 1.700989363163892847e+02
2.531048286062996624e+02 9.359939703041520431e+01 1.697384033430056434e+02
2.526219881830893712e+02 9.332442350126494546e+01 1.691106764413478629e+02
2.526902304378399720e+02 9.364520574518472529e+01 1.692411676271611043e+02
2.530065429474381915e+02 9.413331204888417858e+01 1.698227907954187117e+02
2.529079501458927837e+02 9.395661205454207732e+01 1.695777677193039210e+02
2.525805966650770813e+02 9.381359268030487897e+01 1.691472142966836714e+02
2.527409574769036738e+02 9.416132265338947605e+01 1.694340976875388947e+02
2.529666628947389597e+02 9.440403003532141213e+01 1.697303772197120963e+02
2.528409889994422883e+02 9.430264870151388834e+01 1.694974741555597006e+02
2.528657624817128919e+02 9.441488510438810522e+01 1.696318975759976126e+02
2.529946047962754960e+02 9.451008721235683652e+01 1.698827806112139456e+02
2.527225854947826065e+02 9.407682204314546937e+01 1.693975355840964880e+02
2.526242472983567779e+02 9.408518359858068436e+01 1.693031013328375991e+02
2.526385981361288771e+02 9.415893825623783187e+01 1.693822875663792047e+02
2.523477057249779705e+02 9.401319097000509828e+01 1.689586003992855012e+02
2.519412710857493778e+02 9.381130123422862255e+01 1.682612975970126286e+02
2.520763694118217586e+02 9.415264587256811524e+01 1.685717905610203502e+02
2.523481219841417271e+02 9.447840301969755217e+01 1.688924879365669653e+02
2.519927013199052794e+02 9.394930125039402924e+01 1.682454272112252625e+02
2.515634087988296130e+02 9.364558563218855625e+01 1.676156068896953570e+02
2.518297742501273149e+02 9.420051567640093992e+01 1.683542810032249974e+02
2.520015761269307575e+02 9.444309777644862436e+01 1.687230260020530181e+02
2.515174343886648103e+02 9.375109318547376347e+01 1.677871339546236982e+02
2.512790755005213441e+02 9.352375102044115351e+01 1.674725955981603818e+02
2.515731888685025126e+02 9.437300862424325487e+01 1.685570840843510894e+02
2.518475076987738532e+02 9.494926083688298490e+01 1.693217117546738280e+02
2.513809620032169221e+02 9.434720055608991629e+01 1.685375886066229612e+02
2.512629666750187880e+02 9.434351484388260189e+01 1.683967394379288862e+02
2.515310375764825608e+02 9.477481995780829038e+01 1.689900865657406541e+02
2.512344306948699000e+02 9.435545703639640180e+01 1.684168047461627395e+02
2.510179840124150417e+02 9.409569515280348639e+01 1.677493028669344710e+02
2.512934707931555636e+02 9.459076874580709671e+01 1.682647367868025583e+02
2.513989864291429797e+02 9.476049740949393652e+01 1.683873756274197717e+02
2.512086549575253969e+02 9.453966181973957816e+01 1.680380574033510754e+02
2.513019091342617628e+02 9.470015599615263113e+01 1.681435083777208490e+02
2.516558142918340479e+02 9.516208242739712375e+01 1.688398816692396736e+02
2.515291098520057176e+02 9.487716313317868355e+01 1.685489407618755138e+02
2.509979389109367105e+02 9.416346052812376399e+01 1.676076211799128544e+02
2.511903638024264183e+02 9.446467050864444559e+01 1.679786252940082818e+02
2.516060369702799164e+02 9.497780085838297737e+01 1.687531017369726953e+02
2.513294873141988717e+02 9.468375619337057003e+01 1.683661383273656043e+02
2.508343773490353215e+02 9.420784264595339152e+01 1.676233016221983405e+02
2.511278481421908850e+02 9.463663808084318418e+01 1.681584492527541670e+02
2.517034012010895481e+02 9.523591791207635993e+01 1.690875922438389694e+02
2.513885799500488929e+02 9.484839679601684281e+01 1.684844327155454664e+02
2.507078951835177634e+02 9.370066116504069953e+01 1.669776877005520532e+02
2.515330097558215527e+02 9.452413899014717913e+01 1.683073447514973111e+02
2.522814720217263016e+02 9.537138400109924419e+01 1.695655466735639152e+02
2.519196377332870043e+02 9.488108728510115952e+01 1.689071459170229730e+02
2.510424382279483666e+02 9.378486675665408256e+01 1.673931951730102412e+02
2.513197032031748961e+02 9.366657236847423462e+01 1.673311321440984045e+02
2.522214943299844094e+02 9.442058340944544170e+01 1.687201202706088736e+02
2.520846299334793628e+02 9.413085490741264039e+01 1.683022890212655795e+02
2.510868243871290986e+02 9.282333637781783864e+01 1.664621689123107728e+02
2.511665925752297426e+02 9.314484202358532627e+01 1.668492737692065191e+02
2.518720669894359219e+02 9.413773328699251408e+01 1.682300619943259505e+02
2.518383459558199604e+02 9.406885249876738442e+01 1.681025735323833601e+02
2.514447223995926208e+02 9.361479861947445613e+01 1.675415935855675400e+02
2.517500505168888196e+02 9.419942855295381889e+01 1.683034690957881025e+02
2.518407465183760223e+02 9.444997211467737941e+01 1.686593221845927530e+02
2.516328877070181989e+02 9.427102512912117049e+01 1.683547457586020073e+02
2.518130996354701381e+02 9.459303594377672653e+01 1.687546657398501395e+02
2.521146410067813974e+02 9.492787804818907205e+01 1.692597942144017509e+02
2.519741878904955570e+02 9.468946662248123403e+01 1.689827313067304715e+02
2.518134350676118061e+02 9.436240816029615530e+01 1.685652031587200099e+02
2.520192570380129382e+02 9.456428577201930352e+01 1.688873675447175629e+02
2.523351371230429834e+02 9.474226283331043419e+01 1.692808860258161587e+02
2.522852143128490638e+02 9.472713605612628385e+01 1.692263722407675459e+02
2.521524114742040581e+02 9.476873772439601851e+01 1.692019220665852970e+02
2.521342294355848992e+02 9.465241955690626696e+01 1.691032403553155916e+02
2.522756282280292055e+02 9.455597675414844616e+01 1.691968137987892078e+02
2.524293490999911000e+02 9.480509371893211323e+01 1.695724088877393569e+02
2.522610995708085113e+02 9.465876851949143145e+01 1.693778380388131382e+02
2.522002772366857641e+02 9.462547991044365858e+01 1.692859094252390548e+02
2.525589916020724104e+02 9.520389828727540760e+01 1.700485325854139660e+02
2.525945797398986485e+02 9.536224246490085932e+01 1.702174893510398306e+02
