2.529858070797785672e+02 6.986850526659812033e+01 1.462451981017096898e+02
2.529906515329987826e+02 6.988387270288488651e+01 1.463179840538166729e+02
2.529332262083897831e+02 6.994766084061306799e+01 1.463973983618054149e+02
2.528508602904629186e+02 6.986465830093484897e+01 1.462708400002723579e+02
2.528245613437825625e+02 7.002381373877400961e+01 1.462037870483219706e+02
2.528275810416085108e+02 7.015384117819280618e+01 1.460458027221537520e+02
2.528454200682240582e+02 7.032285574219201862e+01 1.458906202125703828e+02
2.528705853515718047e+02 7.041611912656857442e+01 1.457886313653664274e+02
2.527076680579291690e+02 7.038913589661535752e+01 1.454606860535579358e+02
2.525977878245238912e+02 7.041250706411835836e+01 1.454081290129298907e+02
2.525966609699800642e+02 7.047525686155690039e+01 1.454864232751635882e+02
2.526231573715351715e+02 7.051652152598573764e+01 1.455597232908237970e+02
2.526001572830209341e+02 7.047575730753256096e+01 1.454231934581157475e+02
2.525319876897098652e+02 7.058224676412312704e+01 1.450983733803593623e+02
2.521473898508194509e+02 7.075478147192396250e+01 1.445281237020746516e+02
2.517398566069082051e+02 7.078546868297598849e+01 1.441583622139457646e+02
2.518166767663700227e+02 7.089579148765226080e+01 1.441854237449699951e+02
2.522071608031647258e+02 7.101352565892052837e+01 1.444722235461533728e+02
2.521087261437062921e+02 7.096062477445887851e+01 1.446249651049574823e+02
2.519738406334897149e+02 7.090218834471535558e+01 1.446110717714425675e+02
2.521038850948804679e+02 7.084919554160509847e+01 1.446533203058507979e+02
2.524894429729895364e+02 7.074830290939544852e+01 1.448452838924483785e+02
2.525101587128665699e+02 7.083749804247322857e+01 1.449249433168333780e+02
2.524866139212495568e+02 7.088367184361574402e+01 1.449331581205019575e+02
2.525509808060244268e+02 7.085806058460261170e+01 1.449737691412074696e+02
2.525516650892972734e+02 7.085486045387385445e+01 1.449304754577208314e+02
2.523776086172030944e+02 7.082403366265175748e+01 1.447704859432555509e+02
2.521550973997235587e+02 7.099518278193491483e+01 1.444556884025900558e+02
2.521890426162090080e+02 7.113824905187615855e+01 1.442319107503966222e+02
2.522832932749593056e+02 7.130848579346219651e+01 1.443254805302684645e+02
2.522950350312183048e+02 7.142386071941662351e+01 1.443683010029346008e+02
2.522517413477316381e+02 7.142685658648183278e+01 1.442880832578692605e+02
2.522681947858295359e+02 7.096748803355370683e+01 1.442839060659499353e+02
2.523946986770523324e+02 7.076297584922618000e+01 1.444844521308104390e+02
2.526338948314484298e+02 7.066671659778441494e+01 1.448237034363957036e+02
2.526144931878068292e+02 7.062126452825306444e+01 1.449411278077742793e+02
2.525101212645282658e+02 7.056446901660663684e+01 1.448553200471168054e+02
2.525649422274271672e+02 7.059729418733701323e+01 1.447974249160816669e+02
2.527601161579366646e+02 7.059883297360232746e+01 1.447155492309473175e+02
2.527502195834383087e+02 7.059523793312408202e+01 1.446309840742430310e+02
2.527043249426359637e+02 7.058734995131716516e+01 1.446108845297509902e+02
2.527781083822998767e+02 7.054357284382680859e+01 1.444828350434741253e+02
2.527822719566416367e+02 7.045706037353015461e+01 1.444560356508180803e+02
2.527056901047872657e+02 7.036354506396857289e+01 1.444202656789383639e+02
2.526496095159631921e+02 7.033057350427932874e+01 1.444651390014230401e+02
2.527261096623521723e+02 7.031651335543919856e+01 1.445777359415533567e+02
2.526482749933614400e+02 7.035175564618809574e+01 1.446622125840034414e+02
2.523930066930393821e+02 7.043610292165126907e+01 1.446022135372338653e+02
2.525045380577249148e+02 7.035859507452219930e+01 1.446298640284879582e+02
2.526065779708447678e+02 7.031716019037374110e+01 1.446984966194363551e+02
2.526815359265740142e+02 7.033439323478746985e+01 1.447892577739345938e+02
2.528223518918219668e+02 7.030407029393541052e+01 1.448845569861577189e+02
2.529196699099197190e+02 7.029728193151720461e+01 1.449254029100763148e+02
2.529975590492207402e+02 7.035701883991856675e+01 1.449421286997256004e+02
2.527813663877332999e+02 7.039645874895315103e+01 1.447825136686434746e+02
2.525167189808605031e+02 7.037314886054919327e+01 1.445526149153327253e+02
2.521637615834519295e+02 7.020700760541707552e+01 1.440802722153756008e+02
2.518990801326351914e+02 7.017312366803069779e+01 1.437227393119038084e+02
2.518062593195296586e+02 7.005994798085369268e+01 1.438180657592820921e+02
2.517467607187357430e+02 6.995733612947593372e+01 1.439983795082692666e+02
2.520205591377349776e+02 6.992184191354199641e+01 1.444806834662181814e+02
2.522957635716182381e+02 6.997065412033853704e+01 1.447662066195044588e+02
2.522502093702551349e+02 7.041621444961155873e+01 1.448305156295746485e+02
2.522020474027875139e+02 7.073228863817415402e+01 1.448813125983018892e+02
2.524753317582335228e+02 7.102921310828017454e+01 1.449560424596068628e+02
2.526741211555876419e+02 7.107621417726001312e+01 1.450799794374578653e+02
2.525174951827819427e+02 7.116907584309826973e+01 1.450294377983100560e+02
2.523956927602148994e+02 7.081261191946565248e+01 1.448784869509563009e+02
2.525339928780069272e+02 7.053461247778632526e+01 1.449859228291879276e+02
2.522606472434618468e+02 7.043476839904948861e+01 1.448415424630112511e+02
2.520730276641088210e+02 7.035449618367388780e+01 1.447824557939388228e+02
2.520897262186029764e+02 7.023461383954408177e+01 1.447021597478024546e+02
2.523440310753120173e+02 7.022019282489837622e+01 1.448307879811260364e+02
2.523348494236360295e+02 7.068210446043752881e+01 1.449350850077279631e+02
2.523104569378153315e+02 7.093001246008347493e+01 1.449656939177089896e+02
2.523280338260626934e+02 7.105821514410801854e+01 1.449016776855565070e+02
2.523415969333215401e+02 7.117050228434864323e+01 1.448684882446261497e+02
2.523346281380005394e+02 7.129729895348916102e+01 1.448882813936228899e+02
2.524771599180221813e+02 7.094584629840197465e+01 1.449048710074964674e+02
2.525412476424568808e+02 7.072883317786599378e+01 1.450489960440937125e+02
2.521953203194683795e+02 7.068746297721098415e+01 1.450173045366959741e+02
2.522229061272290380e+02 7.063794946516964046e+01 1.450435626306436347e+02
2.525943085334549778e+02 7.040024783991175639e+01 1.450616501780498311e+02
2.523593678720492335e+02 7.045452750410230180e+01 1.450664265433821924e+02
2.522085974575982732e+02 7.053621935193947934e+01 1.450394637397953375e+02
2.524850104514907798e+02 7.055121230484309081e+01 1.452837426550190969e+02
2.525424357760997793e+02 7.058573626837521431e+01 1.454333113182495936e+02
2.525264861883719618e+02 7.062801203793857496e+01 1.454851193921113293e+02
2.527116954564952493e+02 7.057885258291402408e+01 1.453953421075924837e+02
2.529101137748605765e+02 7.052511762182625432e+01 1.454653943310024715e+02
2.529031892366666909e+02 7.054548951786966882e+01 1.454502788199007171e+02
2.528803321327169158e+02 7.046649054599677697e+01 1.454401167026397559e+02
2.529393507139014901e+02 7.041230960924360716e+01 1.453090373053537405e+02
2.529742219256616522e+02 7.049666369349556305e+01 1.452486910103561684e+02
2.529846257549244513e+02 7.057895131035139968e+01 1.452360232588224846e+02
2.529781403836071547e+02 7.054012419230743092e+01 1.451466408840531415e+02
2.530116498376103777e+02 7.048278057316383638e+01 1.450111051345076305e+02
2.530136311951467007e+02 7.023908380938114249e+01 1.450434264548679550e+02
2.530559920745698435e+02 7.017535695075203250e+01 1.451370983665715642e+02
2.530870367470330677e+02 7.002928460056240567e+01 1.451335952447419118e+02
2.530284743546970390e+02 6.995097672075114303e+01 1.450817463181474523e+02
2.530174236904996974e+02 6.990985844528117354e+01 1.451302793646038367e+02
2.531164268838216458e+02 6.978977864627661631e+01 1.450904309282421707e+02
2.531587605280896582e+02 6.983257869257637651e+01 1.451178363031000345e+02
2.531167809408384244e+02 7.004200341801197283e+01 1.453064772007707575e+02
2.531261940913331046e+02 7.000392867112869055e+01 1.452559832231444261e+02
2.531799086260544982e+02 6.983301445505858851e+01 1.450874895314872504e+02
2.531876229837474170e+02 6.985446213972996077e+01 1.451429300941655356e+02
2.532323226821180810e+02 7.007663291777025449e+01 1.453101743730807698e+02
2.532483607841001287e+02 7.013370418536246120e+01 1.452478569337300485e+02
2.532523064772007615e+02 7.013248200777563568e+01 1.451488060788866221e+02
2.532327005698956270e+02 7.022774717605484796e+01 1.451783766485779950e+02
2.532444321129714240e+02 7.029212086961850048e+01 1.452429818409603115e+02
2.532792863027596013e+02 7.013329906242978495e+01 1.449838938101301267e+02
2.532770325936719189e+02 7.020530540822093712e+01 1.448867732469070972e+02
2.532890194663271473e+02 7.031632611374762121e+01 1.448247145415301986e+02
2.532843656591928720e+02 7.016066698894933040e+01 1.446364277008762826e+02
2.532445853107190885e+02 6.978685767588802946e+01 1.446218568928773323e+02
2.532592752725217622e+02 6.966926648918423837e+01 1.446013862693965280e+02
2.532650967869325598e+02 6.955128039273093066e+01 1.445876699643900452e+02
2.532280978286772495e+02 6.957964921120182566e+01 1.445619123164180451e+02
2.531730794109035969e+02 6.940873839952611490e+01 1.445159291613614982e+02
2.531059992237980794e+02 6.922534367361390650e+01 1.442427197025920975e+02
2.531746794762679542e+02 6.948777481973731085e+01 1.444282081310555554e+02
2.531286452552955382e+02 6.965264283136673384e+01 1.444487740775793441e+02
2.531671319339002650e+02 6.962895165079083881e+01 1.443986988404632825e+02
2.531741824346866849e+02 6.953514696770591286e+01 1.443720186016109608e+02
2.531519040777835983e+02 6.972810804186043754e+01 1.444089630895560106e+02
2.531481149868249929e+02 6.978318092994437905e+01 1.444161123177797776e+02
2.531773621390490803e+02 6.975643260320421746e+01 1.443685495237252212e+02
2.532048560281611458e+02 6.982013222667819718e+01 1.444400588279351041e+02
2.531997426277839338e+02 6.991201683132587164e+01 1.445189250284266791e+02
2.532224261076197251e+02 6.979094294915877583e+01 1.444171064009423446e+02
2.532160224417678478e+02 6.961648475852631179e+01 1.442401561936147232e+02
2.531561119092524734e+02 6.961861931381027091e+01 1.441945202867861724e+02
2.531648850336013652e+02 6.967451606533714425e+01 1.442473735097263443e+02
2.531924742457564150e+02 6.976506955177742952e+01 1.443513539276497966e+02
2.531950649898889480e+02 6.996583009348466931e+01 1.445661473830420221e+02
2.532641061081644125e+02 7.015292539610128131e+01 1.447760929808196408e+02
2.533214735580687602e+02 7.009393064567744602e+01 1.448008463324459285e+02
2.533196964641959710e+02 7.024206605886878663e+01 1.449116423479427169e+02
2.532594931537628895e+02 7.046893149677603674e+01 1.450883951003955872e+02
2.532657844745998261e+02 7.036878102254389944e+01 1.450940872478194876e+02
2.532961414593957841e+02 7.037493616760514215e+01 1.451134105903900888e+02
2.531289686727627952e+02 7.070983665715705513e+01 1.453609270846808954e+02
2.531278316050357944e+02 7.082281829385370031e+01 1.453647331976114856e+02
2.533048873485895456e+02 7.058193015544465254e+01 1.454986790949757847e+02
2.532908033689886906e+02 7.068471563093640953e+01 1.455341699065153307e+02
2.532450040512293299e+02 7.099094431091653234e+01 1.459078736833504593e+02
2.532787790479951582e+02 7.107219699187712081e+01 1.459992306068673429e+02
2.533106305619293437e+02 7.094273468192743337e+01 1.460568738127174697e+02
2.533023885231056340e+02 7.099762032831979752e+01 1.460676453165746409e+02
2.533283197951916463e+02 7.089979845985197926e+01 1.460471644799106627e+02
2.533839918566886240e+02 7.078568996861147866e+01 1.459389115470249010e+02
2.533508432684909621e+02 7.078170001838373082e+01 1.459528899903995978e+02
2.533419305639719710e+02 7.075460444341555899e+01 1.458863817415519861e+02
2.533398232438431421e+02 7.062700774159284833e+01 1.457054279664190517e+02
2.533213782350257759e+02 7.070021924299886962e+01 1.457547644499520061e+02
2.532637520511476339e+02 7.084211099687476576e+01 1.458580503714194379e+02
2.532903539889288993e+02 7.083614649789949169e+01 1.458476090938183063e+02
2.533419067332112320e+02 7.072433597287378859e+01 1.457677351925865992e+02
2.533280985095561277e+02 7.092142998182053759e+01 1.459415567614676945e+02
2.532823877060509687e+02 7.108752697982555446e+01 1.459851023701393729e+02
2.532952631256425775e+02 7.115975120685780553e+01 1.457962572088051161e+02
2.533051256561970206e+02 7.116803409841423900e+01 1.456951126514104544e+02
2.533067495523221453e+02 7.123023919275000537e+01 1.456658620947919474e+02
2.533197815740557814e+02 7.118405177402992479e+01 1.455476036467872802e+02
2.533163771796635046e+02 7.106450306055056387e+01 1.455073773226480682e+02
2.533173882847980281e+02 7.112995935153095672e+01 1.456289925035235342e+02
2.533138919717571582e+02 7.113201901013829342e+01 1.456677447248908948e+02
2.532883964621533437e+02 7.092355432392132286e+01 1.454958466388414138e+02
2.532600719008095780e+02 7.095693781533202582e+01 1.455226630534694152e+02
2.532580462861461683e+02 7.107565926097406361e+01 1.456740224281502663e+02
2.532578147873274759e+02 7.106589205346260485e+01 1.454037101090086992e+02
2.532540971886511159e+02 7.112345695824170377e+01 1.453838999380400310e+02
2.532270526795988133e+02 7.127993994648292642e+01 1.453872260313612799e+02
2.532657742614166239e+02 7.132781934921597156e+01 1.453362452253368531e+02
2.532564189856266523e+02 7.132322341678639077e+01 1.452057309575199611e+02
2.532392370071287928e+02 7.116543314109853213e+01 1.452102724196392671e+02
2.532633911853420443e+02 7.119258659077136997e+01 1.453416003377159313e+02
2.533046932981091857e+02 7.109461833334468395e+01 1.452940545656333313e+02
2.532755414689280826e+02 7.096839360246205786e+01 1.452483778060720851e+02
2.532659921426577512e+02 7.100695858213782685e+01 1.452376131110036965e+02
2.533114952781049851e+02 7.111803716236919115e+01 1.452638609917681833e+02
2.533018370112140758e+02 7.121320019881663654e+01 1.452250747264569100e+02
2.533417365134916110e+02 7.149553683895172185e+01 1.454132560308846678e+02
2.533363745923237786e+02 7.154992884815720799e+01 1.453469145973622858e+02
2.533525352525039409e+02 7.149078770877449074e+01 1.452156683847510408e+02
2.533368035460171939e+02 7.144137292417052265e+01 1.453429212427401183e+02
2.533082066331220403e+02 7.153273325208178335e+01 1.455099033832871385e+02
2.532721745228741383e+02 7.169545649524405917e+01 1.456200253286942825e+02
2.532740673661562312e+02 7.163294500541299215e+01 1.454972628669086134e+02
2.532764129938925066e+02 7.158937556598056062e+01 1.455240894947197887e+02
2.532904322899999272e+02 7.161544301384226685e+01 1.456828568315982295e+02
2.532761031940028147e+02 7.159322934043262876e+01 1.456807358938918355e+02
2.533128127787347807e+02 7.150730583036583710e+01 1.456618993797193298e+02
2.533053537506212933e+02 7.156262383484602196e+01 1.457186982957601629e+02
2.532972444831789005e+02 7.158868106952454013e+01 1.457436150583172889e+02
2.533214871756463253e+02 7.129180085654563470e+01 1.456662706221190433e+02
2.533011118752085054e+02 7.122490110234289773e+01 1.456683064499656268e+02
2.532585671584881766e+02 7.122680075441380154e+01 1.456914699494107026e+02
2.531814474123198124e+02 7.115776984932151095e+01 1.455869992986947636e+02
2.531414389694217277e+02 7.102762325609897687e+01 1.453620335128584031e+02
2.529901749177838894e+02 7.121553561336973814e+01 1.453788035596347754e+02
2.530376832415281569e+02 7.135631753467376370e+01 1.454679237960359330e+02
2.531225071322062377e+02 7.128534612477785970e+01 1.454803736663284894e+02
2.530484172970470240e+02 7.140042146402576861e+01 1.455707126759220671e+02
2.528323540025464808e+02 7.141621104521716745e+01 1.453918560077347877e+02
2.528753957608481073e+02 7.144157037904527385e+01 1.452984189992442339e+02
2.530687687667240766e+02 7.138297394276531804e+01 1.452300247159032835e+02
2.530489313606002497e+02 7.150081365025975799e+01 1.453029774833354963e+02
2.530029175659941814e+02 7.153821432705336747e+01 1.453414267136019191e+02
2.531104181277192708e+02 7.123916211045217040e+01 1.453184538602428120e+02
2.531493882303277019e+02 7.107491369860215968e+01 1.453040192280195413e+02
2.531205087526979867e+02 7.114038020276572638e+01 1.453361294759275211e+02
2.530554371582839224e+02 7.116593699146858398e+01 1.452931149527810533e+02
2.530765580210936321e+02 7.111130327026125997e+01 1.451478324220904312e+02
2.530227583765123995e+02 7.121778251366863799e+01 1.451668323471937470e+02
2.530030775725306285e+02 7.118961455446689968e+01 1.452748537812608447e+02
2.530624468063376185e+02 7.112443061503789465e+01 1.453092824217499981e+02
2.530597607391621011e+02 7.103543634122925710e+01 1.453484567880219913e+02
2.530233915938693769e+02 7.108778571379937716e+01 1.453781737466722177e+02
2.529700345205591248e+02 7.105867814174536079e+01 1.453670686121645872e+02
2.529817115933246612e+02 7.103195705016034367e+01 1.450311195691398325e+02
2.529464080234766925e+02 7.093172487046278718e+01 1.447026023190734634e+02
2.529723461043514874e+02 7.090782602182898131e+01 1.445720574117070214e+02
2.530008136502597438e+02 7.087377526911737391e+01 1.445472223546153430e+02
2.529428129829984471e+02 7.097037836439275793e+01 1.445619906174890446e+02
2.528824054089018034e+02 7.097746631351748192e+01 1.446062954061102062e+02
2.528854489374885191e+02 7.091311985510897387e+01 1.446742913753072344e+02
2.529059365829412513e+02 7.083233698057452443e+01 1.446877319243679665e+02
2.527438806010798658e+02 7.089587659751207127e+01 1.447829119827873683e+02
2.527973568281938412e+02 7.093463222327380890e+01 1.448517420286105164e+02
2.528025144856981399e+02 7.105027269199082696e+01 1.449274659730780570e+02
2.528709734525325246e+02 7.108614820009668733e+01 1.449245620246614408e+02
2.527950690751622176e+02 7.111640645745528388e+01 1.448507275190816301e+02
2.527554249024641138e+02 7.120348405722106122e+01 1.449454547930468777e+02
2.528331540352286595e+02 7.123318739829372248e+01 1.449893067972138567e+02
2.529460233269103639e+02 7.133387236244544738e+01 1.452197672755993381e+02
2.529137803076210673e+02 7.146581307151271290e+01 1.453169150739774977e+02
2.529003295453771614e+02 7.160537281522989872e+01 1.454542857921004497e+02
2.529656394473987007e+02 7.153705683295999052e+01 1.453779218214871776e+02
2.529276770455303733e+02 7.159223185287569891e+01 1.453612334801762245e+02
2.528411781928112703e+02 7.178694959453662250e+01 1.454389183558136835e+02
2.528875494488285369e+02 7.191709278336476530e+01 1.454899025662325016e+02
2.529411754692957572e+02 7.203144979539590054e+01 1.456065983972111155e+02
2.529003976332650154e+02 7.211535109519367381e+01 1.456658927343414973e+02
2.529177770666376261e+02 7.197660500173624598e+01 1.456486290503782186e+02
2.529461935466299849e+02 7.192240704301111975e+01 1.456376090257304270e+02
2.529140186152285423e+02 7.191003547378956284e+01 1.456869591268409181e+02
2.529212325269457722e+02 7.183591159468642218e+01 1.456653786707882432e+02
2.529472523132859862e+02 7.170907407281318058e+01 1.455187922570453907e+02
2.528700372440746378e+02 7.173403849689178458e+01 1.453813194070906718e+02
2.528256303236217377e+02 7.176448059154756720e+01 1.453070491390286634e+02
2.529106380515970045e+02 7.173503938884311992e+01 1.453233936365060117e+02
2.529333283402215500e+02 7.166315560125009654e+01 1.452946605478351501e+02
2.528760357869938389e+02 7.173370486624133946e+01 1.453039239049765570e+02
2.528693018948859219e+02 7.165719110227482247e+01 1.452745439813711528e+02
2.529132356045183201e+02 7.160596858424854361e+01 1.452412558130034199e+02
2.528720117928221782e+02 7.161185478215280398e+01 1.452015844051501574e+02
2.528633339915162423e+02 7.163247860338124440e+01 1.452176871906256679e+02
2.528793516671319423e+02 7.155571972301846984e+01 1.451715031762999786e+02
2.528908891597273794e+02 7.161017982011179583e+01 1.452094791957458710e+02
2.528900346567349118e+02 7.171023497130094881e+01 1.452888526510019176e+02
2.529437662134282903e+02 7.162987764606553753e+01 1.452693556843173042e+02
2.529506192593399589e+02 7.153287283225186854e+01 1.451003785686564242e+02
2.529501494529138199e+02 7.136447446363766289e+01 1.449593889792944594e+02
2.529617277982419807e+02 7.110666988949336087e+01 1.448925198646412866e+02
2.529265569997753005e+02 7.096586754182298762e+01 1.447613247179459108e+02
2.528693733871681673e+02 7.089050446316105081e+01 1.446318930475457591e+02
2.528191143127548912e+02 7.084627116682213455e+01 1.446555910369104367e+02
2.528680524821439519e+02 7.093649102261198891e+01 1.448104705553928966e+02
2.528843561268885765e+02 7.090269559947981293e+01 1.448192607017137732e+02
2.528891903669256180e+02 7.103396223845740565e+01 1.447524018002437458e+02
2.528733769549734802e+02 7.108014625278309495e+01 1.445823761311100384e+02
2.528545166100402355e+02 7.105182850022809760e+01 1.444598383593542508e+02
2.528661426168898743e+02 7.113699623473979727e+01 1.444392656040417080e+02
2.528767302834498878e+02 7.093256575587768964e+01 1.444055859303188640e+02
2.528381721125628872e+02 7.071040178662617848e+01 1.442658934152203756e+02
2.527948988554425966e+02 7.067984734695545512e+01 1.441899345675397797e+02
2.527952290816986647e+02 7.065252367756299634e+01 1.441893081589716132e+02
2.527669862258202897e+02 7.050756456433964559e+01 1.440364099980254480e+02
2.526376056213360073e+02 7.037238287181092744e+01 1.436732904833559132e+02
2.525509025049533989e+02 7.028140383607160402e+01 1.433877332861257230e+02
2.524565701407376537e+02 7.011591962905718844e+01 1.431046715099850815e+02
2.524822290612722782e+02 7.030670529519504441e+01 1.432962708263826812e+02
2.524868896771953359e+02 7.039952610830059143e+01 1.434105291109764551e+02
2.523601100300267603e+02 7.032506178975822309e+01 1.431410712948273556e+02
2.523102254389966674e+02 7.023247928426012265e+01 1.429420129503162684e+02
2.523698295760167127e+02 7.048895614459144099e+01 1.431424500745562511e+02
2.525466878646957412e+02 7.079649892080698237e+01 1.435627123491002237e+02
2.524778714364501582e+02 7.061193989201261445e+01 1.432756231743935018e+02
2.523215246239846294e+02 7.007917940477568663e+01 1.429463467443776494e+02
2.522864151046170491e+02 6.998828207450176819e+01 1.429920677610659823e+02
2.523341787579407480e+02 6.990531017437308492e+01 1.430260129775514315e+02
2.523529573974085736e+02 6.982309745419387070e+01 1.431404925477806671e+02
2.523042745575989443e+02 6.986577153790112504e+01 1.431983025689559952e+02
2.523858540604211953e+02 6.990890181045693907e+01 1.433102254389966674e+02
2.525007591799494833e+02 6.981688443442796199e+01 1.433511496639862628e+02
2.524419040096957190e+02 6.958808189611150397e+01 1.431057200634579090e+02
2.523173031749382176e+02 6.955587972955490272e+01 1.430482028202003164e+02
2.522772709012793655e+02 6.942297217248024310e+01 1.429526823223416727e+02
2.523454949649006949e+02 6.949308907938366531e+01 1.430042997501174398e+02
2.524071451429505260e+02 6.965032784317997994e+01 1.431100266223641597e+02
2.522796880212978863e+02 6.948120093416582677e+01 1.428811389741878770e+02
2.519612988445485371e+02 6.913419782254935342e+01 1.425655311876570295e+02
2.520106693720254043e+02 6.938531957050160770e+01 1.429225330056036398e+02
2.524244939367735867e+02 6.989492677147661936e+01 1.435588858098032858e+02
2.525092020780423354e+02 6.986443020651056202e+01 1.433636982617162232e+02
2.524930720574116947e+02 6.978398096262655770e+01 1.431422900680198040e+02
2.524458054456692651e+02 6.976835138797159175e+01 1.430548141541101188e+02
2.524126500486828490e+02 6.966966480332813205e+01 1.428833450217540815e+02
2.524019568458966774e+02 6.953787388761412558e+01 1.427528375627259720e+02
2.524078158086458075e+02 6.965682683207484160e+01 1.430016885796185591e+02
2.524084456216083652e+02 6.978533931598907714e+01 1.430518931837215462e+02
2.521854169361812126e+02 6.943512586046068691e+01 1.427291191469949467e+02
2.521211249480829792e+02 6.949933273869910977e+01 1.427163118152911920e+02
2.522537124920847873e+02 6.971166481694571360e+01 1.429079962415486023e+02
2.523099054259237732e+02 6.962033512858397444e+01 1.428751268136911108e+02
2.522925634408894950e+02 6.960385785972533768e+01 1.428504824026853726e+02
2.523462235053006282e+02 6.981844705145401520e+01 1.431015701066937140e+02
2.524025287841545833e+02 6.984716992694170301e+01 1.431860637711157551e+02
2.522970300063321645e+02 6.933993899325248833e+01 1.429989922992598963e+02
2.522017103677426917e+02 6.908778230940498588e+01 1.429111997766717366e+02
2.522789356501371856e+02 6.901067618081420108e+01 1.429448658328169870e+02
2.523033519667186511e+02 6.891684766696852193e+01 1.429190230749852049e+02
2.523142936902954432e+02 6.887113686346336294e+01 1.429327938503019766e+02
2.522325235413872235e+02 6.874049322865955958e+01 1.427831264596341043e+02
2.521651131280256664e+02 6.873041622125839467e+01 1.426731304768194661e+02
2.521868944433474837e+02 6.888161558940279861e+01 1.426720104310644217e+02
2.520608841893115653e+02 6.881933219399600432e+01 1.424657824319631914e+02
2.519334883467579971e+02 6.862618387814991650e+01 1.422118043971157988e+02
2.520145503816326027e+02 6.877121448365549838e+01 1.423336170328660160e+02
2.521318351728411074e+02 6.901395461261395781e+01 1.426299457339533774e+02
2.521464059808400577e+02 6.899444402835179346e+01 1.425923033451579158e+02
2.519776705771810157e+02 6.873523343932347984e+01 1.423858710823931517e+02
2.519875977912289216e+02 6.876637003043528296e+01 1.424262880526183324e+02
2.522021835785632220e+02 6.906107143100314261e+01 1.427885360423234431e+02
2.522936256119398877e+02 6.917113209731121515e+01 1.428653085402637828e+02
2.521632304979267190e+02 6.903806453370009422e+01 1.426914018615228485e+02
2.520855047695565361e+02 6.899826716325432585e+01 1.425958507241146833e+02
2.521956471413300278e+02 6.910159734184885849e+01 1.426641462800182580e+02
2.524198843867664266e+02 6.921126309840742863e+01 1.427877802667683511e+02
2.523145149759309334e+02 6.912133602053530979e+01 1.425967256534734986e+02
2.522165909756313340e+02 6.906584098754672141e+01 1.425864818307471182e+02
2.522376777944971309e+02 6.902827009103350520e+01 1.426705907986028308e+02
2.523425229285962246e+02 6.908702312945550261e+01 1.427795722718885543e+02
2.522988241221769101e+02 6.909581668017077050e+01 1.427711259694013108e+02
2.521909660990406508e+02 6.889670046095500311e+01 1.425870231294555026e+02
2.521788294330321492e+02 6.881178805602272064e+01 1.424537955593079630e+02
2.522545703994716462e+02 6.888918696253124097e+01 1.425705424562024746e+02
2.522768862047130369e+02 6.881408942663189521e+01 1.424878395032307594e+02
2.520185641626211179e+02 6.840371691779749597e+01 1.419314695408833700e+02
2.520644179506907392e+02 6.850977061190585005e+01 1.420354942159339373e+02
2.521655863388461967e+02 6.871449386868569320e+01 1.423061639964866743e+02
2.521308649204393078e+02 6.864994655100804266e+01 1.421878204386221682e+02
2.520720471985238476e+02 6.851698452362309411e+01 1.420537213435102046e+02
2.522257624141241479e+02 6.875036256800277101e+01 1.424018615228536930e+02
2.523508909300124685e+02 6.890519102056934742e+01 1.425469193635144336e+02
2.521877149023960101e+02 6.862299396060434731e+01 1.422139355480053666e+02
2.519416316581443311e+02 6.856540522506450941e+01 1.420498675690581365e+02
2.522153585848613488e+02 6.881061694435176435e+01 1.423355745596415716e+02
2.522927472781866811e+02 6.881831087567832128e+01 1.421568404496524067e+02
2.521065132873513051e+02 6.866155213149133374e+01 1.417583731080078167e+02
2.520258904193532885e+02 6.872613349311291131e+01 1.417855742192021467e+02
2.521990311093559569e+02 6.896625904717809874e+01 1.421235897296230064e+02
2.522040355691126194e+02 6.894975113876992623e+01 1.420705220298360985e+02
2.522008899086941369e+02 6.888398504789982724e+01 1.420804798834335259e+02
2.523203841518632373e+02 6.891566293772001472e+01 1.423498117369901195e+02
2.522685862911846471e+02 6.885678734109988852e+01 1.422692092953584506e+02
2.521815563529403619e+02 6.875762754563591272e+01 1.421354404265025266e+02
2.522619272957533667e+02 6.887442891284069901e+01 1.423247894382068353e+02
2.523385534047348244e+02 6.902465462418889786e+01 1.424977020337852025e+02
2.522565551614023320e+02 6.891956777808795209e+01 1.422900407846448161e+02
2.522091421607010204e+02 6.895111630092122823e+01 1.422588463188283470e+02
2.521534360552601299e+02 6.889008572265079522e+01 1.421661072111882049e+02
2.521390252537975982e+02 6.879676786796396470e+01 1.420478079104508140e+02
2.520905262512851550e+02 6.860941042697913872e+01 1.418984673416445901e+02
2.519878803559634832e+02 6.845488156111909461e+01 1.417341065847796244e+02
2.518941233344000352e+02 6.827897309847551810e+01 1.415300914420333811e+02
2.518455902879436792e+02 6.819207933600691263e+01 1.414325623514832841e+02
2.516625598322314374e+02 6.796792720043031011e+01 1.411462391655148565e+02
2.515994866173256526e+02 6.793167040015251246e+01 1.409923877741388480e+02
2.517301813180453394e+02 6.814222878892073254e+01 1.410814365182577603e+02
2.518925811437403297e+02 6.842690765239771622e+01 1.412555236299014894e+02
2.518943105760916126e+02 6.839345947749355048e+01 1.411703831305449057e+02
2.517428218344238644e+02 6.815034146075754506e+01 1.409182843214020693e+02
2.518094696634415754e+02 6.840637234542347755e+01 1.411321143331812777e+02
2.520416697873615135e+02 6.878326263540978402e+01 1.414508643757361881e+02
2.519608086117560504e+02 6.871143331812703536e+01 1.411557169995029710e+02
2.517210779674403796e+02 6.838999380400220218e+01 1.408156111909252388e+02
2.516645786381060645e+02 6.839977122469683479e+01 1.408144400792542967e+02
2.519034854189788177e+02 6.856231063056192454e+01 1.410508991005590076e+02
2.518670958473197174e+02 6.850126303031953512e+01 1.409370697696586774e+02
2.518128774622282435e+02 6.863753412905377616e+01 1.409968543395815459e+02
2.519346730760065043e+02 6.881975774329504247e+01 1.412934758185866428e+02
2.519884795293765194e+02 6.877333882575628365e+01 1.412081889302712057e+02
2.520133622479897042e+02 6.876104555760575465e+01 1.413081862067556926e+02
2.520029345879661378e+02 6.878833858744867769e+01 1.414206571842934750e+02
2.520128209492813198e+02 6.878948586835888079e+01 1.414960202629554260e+02
2.520386500895355653e+02 6.875877482654610162e+01 1.414782799637772541e+02
2.521962531235318465e+02 6.907299362016490818e+01 1.418982800999530127e+02
2.522171356787341097e+02 6.916773110731331542e+01 1.419815992483097205e+02
2.520862979934499322e+02 6.895112310971001079e+01 1.416642824557939377e+02
2.520764865288113867e+02 6.893516671319339650e+01 1.415658512007298953e+02
2.520872444150909928e+02 6.898912976870543901e+01 1.415422825783521432e+02
2.519127351585426595e+02 6.880185403318603221e+01 1.413108382299872687e+02
2.519265978525080243e+02 6.877376097066093052e+01 1.413649885271908886e+02
2.520875848545302347e+02 6.885910232928664243e+01 1.416513968230191551e+02
2.521231437539576064e+02 6.884346935023728520e+01 1.415806262723924078e+02
2.520639141003206873e+02 6.876400057193825432e+01 1.414840878606104866e+02
2.518884005474266132e+02 6.867282067692977421e+01 1.413859834274080924e+02
2.519076319713486214e+02 6.894161123177798345e+01 1.415012153687980572e+02
2.520122694373897900e+02 6.919870769188868564e+01 1.416518019459518314e+02
2.520013140962354328e+02 6.945952855946455884e+01 1.417476662876440798e+02
2.519188528552655839e+02 6.951762795416323115e+01 1.417475505382347478e+02
2.518176742539269810e+02 6.936488639535913592e+01 1.416089746644969409e+02
2.518005841940777145e+02 6.915228196556114426e+01 1.415505212127814616e+02
2.516233105692828360e+02 6.901019616120488820e+01 1.414556475498573604e+02
2.515466333943854806e+02 6.880944242828643098e+01 1.413494134228461974e+02
2.516181801469336676e+02 6.874392485820696663e+01 1.413428020889363950e+02
2.518591670127800910e+02 6.919417303855817636e+01 1.419112542469819971e+02
2.518895137843929035e+02 6.947825613301650094e+01 1.418145966813963526e+02
2.517312366803069494e+02 6.930992244789574386e+01 1.413928739216580652e+02
2.518455222000558251e+02 6.955205319025797905e+01 1.415156091482886040e+02
2.520620280658273771e+02 7.003953523207756859e+01 1.419044250318310958e+02
2.520519510584262264e+02 7.011214415567614822e+01 1.418806215062402600e+02
2.519948763864396142e+02 7.017157126418781843e+01 1.418353056124846034e+02
2.519276395971920692e+02 7.026031701720580713e+01 1.417893735233439259e+02
2.520065398416275855e+02 7.037455147103881359e+01 1.419509631031735637e+02
2.519778714364501582e+02 7.044630248725054855e+01 1.419944678591125466e+02
2.517919812894484153e+02 7.037115728982971063e+01 1.418776869182741223e+02
2.518470507731379655e+02 7.036879464012146457e+01 1.420637472849954861e+02
2.520566525270819511e+02 7.040714854734491723e+01 1.423779967181638142e+02
2.519448011493235526e+02 7.015943459817933103e+01 1.420977503761855871e+02
2.517233010369785404e+02 6.982908918832428924e+01 1.418672796846169035e+02
2.518263792903880187e+02 6.993236489660854716e+01 1.420398824803055788e+02
2.520381019820384267e+02 7.011001300478658038e+01 1.420214783242209080e+02
2.519169634163778539e+02 6.987112665028017489e+01 1.414660343571482031e+02
2.517016388754604463e+02 6.974217840388372736e+01 1.411968795321000414e+02
2.517327550402058876e+02 6.984556986157731728e+01 1.412772572837018004e+02
2.519992237980785603e+02 7.010860698990256878e+01 1.417046517644976120e+02
2.521197461683541121e+02 7.009333487665878692e+01 1.417998011833674923e+02
2.519359190843540830e+02 6.988004956798235412e+01 1.416170192484458994e+02
2.517952767432201426e+02 6.969203167448542047e+01 1.416163656047225743e+02
2.518455834791548966e+02 6.968319386664306592e+01 1.416804090720301872e+02
2.519337913378589064e+02 6.980386943466626803e+01 1.417595850724114825e+02
2.519270948940892936e+02 6.977298136434509956e+01 1.417215579870496924e+02
2.517106230722616829e+02 6.941338539787157913e+01 1.413765362329695279e+02
2.515585555835472462e+02 6.934971300955272966e+01 1.412109975556448376e+02
2.516455344558756337e+02 6.954316772089413234e+01 1.414044148186479219e+02
2.517336980574525569e+02 6.962869972560581289e+01 1.414677025104004144e+02
2.516286690860562771e+02 6.944891706214382054e+01 1.412477922502366141e+02
2.516925661644050081e+02 6.967308962408677075e+01 1.414127964376417026e+02
2.518559668820513480e+02 6.988163942016355179e+01 1.417205536907039516e+02
2.517643069674335550e+02 6.976996507091352839e+01 1.414755224043194914e+02
2.517391995587904887e+02 6.975873397381339203e+01 1.414510958745548805e+02
2.517890637234542339e+02 6.984161055089910519e+01 1.416602822923830161e+02
2.517958657034500050e+02 6.974611047940682340e+01 1.415772695395216090e+02
2.517804506056417608e+02 6.961891209172800643e+01 1.414775309970109447e+02
2.517587101430526388e+02 6.959094839618980188e+01 1.414940082658695815e+02
2.516630500650239242e+02 6.941095806466987028e+01 1.413617747788845804e+02
2.514449100899441021e+02 6.882518094356194638e+01 1.410692181467838680e+02
2.514817728724237327e+02 6.872986130497245938e+01 1.410361853079955665e+02
2.516162226201581120e+02 6.860772865614936222e+01 1.410758635246376116e+02
2.513869945325426158e+02 6.815825327332521510e+01 1.405762686475702878e+02
2.509977054381795938e+02 6.772435299484574500e+01 1.401001436654433405e+02
2.509832333576180190e+02 6.784122585433277663e+01 1.401648884379957565e+02
2.512577160598901003e+02 6.803699895825531030e+01 1.404972015878095419e+02
2.510322294017117315e+02 6.780111868399730213e+01 1.400830025396782048e+02
2.507950520531902612e+02 6.771777570487985543e+01 1.398704015142746186e+02
2.508804751172813781e+02 6.777519422070008659e+01 1.399580238171431574e+02
2.510150882759465958e+02 6.786935976959058792e+01 1.399580578610870987e+02
2.510440800985912517e+02 6.792819110908359903e+01 1.399694830086675950e+02
2.508876141323219997e+02 6.780023013706092172e+01 1.397873376954973423e+02
2.506104964287902703e+02 6.746218739148493171e+01 1.393117029461629102e+02
2.506731406900026684e+02 6.751655556992966467e+01 1.393423969660037187e+02
2.510383947599561623e+02 6.790747536920656557e+01 1.399671748292696236e+02
2.510301799562875829e+02 6.794141377690323225e+01 1.399038735199395376e+02
2.508195194356875959e+02 6.776587639324840495e+01 1.396571945066692138e+02
2.508318024906549510e+02 6.787393868004821229e+01 1.396989528082849290e+02
2.511898086049472738e+02 6.822172480237490788e+01 1.402901122769270614e+02
2.510032001307287430e+02 6.776873948893231159e+01 1.398867051590192716e+02
2.504856981391580177e+02 6.732804063485146173e+01 1.394914243305258310e+02
2.507748265461057144e+02 6.752776283626906206e+01 1.398782724741095933e+02
2.509968645527647197e+02 6.756602142044951620e+01 1.399627933736867647e+02
2.509126057915557340e+02 6.744380366176660857e+01 1.397667819621567560e+02
2.508988588469997012e+02 6.783017519013542085e+01 1.400056104419584813e+02
2.510937127644363329e+02 6.828070933961556932e+01 1.403831782064288518e+02
2.510955919901408606e+02 6.823653051358694199e+01 1.402687871504538180e+02
2.510590866690724283e+02 6.825689560084155971e+01 1.402110724523214458e+02
2.510324609005303955e+02 6.824303631127058622e+01 1.401749994893408484e+02
2.508715317732128653e+02 6.774371719014904158e+01 1.398151720240486497e+02
2.508557455964158578e+02 6.744401473421892490e+01 1.396898766928350994e+02
2.509589600256010442e+02 6.749314354969394003e+01 1.399396979621295145e+02
2.508644097801442001e+02 6.733970749443381010e+01 1.397736452212515985e+02
2.502645861277737254e+02 6.661726096044775147e+01 1.389037101090086992e+02
2.502718749361675918e+02 6.671021794932899240e+01 1.388953761515363965e+02
2.505704607507370554e+02 6.713165473993831256e+01 1.394090243686550536e+02
2.505792236619027733e+02 6.715226494358918785e+01 1.393577201451633698e+02
2.504771905575717028e+02 6.701895907237062033e+01 1.391290027167067365e+02
2.506378881860705690e+02 6.721284614179982952e+01 1.393026472570794283e+02
2.507476390524889496e+02 6.756134718694890751e+01 1.393843152741558811e+02
2.503702653384989389e+02 6.741941117594591049e+01 1.388018472243972496e+02
2.505533809040709627e+02 6.772914297775568571e+01 1.390977980377070651e+02
2.509481987349270469e+02 6.819041458714909254e+01 1.397102792284280497e+02
2.507416473183585310e+02 6.787490893245001189e+01 1.392942213809585326e+02
2.500559920745698435e+02 6.691484928746025673e+01 1.385510386807290786e+02
2.500740217472713880e+02 6.683959855381326065e+01 1.387134623371848363e+02
2.505530336558429667e+02 6.707990113638685159e+01 1.393811151434271380e+02
2.505506505797683587e+02 6.699288141132574026e+01 1.392242780981691226e+02
2.505642477309711467e+02 6.702952290816986647e+01 1.392569568799406170e+02
2.506416568506628266e+02 6.724182094247254327e+01 1.394560799079451670e+02
2.506650314225602472e+02 6.729611762863504509e+01 1.394373591431820216e+02
2.506874153156894920e+02 6.734466429266898047e+01 1.393895035712097297e+02
2.509074787736009569e+02 6.768677188514935494e+01 1.398189168578801400e+02
2.509288481572013154e+02 6.766973970000476868e+01 1.397269301214006987e+02
2.503740612382463269e+02 6.693752255411284580e+01 1.390896342999543833e+02
2.500368355473245003e+02 6.663578767473053688e+01 1.387380829174298071e+02
2.501722589518550421e+02 6.669504115912820907e+01 1.390549741606465659e+02
2.503326876331969402e+02 6.671851786285738228e+01 1.392196447174012235e+02
2.503404632699889021e+02 6.669088779796962285e+01 1.391600269628035846e+02
2.502944733061435727e+02 6.686478085913296354e+01 1.391616338369567529e+02
2.502914331819512768e+02 6.692413307096801134e+01 1.391630704913903003e+02
2.501236646262996146e+02 6.669368280576567543e+01 1.388401670876767753e+02
2.500109655543375311e+02 6.665388883971429834e+01 1.387047845358789004e+02
2.501551688920058041e+02 6.689966568847067663e+01 1.389924694796042672e+02
2.504211848654242942e+02 6.707574777522826537e+01 1.392553329838155207e+02
2.505393854387243096e+02 6.719039756517713613e+01 1.392571305040546292e+02
2.507485616433692712e+02 6.754592528035188082e+01 1.396091993545268224e+02
2.508374912336844318e+02 6.760305442264875353e+01 1.396591452246559868e+02
2.505380781512776593e+02 6.713447017410072704e+01 1.390531630228298638e+02
2.502544852896118357e+02 6.688590512633707874e+01 1.385978252728622238e+02
2.502427673641136039e+02 6.684832061224628319e+01 1.384661569153463176e+02
2.504550245456835569e+02 6.701924163710518201e+01 1.386565102233963671e+02
2.505606118377601774e+02 6.714070362023299765e+01 1.387781322130606156e+02
2.506038884992748592e+02 6.733468260831081409e+01 1.389424861611367987e+02
2.505530064206878365e+02 6.730072717864219101e+01 1.389186077388693263e+02
2.503697410617625110e+02 6.724692412966656718e+01 1.384509358680184334e+02
2.504119249126772786e+02 6.753569847959747108e+01 1.384439023892039984e+02
2.505478181236339879e+02 6.793491138361396509e+01 1.385503475886674494e+02
2.505717680381836772e+02 6.792683616011547088e+01 1.385231737126282496e+02
2.507873479086805162e+02 6.812053939224750820e+01 1.388020344660888270e+02
2.508513675452273901e+02 6.793067291259558260e+01 1.389789029679510293e+02
2.505937740435354044e+02 6.737913719028522053e+01 1.388423084517495170e+02
2.501911397231546346e+02 6.668322110179819617e+01 1.384232445240316167e+02
2.498785175905058225e+02 6.628715045380577919e+01 1.379606724359803707e+02
2.495571665906352052e+02 6.591589103214428746e+01 1.375241746045795992e+02
2.494718524671646094e+02 6.600298905827642670e+01 1.375113536552982509e+02
2.497356589886225038e+02 6.642512374973615863e+01 1.380434230504735638e+02
2.501698724713860713e+02 6.672858125268095364e+01 1.385101450952890048e+02
2.503295453771728489e+02 6.689622725013447280e+01 1.386281550225030514e+02
2.502891318113420880e+02 6.689264242283940121e+01 1.386433896874085008e+02
2.503506321960386458e+02 6.682196719525563822e+01 1.386829589634299964e+02
2.502536546173801071e+02 6.656847258441196402e+01 1.383961591622466187e+02
2.502735260674478752e+02 6.663778264984442501e+01 1.384767513906951137e+02
2.504059161565749037e+02 6.686275864886395937e+01 1.388216199470276138e+02
2.502958963429995549e+02 6.678608147396658978e+01 1.386591043719232914e+02
2.501087738052277984e+02 6.657928834539623608e+01 1.383035800611429238e+02
2.502598369975964943e+02 6.686359612988445633e+01 1.385696675268436593e+02
2.503056397197502463e+02 6.687654644615268751e+01 1.385178832837426626e+02
2.500930829514737752e+02 6.661659369914686124e+01 1.381757722868678968e+02
2.501545833361703330e+02 6.674067706595673144e+01 1.383031408942663063e+02
2.502714289605022202e+02 6.684904915264623071e+01 1.384975964975590443e+02
2.504297673436872174e+02 6.693098271248527453e+01 1.385701543552417547e+02
2.507980751554106007e+02 6.710666648509896959e+01 1.387867963967889864e+02
2.508732475879865831e+02 6.734401064894565536e+01 1.389497477343755349e+02
2.509278642872219507e+02 6.738736220713697378e+01 1.389913290074828467e+02
2.508775541468928054e+02 6.757293574546024217e+01 1.387336503959310789e+02
2.508648829909647304e+02 6.768279555249917223e+01 1.386029863347609137e+02
2.506020943834301420e+02 6.754749811056110786e+01 1.381697975747094347e+02
2.503317922774717488e+02 6.726064724346186097e+01 1.377074195371385485e+02
2.504031007224124892e+02 6.726097746971791480e+01 1.378482933770911529e+02
2.505725340269219430e+02 6.731621036433828920e+01 1.381790234835125091e+02
2.504425542490246528e+02 6.706174890548720668e+01 1.379805506948368929e+02
2.496863054831176214e+02 6.631602652704110312e+01 1.372128733769549740e+02
2.496156268511394387e+02 6.624645091884605108e+01 1.370703177661725647e+02
2.503922304911179424e+02 6.659083264678046987e+01 1.376662331737807108e+02
2.508583363405483908e+02 6.693013161388721244e+01 1.380677236176456688e+02
2.508105999223797937e+02 6.710629200171581488e+01 1.381653344136611565e+02
2.508850063662175103e+02 6.730000544703102605e+01 1.384896778762025917e+02
2.511550803777516023e+02 6.751505423200266875e+01 1.388014182707038344e+02
2.513331676528062530e+02 6.766295133758656277e+01 1.389433066201853251e+02
2.512069258999516705e+02 6.763032362173092338e+01 1.390693713445315325e+02
2.509461697158692459e+02 6.715043337940613810e+01 1.388594870258529852e+02
2.506740598764885704e+02 6.668934901170430862e+01 1.384732925259925480e+02
2.508522322614030315e+02 6.695974644070565773e+01 1.388641987076918838e+02
2.507553397926043033e+02 6.685274292056186596e+01 1.387395876597512085e+02
2.503046762761372293e+02 6.649898549047109952e+01 1.380333698738331520e+02
2.503654140764899410e+02 6.690846945236911836e+01 1.381896281720444790e+02
2.508109471706078182e+02 6.776390524889527001e+01 1.389343973200607252e+02
2.510407471964812203e+02 6.793501691984012325e+01 1.390311502086893825e+02
2.508904670148227467e+02 6.766963756817300180e+01 1.387335789036488336e+02
2.509371174311801553e+02 6.777446227590573358e+01 1.388938816223981974e+02
2.510966711831632381e+02 6.782873172691310515e+01 1.391149323546834182e+02
2.508651315117553793e+02 6.735479917477479717e+01 1.386545561010152028e+02
2.505873533557115422e+02 6.711304291579570247e+01 1.384188903036038880e+02
2.506503278431799799e+02 6.705034077987866681e+01 1.384993667826430226e+02
2.508586495448324740e+02 6.708985898998426478e+01 1.388134051433590344e+02
2.508862625877482628e+02 6.702459334508984057e+01 1.387870040648469114e+02
2.506916605954966712e+02 6.685283824360485028e+01 1.386287780266768266e+02
2.505746311338675980e+02 6.669315852902927588e+01 1.384396911533407319e+02
2.505009328040634955e+02 6.652900203582784400e+01 1.383267061122496955e+02
2.503050065023932973e+02 6.636176116130701530e+01 1.380596007326256824e+02
2.503592010567240322e+02 6.649540406757041922e+01 1.382036542769406822e+02
2.506901456399920960e+02 6.681011309398171250e+01 1.386623113114408170e+02
2.506895260402127121e+02 6.679888199688157613e+01 1.386157936664646684e+02
2.504253756749211846e+02 6.652245198101709889e+01 1.382599731733722024e+02
2.503388938441740663e+02 6.637935166713192814e+01 1.382218303386010803e+02
2.505167019588885466e+02 6.646749143794809811e+01 1.384914719920473374e+02
2.506283660949553678e+02 6.647032729847687449e+01 1.385876699643900452e+02
2.506669617141806725e+02 6.653771388107769269e+01 1.386764633789295260e+02
2.507441018867153844e+02 6.669764552083829301e+01 1.389385745119800504e+02
2.508446711014577488e+02 6.687293097930809438e+01 1.390909756313449464e+02
2.507068067461479188e+02 6.663712219733231734e+01 1.387831264596341043e+02
2.505449618367388496e+02 6.663464379821473926e+01 1.386785911254247026e+02
2.507070178186002352e+02 6.676827308690057805e+01 1.389150126983910809e+02
2.507002430737596228e+02 6.672342699957104628e+01 1.387972444831789005e+02
2.507021393214361069e+02 6.664508848021026211e+01 1.387999033151992592e+02
2.507990011506853136e+02 6.668631569630078104e+01 1.389830597335040068e+02
2.509006155145061143e+02 6.669138483955089214e+01 1.391722555474606509e+02
2.508566852092681358e+02 6.655593760425958294e+01 1.390761801333160861e+02
2.507923251332820485e+02 6.654023653732237165e+01 1.390157691548250511e+02
2.507919200103493722e+02 6.645709441747408164e+01 1.392184702013358901e+02
2.508532671972982655e+02 6.639789540338669838e+01 1.394121359851295949e+02
2.507828234685331950e+02 6.627609638521403213e+01 1.394091911839802833e+02
2.507747993109505842e+02 6.635295399301418229e+01 1.395277015571699906e+02
2.508785890827880678e+02 6.647119201465251592e+01 1.397759329742831937e+02
2.507569398579686606e+02 6.630985095561351272e+01 1.395377002635001134e+02
2.505920888683112082e+02 6.619242317984053159e+01 1.393397857955048380e+02
2.506977851010083782e+02 6.637073514492506376e+01 1.395817803620913935e+02
2.508845399641857625e+02 6.657605757511795730e+01 1.398940484377234270e+02
2.509124117410753740e+02 6.662329354731086539e+01 1.400378875051916907e+02
2.509901510870231220e+02 6.686710946489728258e+01 1.402321013964825909e+02
2.511590056444859158e+02 6.699750117451606002e+01 1.404342577398906542e+02
2.511288222838039417e+02 6.697984938959208989e+01 1.403891256834321837e+02
2.510722480577929900e+02 6.703539208410215622e+01 1.404336177137448942e+02
2.511149698030217507e+02 6.710145435728438201e+01 1.405138184368382781e+02
2.509609141479822085e+02 6.722801271881745322e+01 1.402666389775922653e+02
2.506949526448740073e+02 6.715554337538895879e+01 1.397882024116729838e+02
2.508298347506961932e+02 6.740014570807998950e+01 1.399415329307069555e+02
2.509954142807536073e+02 6.763844310235651847e+01 1.401640611701584476e+02
2.507647495387045637e+02 6.731078375967699401e+01 1.396911839802817497e+02
2.504985837719328003e+02 6.709111861590942283e+01 1.394098584452811735e+02
2.508092960393275632e+02 6.736675540788048977e+01 1.399387277097277149e+02
2.511670570372236568e+02 6.772161586175435843e+01 1.402944562841716163e+02
2.511292920902300807e+02 6.763520552328945712e+01 1.401071328871307173e+02
2.508909368212488573e+02 6.743230361750947566e+01 1.397877666491907860e+02
2.510008272678373373e+02 6.757767125805990815e+01 1.401537050024171265e+02
2.510498369295086150e+02 6.752035487407145808e+01 1.402165365053210735e+02
2.509046497218609773e+02 6.722110179820111853e+01 1.399179847346955512e+02
2.508568452158045545e+02 6.714099639815073317e+01 1.397770632332214404e+02
2.509087281863429268e+02 6.714674642027929963e+01 1.398532944324534242e+02
2.508485214715154257e+02 6.722176905950200876e+01 1.396027616447310322e+02
2.506442544035841422e+02 6.706557884917852164e+01 1.391195487134793609e+02
2.505708965132192532e+02 6.716339050446316605e+01 1.390598798929658528e+02
2.504476778625850386e+02 6.714320925450572020e+01 1.389513546085286748e+02
2.504159625244265328e+02 6.712093089760261932e+01 1.389182979389796344e+02
2.506899822290612860e+02 6.743559226249242045e+01 1.394386834526006282e+02
2.509769318235979085e+02 6.777601467974861293e+01 1.399311733585712432e+02
2.509204563250243325e+02 6.767157807297660099e+01 1.397189366033676379e+02
2.508312884271016969e+02 6.755250937910655296e+01 1.395555563120876457e+02
2.509410665286752078e+02 6.762964614724685930e+01 1.397433597287378575e+02
2.508526169579693601e+02 6.744241126446016210e+01 1.394910055900155896e+02
2.502663461996745298e+02 6.692586931210806256e+01 1.388731658825211639e+02
2.502165671448705950e+02 6.698807100204945186e+01 1.389205482436729255e+02
2.506281924708413555e+02 6.730537077259326395e+01 1.393978817858091190e+02
2.506574328142766603e+02 6.718155635294037609e+01 1.392034942704042351e+02
2.506686673157711880e+02 6.694628886967296921e+01 1.393148758417365229e+02
2.506493473775950065e+02 6.696651778115190723e+01 1.394728942118486543e+02
2.507283429450735071e+02 6.683848872124137586e+01 1.396009300805479825e+02
2.508086968659145271e+02 6.656129612103302406e+01 1.395271977067999387e+02
2.508755081058630481e+02 6.695018349685774695e+01 1.396864552764708662e+02
2.508737310119902872e+02 6.710220332405069144e+01 1.397074876250263742e+02
2.508482899726967617e+02 6.709570093076142427e+01 1.396149732074161420e+02
2.507817885326379326e+02 6.696943534714610280e+01 1.394116525611258908e+02
2.508074338355949919e+02 6.700786074665177239e+01 1.394009048880294586e+02
2.506304938414505443e+02 6.672671564455399107e+01 1.389697349338526067e+02
2.503846795443558619e+02 6.628527803689001985e+01 1.385884393575227023e+02
2.504152237708433972e+02 6.626198176606364143e+01 1.386702026976421109e+02
2.503778537335993235e+02 6.617172105754107747e+01 1.386810388849927449e+02
2.502867215001123498e+02 6.598998086730351531e+01 1.384973649987403803e+02
2.502180242256704901e+02 6.576070852256091825e+01 1.382279616529015698e+02
2.501647352402481204e+02 6.571149459722609265e+01 1.381670842723787871e+02
2.501545220570712615e+02 6.562155049738201740e+01 1.381292410243141831e+02
2.500793700508616553e+02 6.550170560159052968e+01 1.380007455623719181e+02
2.502375892802429291e+02 6.567259939129428403e+01 1.382594931537628895e+02
2.505455269662079729e+02 6.610931169954176312e+01 1.384794919281808916e+02
2.504373795695483693e+02 6.604698064261349089e+01 1.381276647897105647e+02
2.503382231784787848e+02 6.611363187602557900e+01 1.379905834451109570e+02
2.503532808148758306e+02 6.620356916708087169e+01 1.380438417909838051e+02
2.503728356562650958e+02 6.619025458061265965e+01 1.380273679265195597e+02
2.503324731563502041e+02 6.600424527980717926e+01 1.380415404203746164e+02
2.503604879178043063e+02 6.599743308662822017e+01 1.381948471086478492e+02
2.503975141112147469e+02 6.594914175217370200e+01 1.382170948260014143e+02
2.503355234937257023e+02 6.575691943160231290e+01 1.380754754236768918e+02
2.505037958997473879e+02 6.591762727328435290e+01 1.383460022196651380e+02
2.504191456331833194e+02 6.586426679557973785e+01 1.382537295140567437e+02
2.501252408609032614e+02 6.558429280515288440e+01 1.378350877312434761e+02
2.501434237313524420e+02 6.564401269158229013e+01 1.378542748980383976e+02
2.502953754706575182e+02 6.580156465966268797e+01 1.381003513335012940e+02
2.503049009661671391e+02 6.582983815509058445e+01 1.381584881765382704e+02
2.502004813813670694e+02 6.576933866234536197e+01 1.380582798276014671e+02
2.501417147253675068e+02 6.572136393656931830e+01 1.379634606349876549e+02
2.502164275647005240e+02 6.575338567022312475e+01 1.380046435939510729e+02
2.502299838631705882e+02 6.571493643995670197e+01 1.379604681723168369e+02
2.500795062266373350e+02 6.551760071900810090e+01 1.377406566395903837e+02
2.500228400819778187e+02 6.549960849464488888e+01 1.377241589443653993e+02
2.501141765791283262e+02 6.570075032852406594e+01 1.377304979267238139e+02
2.502340384968917988e+02 6.588862864185090018e+01 1.377166079976033188e+02
2.502005052121278084e+02 6.598189202622745597e+01 1.376289039892693609e+02
2.501847496748803223e+02 6.608850404101613663e+01 1.376736104964287790e+02
2.503482389067808640e+02 6.618195126268987849e+01 1.378414369267850930e+02
2.503572605519204330e+02 6.611711457148888371e+01 1.378481946496537773e+02
2.502632039436504670e+02 6.612226542020439979e+01 1.379083741293261482e+02
2.502057275531255698e+02 6.613441570379045231e+01 1.379706643335217109e+02
2.501721670332064491e+02 6.603406096589478125e+01 1.379164799923741498e+02
2.503308186206755579e+02 6.604890752983951074e+01 1.380558593031885550e+02
2.504230708999176045e+02 6.607811382933090272e+01 1.381521117458415233e+02
2.501400023149881804e+02 6.579137530724659655e+01 1.379106789043296999e+02
2.497787484084456082e+02 6.551582022074093459e+01 1.375945604586400179e+02
2.499053884754441128e+02 6.560173351762455241e+01 1.377888832905514391e+02
2.501029625040001747e+02 6.601946292274067218e+01 1.379287596429471137e+02
2.501441454629635928e+02 6.614207899556747350e+01 1.376662297693863195e+02
2.500901653854795654e+02 6.617837324418358946e+01 1.374732312468934765e+02
2.499408997133499781e+02 6.619996731781382948e+01 1.372841205427966429e+02
2.499760398722671084e+02 6.631928453247451216e+01 1.373431935942915061e+02
2.502659717162913751e+02 6.656990583445110587e+01 1.377258543327727409e+02
2.502550776542360893e+02 6.670489347649946410e+01 1.378340085382211271e+02
2.499590927969823326e+02 6.655527034295869271e+01 1.376102036508725348e+02
2.492931251659642271e+02 6.612657197911063633e+01 1.371072418277512668e+02
2.493270805956328502e+02 6.614167727702918853e+01 1.371939994144441641e+02
2.496912554725639950e+02 6.632080289237347870e+01 1.375386807290851152e+02
2.499548747523303120e+02 6.625639855926029043e+01 1.375088003595040504e+02
2.499147743907836343e+02 6.611504129530398188e+01 1.373239860011302653e+02
2.497830856069013805e+02 6.602963865757919848e+01 1.371144693570460618e+02
2.500282496646671575e+02 6.615764048233459960e+01 1.374101988847203870e+02
2.500270615310242590e+02 6.612757967985075425e+01 1.373374061238246213e+02
2.496864791072316052e+02 6.583581967603782914e+01 1.369266421096351110e+02
2.496227862925464080e+02 6.587613791882561998e+01 1.369411686605069747e+02
2.496360395999155628e+02 6.594966602891011576e+01 1.370300642068782508e+02
2.496217275258904067e+02 6.596303508568860252e+01 1.370079833048498870e+02
2.494885237865036061e+02 6.584026921950854216e+01 1.368968536587026392e+02
2.494644955708828888e+02 6.586337484424895194e+01 1.369310167564291874e+02
2.495855694530499989e+02 6.591235386637070803e+01 1.370659533325616621e+02
2.496322130606186533e+02 6.587282544308193621e+01 1.369749981275830919e+02
2.494926056553799754e+02 6.568645187207647496e+01 1.367300996125799202e+02
2.493040532719634541e+02 6.556968454881561570e+01 1.364966432671292011e+02
2.495848817653827609e+02 6.584292124274013247e+01 1.368861638603108872e+02
2.495499526789179470e+02 6.581645548073453256e+01 1.367710000068087766e+02
2.492084136203010871e+02 6.554955776916844457e+01 1.362486331356514881e+02
2.492873683350468923e+02 6.570664333521709466e+01 1.364181787851759111e+02
2.495601556489116035e+02 6.586960148159244000e+01 1.367701727389714677e+02
2.494533666056145194e+02 6.576228475716455080e+01 1.364010172330444277e+02
2.494129496353893671e+02 6.574714881969646285e+01 1.362126861352633966e+02
2.495932974283204828e+02 6.602308519837406209e+01 1.365073364699153728e+02
2.495472700161368209e+02 6.597260143393091880e+01 1.364202214218112772e+02
2.495685032239614998e+02 6.590263772477513271e+01 1.363698636199606540e+02
2.496194601992251592e+02 6.587401357672483471e+01 1.364549973105284266e+02
2.495976516487482115e+02 6.582873172691310515e+01 1.365183462813800190e+02
2.494802783432855051e+02 6.569241637105174902e+01 1.364564067298068437e+02
2.495368866132403696e+02 6.565905330600739376e+01 1.364594502583935309e+02
2.497277505804492534e+02 6.570412067897241570e+01 1.365797649606111577e+02
2.497232499710626428e+02 6.569749232309064269e+01 1.366209819635185170e+02
2.494317418924347578e+02 6.543435646732802979e+01 1.363103071444620582e+02
2.493558885809803201e+02 6.537110962830821848e+01 1.361931210806909576e+02
2.493376648577984440e+02 6.532981091993545419e+01 1.361430220128141286e+02
2.490895049329674862e+02 6.510584602605042903e+01 1.358054286472979300e+02
2.490526012977551318e+02 6.517635784270336785e+01 1.358377635852358196e+02
2.494283545200144374e+02 6.545214102363330255e+01 1.363591806303576561e+02
2.495258972281420995e+02 6.546329381966242522e+01 1.363380257236040336e+02
2.496894579523248581e+02 6.569455092633570814e+01 1.365772423043664787e+02
2.495807998965064201e+02 6.566697873615262893e+01 1.365078437246798160e+02
2.496170498879954209e+02 6.585600773478405756e+01 1.364856198380869898e+02
2.497087063982188226e+02 6.606788702857649298e+01 1.365251959228972680e+02
2.497409221823529890e+02 6.634022155798705001e+01 1.366807903642021245e+02
2.495938659621839975e+02 6.633646991536674875e+01 1.365460750737051399e+02
2.495486896485984118e+02 6.610575070300744471e+01 1.365483151652152571e+02
2.496870612586726850e+02 6.614399566961033372e+01 1.368091734811294486e+02
2.496307832149738886e+02 6.612660602305456337e+01 1.368515173385806349e+02
2.491892230491118028e+02 6.586509746781145225e+01 1.366306878919309042e+02
2.491666110615582568e+02 6.585190884393574606e+01 1.365958405109315095e+02
2.496900366993715465e+02 6.643480925178219820e+01 1.372327073786844096e+02
2.498878320135630986e+02 6.662061428892414483e+01 1.372818021502154977e+02
2.494394256105781267e+02 6.614154791004227718e+01 1.364386528130510783e+02
2.494316669957581212e+02 6.619313469826852270e+01 1.363558409194588421e+02
2.497861189223049223e+02 6.645527306647420573e+01 1.367127848627007722e+02
2.496176660833804135e+02 6.615889670386535215e+01 1.363129591676936627e+02
2.493383048839442040e+02 6.584213482763551895e+01 1.357670406961305787e+02
2.492873887614132400e+02 6.589424248820377272e+01 1.357017035589539091e+02
2.494602230559205793e+02 6.606115313646854759e+01 1.358851731815427399e+02
2.493134800400356710e+02 6.586163519871449523e+01 1.356200219242998912e+02
2.490405429328176865e+02 6.579723086560132117e+01 1.354313231519245164e+02
2.490402433461111684e+02 6.597735737289693247e+01 1.355639141003206873e+02
2.491506921133799608e+02 6.606699848164009836e+01 1.356596524794204299e+02
2.495396952386140015e+02 6.647004473374231281e+01 1.362570113502509059e+02
2.497382122844167327e+02 6.677468696593562925e+01 1.366312666389775927e+02
2.495559069647100614e+02 6.654709298762843162e+01 1.363721547773866405e+02
2.492711940572891365e+02 6.590967120358959619e+01 1.359583642565823993e+02
2.494703681512095841e+02 6.608435748864634718e+01 1.363728799133922109e+02
2.498484942363602954e+02 6.626838883630991006e+01 1.369102942077633713e+02
2.497113720390279639e+02 6.609346083925130699e+01 1.366614023381380605e+02
2.495861175605471658e+02 6.596834594094056570e+01 1.365360287058535107e+02
2.497276927057445732e+02 6.617124444232615588e+01 1.368201322266781972e+02
2.496451395461261313e+02 6.612702816795919603e+01 1.367674185839080963e+02
2.492566913371780402e+02 6.568856600099408638e+01 1.362382735635157758e+02
2.493483682737677896e+02 6.579945053074509076e+01 1.363419305639719710e+02
2.496872791399138123e+02 6.615686087601876864e+01 1.368741361349229635e+02
2.495217098230395720e+02 6.626692494672123246e+01 1.364876352395672257e+02
2.494527742409902658e+02 6.632455453499376574e+01 1.361865403863306767e+02
2.496115211515023589e+02 6.665501228986376248e+01 1.363707759976577734e+02
2.496291695320319377e+02 6.666506887089855127e+01 1.363331744615950356e+02
2.495287569194316006e+02 6.637571577392097311e+01 1.363130783214973860e+02
2.494915128447800328e+02 6.623294568629187040e+01 1.363568486201989458e+02
2.495460274121836335e+02 6.613107599289162408e+01 1.364612920357597545e+02
2.493286670434196424e+02 6.585725033873724499e+01 1.362068475988806426e+02
2.492881207062075646e+02 6.570051882970538770e+01 1.360487339057254985e+02
2.494991591145850975e+02 6.581503925266734711e+01 1.362838550000340376e+02
2.494777863265903761e+02 6.575522404319495706e+01 1.361702775943187476e+02
2.494011159604818033e+02 6.562964955164126479e+01 1.359007312639154748e+02
2.494408350298565438e+02 6.561035003983141678e+01 1.358192266577698604e+02
2.495253593338281064e+02 6.576706452689131766e+01 1.359028079444947537e+02
2.494157889003125206e+02 6.572016218534885468e+01 1.358205816067379885e+02
2.493466490545996805e+02 6.579471501814542478e+01 1.358287010873635552e+02
2.492339125342992645e+02 6.586666008483750545e+01 1.358031000415336109e+02
2.489463331268000843e+02 6.586529492268620345e+01 1.357021291082529331e+02
2.488690159257569690e+02 6.593606547331295076e+01 1.357645588926185951e+02
2.488718756170464701e+02 6.600209370255124952e+01 1.358008905895730152e+02
2.491444348364869370e+02 6.621471855871558887e+01 1.360504463161048250e+02
2.494413320714378131e+02 6.643917368539310075e+01 1.362707855299620689e+02
2.493323540025464808e+02 6.633587074195371258e+01 1.360378500568533866e+02
2.491338982358428211e+02 6.617985756013862897e+01 1.357929583506389974e+02
2.494457714017253522e+02 6.641638126493677419e+01 1.361490682172548361e+02
2.495695619906175011e+02 6.649390272964342330e+01 1.360873159073732381e+02
2.490904036930870404e+02 6.603991652424950587e+01 1.352715923714330586e+02
2.484825729051059113e+02 6.565101893524160914e+01 1.346941526121918287e+02
2.484160033771592282e+02 6.554733129523589241e+01 1.345246001538786231e+02
2.484460403488823488e+02 6.553008463324459854e+01 1.344166740428545097e+02
2.485795538881588413e+02 6.560753120127461102e+01 1.344345879661466938e+02
2.486011615793666465e+02 6.565912820268403038e+01 1.343212726987996177e+02
2.489340534762271204e+02 6.575161878953352357e+01 1.344644274829950632e+02
2.489627933736867647e+02 6.572707310596517516e+01 1.344387174965445411e+02
2.490436613580810103e+02 6.579664871416024141e+01 1.345334311529321951e+02
2.491183878149915927e+02 6.586036876400056883e+01 1.345306361451361283e+02
2.491652356862237809e+02 6.592195766295134263e+01 1.344617448202139371e+02
2.491757178165576079e+02 6.591583656183401274e+01 1.343596878851221277e+02
2.492799944167931869e+02 6.611262417528546109e+01 1.345601760752779796e+02
2.492010022537090776e+02 6.609406682145312573e+01 1.344589532168122616e+02
2.490692726170941569e+02 6.591030782534095067e+01 1.343225118983584139e+02
2.489620648332868029e+02 6.571026901524487585e+01 1.341501201751220549e+02
2.489109648734586528e+02 6.569564714133002781e+01 1.341711218841280413e+02
2.488899052897480146e+02 6.566891243216744556e+01 1.341670263976741069e+02
2.489055518863749228e+02 6.564197686373570662e+01 1.341057643205850241e+02
2.488534850785393928e+02 6.561154838665750333e+01 1.339974977701216687e+02
2.487384403788410054e+02 6.560094029373114211e+01 1.338929215831795716e+02
2.486729772790718300e+02 6.557937005086165527e+01 1.338431765723195497e+02
2.488464924524576247e+02 6.569600119834682062e+01 1.340557775977231358e+02
2.489657109396809460e+02 6.597133499921699240e+01 1.342438635791079093e+02
2.489283715419863938e+02 6.599783820956089642e+01 1.341779170553350298e+02
2.488397994130824031e+02 6.596193206190551450e+01 1.340866384328891741e+02
2.487226882459879107e+02 6.603526952590404164e+01 1.340751383886320411e+02
2.485474266182788767e+02 6.605031014032913106e+01 1.340263091598635583e+02
2.484761930700147730e+02 6.599811056111228424e+01 1.338981234978109853e+02
2.486740598764885704e+02 6.613842608038456206e+01 1.341743526544063059e+02
2.488986001130259069e+02 6.649658879681894064e+01 1.346214109172119322e+02
2.488582410175054065e+02 6.646462493786980019e+01 1.345949485596007378e+02
2.487430907815808609e+02 6.624388060107987997e+01 1.343863000360865669e+02
2.488009314423057390e+02 6.630776065745664027e+01 1.345083850233882004e+02
2.490727689301350267e+02 6.629825218391900421e+01 1.349192545738038689e+02
2.487141806644015958e+02 6.570429770748081921e+01 1.345500922590880180e+02
2.484052795348235634e+02 6.532788062831502884e+01 1.342462092068441848e+02
2.484625108089522030e+02 6.536783460090283882e+01 1.343405824237926254e+02
2.485951017573483739e+02 6.556336599282353461e+01 1.342961040110574800e+02
2.483191824006427453e+02 6.540874861270928875e+01 1.338373959106414475e+02
2.483382606268170889e+02 6.558236591792686454e+01 1.339270914896949023e+02
2.486424092218235273e+02 6.590897670713356149e+01 1.343524943997712171e+02
2.487345321340786768e+02 6.603342434414342677e+01 1.344724005746617763e+02
2.487133159482259828e+02 6.614823414062873042e+01 1.344863347609093864e+02
2.487633230974541902e+02 6.631855939646895592e+01 1.346562344674505880e+02
2.487282544308193053e+02 6.627611681158039403e+01 1.345756626653684691e+02
2.485312897888594534e+02 6.599097835486045938e+01 1.342543286874697799e+02
2.485923169627355094e+02 6.609425406314470308e+01 1.343696593562971202e+02
2.486122667138742770e+02 6.610369444879449929e+01 1.343275742328197282e+02
2.481880349154688759e+02 6.564470718803832483e+01 1.336652731345620850e+02
2.480286445744166599e+02 6.548264099299375118e+01 1.334165582934451777e+02
2.480625421293806028e+02 6.555371113032703079e+01 1.334525495509603843e+02
2.481115245558967501e+02 6.555743213339779629e+01 1.334807719804723831e+02
2.479628172044475036e+02 6.542999884250590981e+01 1.331480877516698627e+02
2.480633081181188686e+02 6.573978851902035103e+01 1.333551123790588804e+02
2.483413688388972389e+02 6.607895131035139968e+01 1.336927636192797593e+02
2.482995322362104957e+02 6.604681042289386994e+01 1.335504429117104337e+02
2.483876209411107823e+02 6.611743118016735821e+01 1.335959528559464502e+02
2.486002492016695271e+02 6.634180460137946511e+01 1.339885952787858514e+02
2.486540250154899923e+02 6.639196154396094585e+01 1.340929127317541543e+02
2.484848129966160286e+02 6.625068938986443356e+01 1.338341889711239219e+02
2.487544444368791119e+02 6.641458714909204275e+01 1.340974371719015039e+02
2.486602039913119881e+02 6.632234848742757549e+01 1.339109784910362180e+02
2.478154137360504876e+02 6.563417739618299152e+01 1.329316635913637299e+02
2.477619545309084970e+02 6.566550122898637198e+01 1.329692889581872350e+02
2.484697417426413892e+02 6.611111262417529133e+01 1.337115660895083238e+02
2.484307478092722192e+02 6.594447432746189008e+01 1.334401030850621908e+02
2.476232901429164883e+02 6.545341426713602573e+01 1.326540454418563399e+02
2.475268947156990293e+02 6.545427898331165295e+01 1.328341617359687916e+02
2.481808720696675152e+02 6.583450557980241058e+01 1.336305312897888484e+02
2.482097958044243455e+02 6.581526394269722857e+01 1.336087499744670311e+02
2.480876835819676103e+02 6.584619627014549792e+01 1.336225990508548307e+02
2.482518673103241724e+02 6.598563345566456917e+01 1.339107027350904673e+02
2.483152094723869538e+02 6.609699460063049514e+01 1.336743186104623931e+02
2.482376846032859135e+02 6.613912057684058254e+01 1.332833409364808119e+02
2.480403114339989941e+02 6.609896234058923881e+01 1.328677699174093902e+02
2.482596599690880907e+02 6.621318658123905720e+01 1.330040444205380368e+02
2.483853093573184196e+02 6.623574069408792298e+01 1.330635940872478216e+02
2.484977701216730566e+02 6.628766792175339617e+01 1.332900237626728597e+02
2.485392288365822537e+02 6.629274387379228983e+01 1.333642429648189989e+02
2.485337715923714370e+02 6.622061837419741437e+01 1.333199449849866198e+02
2.485501365162151330e+02 6.624040471440535782e+01 1.334324942635954585e+02
2.487510332336980525e+02 6.646607520988091267e+01 1.337716706725040581e+02
2.486617597995492588e+02 6.654782493242277042e+01 1.337641299389251515e+02
2.483055035439745666e+02 6.642106911601494801e+01 1.335103799985020601e+02
2.483807304468608095e+02 6.649420912513872395e+01 1.335827097617604693e+02
2.484812043385602180e+02 6.652577126554956521e+01 1.336729943010437864e+02
2.482277097277165296e+02 6.626415036529151337e+01 1.332342087166113913e+02
2.480599547896424610e+02 6.610731672442788920e+01 1.328581014373353071e+02
2.482202370820254771e+02 6.616323390232111024e+01 1.329264174196052295e+02
2.483647944767105287e+02 6.625010383402896252e+01 1.330487100749647595e+02
2.481406185103732014e+02 6.606385282122163005e+01 1.327064322627647641e+02
2.481438833245953788e+02 6.607463794265638057e+01 1.326676085491151866e+02
2.482497259462514307e+02 6.619376791562548590e+01 1.328168606036672088e+02
2.482401425760371581e+02 6.619026138940144222e+01 1.328220897534537528e+02
2.482055641421947314e+02 6.614859500643430579e+01 1.327847197162096791e+02
2.482598029536525814e+02 6.621912044066480973e+01 1.328105080037312291e+02
2.483733837637622628e+02 6.627613042915795916e+01 1.329239662556427959e+02
2.481467191851241694e+02 6.601775391675575122e+01 1.325995989623405933e+02
2.480056308683248290e+02 6.595524242692466999e+01 1.324764177600446544e+02
2.482244789574382651e+02 6.620288828820241633e+01 1.329609141479822085e+02
2.482297387467743306e+02 6.616468417433222271e+01 1.329435074794544676e+02
2.476601699473680753e+02 6.566232152462399085e+01 1.322377935439064629e+02
2.476287644090992615e+02 6.578745344490668856e+01 1.322980819641993833e+02
2.478862796097202192e+02 6.605813684303699063e+01 1.326358659758015506e+02
2.476361893932688361e+02 6.585949723903614483e+01 1.322504034207354948e+02
2.473346349467893219e+02 6.559696736547535068e+01 1.318159516303644807e+02
2.474213652983270890e+02 6.573495087458891817e+01 1.319741708597457546e+02
2.475139171642756537e+02 6.596595605607718937e+01 1.322495455133486360e+02
2.472513294160101793e+02 6.581655420817190816e+01 1.320301629343156264e+02
2.470852324180051482e+02 6.580223192096357820e+01 1.320005276811307908e+02
2.473922032559627837e+02 6.608806827853392463e+01 1.324994859364467743e+02
2.474471297550878717e+02 6.606681464434291229e+01 1.324716550122898582e+02
2.473752697982556015e+02 6.604763428633680178e+01 1.322712178880499039e+02
2.473689342202915498e+02 6.609152033444770780e+01 1.322978981269021972e+02
2.471009913596470255e+02 6.584514090788390206e+01 1.319139675493126447e+02
2.468413994784467889e+02 6.562272501344735076e+01 1.314790459525155200e+02
2.471276511721329996e+02 6.594620375981317295e+01 1.318645936174413862e+02
2.472071608031647258e+02 6.600209029815685824e+01 1.319463910015047361e+02
2.467931387835417922e+02 6.550806160592092908e+01 1.313714738985081851e+02
2.468972485684521700e+02 6.557347023537982977e+01 1.314436811035684798e+02
2.476001470698377602e+02 6.604953053401330010e+01 1.322072493174189276e+02
2.475067645316574669e+02 6.597628839305775728e+01 1.320567648720968918e+02
2.472049070940770434e+02 6.550844630248725764e+01 1.316706010117860046e+02
2.472946605478351501e+02 6.544278234344892553e+01 1.317929855857941561e+02
2.473151379801047085e+02 6.538192879368689603e+01 1.318399117580973439e+02
2.466809367531609780e+02 6.497400404442053912e+01 1.313889826988676930e+02
2.466612831843343372e+02 6.499870292573653785e+01 1.314555658443919413e+02
2.470279194384110895e+02 6.549183966664169532e+01 1.320206953135106858e+02
2.468184913085811161e+02 6.541187044236700388e+01 1.317226405844664328e+02
2.465608433365788699e+02 6.529141956437369743e+01 1.314448794503945805e+02
2.473218820853958277e+02 6.583745718974051897e+01 1.324391873029706801e+02
2.476737534809932697e+02 6.611782608991686061e+01 1.328343115293220364e+02
2.474636648986511887e+02 6.591724938550680690e+01 1.324153429246471205e+02
2.474364808094288151e+02 6.586488979975352720e+01 1.322703770026350014e+02
2.474924184136883980e+02 6.590429566484418444e+01 1.322511115347690804e+02
2.475030333154035134e+02 6.599598281461710769e+01 1.323246056009096492e+02
2.474226896077456672e+02 6.588506083652778500e+01 1.322195868426965433e+02
2.471333262975849152e+02 6.575559852657811177e+01 1.319725571768038321e+02
2.471498478235706671e+02 6.568353771047668488e+01 1.321403189236666549e+02
2.472014039722473910e+02 6.551062851929270892e+01 1.323052107660568311e+02
2.470678393670550008e+02 6.526486528811389576e+01 1.323023102220346061e+02
2.471869863619960768e+02 6.535107817170403166e+01 1.325315076701005523e+02
2.474113495700249814e+02 6.550814331138633406e+01 1.328018948859187560e+02
2.471615487270969425e+02 6.531782064288583456e+01 1.323895920854639030e+02
2.469410699330695991e+02 6.523018131804533937e+01 1.321541611912656720e+02
2.471838236796056378e+02 6.547805527374735846e+01 1.325359504047824828e+02
2.476122701182686683e+02 6.577048934764994215e+01 1.331098325718837998e+02
2.474345369002308246e+02 6.574490191939756301e+01 1.328277104085954079e+02
2.471717959542177141e+02 6.582116716257344535e+01 1.326535926574021858e+02
2.473344885578304400e+02 6.601329756449625563e+01 1.328505777257283569e+02
2.477506553459205065e+02 6.630169743104399060e+01 1.332513396291933532e+02
2.479513035426128056e+02 6.655072547644499537e+01 1.335502284348637261e+02
2.478222123116518674e+02 6.652487250543001096e+01 1.334747496067924430e+02
2.478254498907189429e+02 6.650179411584473144e+01 1.334520661269566801e+02
2.479680225234733086e+02 6.654977224601515218e+01 1.335109961938870811e+02
2.480934199865185974e+02 6.673562834907298225e+01 1.338089760262546974e+02
2.482397034091605406e+02 6.685145605948157765e+01 1.339509835295399398e+02
2.480241712001852079e+02 6.657184633925470507e+01 1.334661637241351002e+02
2.477305966541611895e+02 6.636124709775377539e+01 1.330361716904180014e+02
2.475940804390307051e+02 6.631022884339104451e+01 1.328452668704764221e+02
2.476157834532814945e+02 6.626834457918280918e+01 1.328401126173664863e+02
2.476554582655291483e+02 6.632666525951698588e+01 1.328652200260095810e+02
2.479202180174168859e+02 6.664096916299558870e+01 1.334971981834151507e+02
2.480882963729582116e+02 6.668031715338157994e+01 1.337685079901136476e+02
2.478920262274544086e+02 6.642385731502223223e+01 1.334279562058705437e+02
2.478438574511980050e+02 6.637469445560329007e+01 1.334127657980921811e+02
2.479963641067890308e+02 6.650032341746727127e+01 1.335825735859847896e+02
2.477239887246457783e+02 6.643592248874847428e+01 1.332813459613669238e+02
2.475427557891726735e+02 6.641919329470481159e+01 1.331221224356399375e+02
2.477859248718245624e+02 6.672134010580857932e+01 1.335248793142187935e+02
2.478799746713057175e+02 6.677239580850962852e+01 1.336162090025805185e+02
2.476357604395753924e+02 6.655760916190618559e+01 1.332828745344490642e+02
2.476704376008551947e+02 6.656317534673756597e+01 1.332127610319400333e+02
2.478337157603033916e+02 6.667498246736887779e+01 1.333228795729527576e+02
2.479062600004085368e+02 6.669414239900864061e+01 1.332306477200770871e+02
2.479754168680933333e+02 6.673612879504864281e+01 1.332649538023680975e+02
2.479344415771878403e+02 6.679257024967829182e+01 1.332977279071826047e+02
2.479068421518496166e+02 6.672094860045346820e+01 1.333105114081256204e+02
2.480844902600276498e+02 6.675638153728833402e+01 1.335468751063873185e+02
2.482223171669991757e+02 6.684182502774581280e+01 1.337172037666219637e+02
2.479487706731849528e+02 6.670538711368634210e+01 1.334773846080520627e+02
2.477003111616474484e+02 6.648422403638616629e+01 1.331675608875937087e+02
2.479162655155274422e+02 6.655295535477193880e+01 1.334701332479965004e+02
2.481379971266911468e+02 6.670951323968979807e+01 1.338248439085171242e+02
2.479252020508071723e+02 6.651810116498376146e+01 1.335571189291136989e+02
2.479664122449257491e+02 6.657429750321715289e+01 1.336844875365121368e+02
2.486972506110888048e+02 6.717207171016347900e+01 1.346447514451654115e+02
2.487049649687816952e+02 6.708985558558987350e+01 1.343617577569126240e+02
2.480313442591697424e+02 6.637852439929460502e+01 1.332985483662311310e+02
2.481048962000149913e+02 6.653260728948927749e+01 1.334303903478610209e+02
2.484375974507894682e+02 6.675487679496694682e+01 1.337864491485609619e+02
2.481701243965710830e+02 6.644914515656809328e+01 1.332606200083067165e+02
2.475019609311699469e+02 6.585302208090202214e+01 1.322111643709700388e+02
2.475209778782452474e+02 6.596273890337647572e+01 1.322111643709700388e+02
2.477516085763503497e+02 6.613949165582934597e+01 1.325337137176667568e+02
2.474108627416268860e+02 6.586348378486951560e+01 1.320843949369846655e+02
2.471397333678311838e+02 6.563670005242767047e+01 1.316522240908564640e+02
2.471205155614867692e+02 6.582853767643274523e+01 1.318364358714228217e+02
2.471275184007516827e+02 6.588206837385698122e+01 1.319578059359020585e+02
2.470507765423608930e+02 6.588393738637833508e+01 1.319414512252415363e+02
2.472206490137469359e+02 6.608368001416228310e+01 1.323244217636124631e+02
2.473306041438288503e+02 6.615489313606002497e+01 1.325123647604327743e+02
2.473450796287848448e+02 6.613696559519027574e+01 1.325068904942499728e+02
2.473156622568411365e+02 6.608120842383348759e+01 1.324359973854251109e+02
2.472351653514356258e+02 6.601259966364582965e+01 1.323120059372638195e+02
2.471608406130633284e+02 6.593105080037312860e+01 1.321353825517978748e+02
2.471872587135474362e+02 6.598008429280515941e+01 1.321305040546337182e+02
2.471204576867820890e+02 6.588057384471876787e+01 1.320525025703177562e+02
2.470693985796866627e+02 6.583720186016110176e+01 1.320508888873758337e+02
2.471149766118105333e+02 6.584247526707474663e+01 1.320648469043841828e+02
2.472834022155798834e+02 6.595718974051706596e+01 1.321809265399778042e+02
2.473182155526353370e+02 6.610019813575362946e+01 1.323157643886729034e+02
2.472277846243931663e+02 6.616521185546302775e+01 1.323653630105740433e+02
2.472900544022223812e+02 6.651834628138000483e+01 1.324760637030278758e+02
2.475360763673750171e+02 6.693988520382109186e+01 1.327980172807059489e+02
2.476093151039361544e+02 6.709054327325712563e+01 1.328402998590580637e+02
2.470911049983318435e+02 6.671908980111527399e+01 1.321216287984530311e+02
2.469334951555467796e+02 6.675257201996336676e+01 1.318677869393813467e+02
2.469677399587387470e+02 6.691669446922087161e+01 1.317169212018874020e+02
2.468758553540910725e+02 6.691891072997024992e+01 1.314899195882044580e+02
2.462735941553357009e+02 6.659712737201179777e+01 1.308352783773294448e+02
2.462284314593277088e+02 6.656734572986810861e+01 1.307417664721622543e+02
2.467139593787661056e+02 6.686025982338001938e+01 1.312294766084061166e+02
2.467170199293247776e+02 6.684801081235659126e+01 1.310602577807433704e+02
2.465238545915067050e+02 6.663569235168755256e+01 1.306713670005242705e+02
2.466715814773709781e+02 6.668379644445049337e+01 1.308171669991625095e+02
2.469077341031803883e+02 6.679659764824435797e+01 1.310527715174747527e+02
2.466702605723467912e+02 6.634949172391722527e+01 1.309729112338206107e+02
2.466275115919629002e+02 6.627289625448528909e+01 1.311979314899672602e+02
2.467610353444225666e+02 6.631845726463718904e+01 1.315029958670652093e+02
2.468917708978749772e+02 6.628930203106169472e+01 1.317054688191517471e+02
2.469508848021025642e+02 6.628983652098128232e+01 1.318471086478426457e+02
2.471291082529328946e+02 6.645490539187983359e+01 1.322137176667642677e+02
2.472615357903982556e+02 6.644286404891434472e+01 1.322218882133057321e+02
2.469711920146525017e+02 6.607171697226780793e+01 1.316846713738093229e+02
2.466870374279119460e+02 6.588049213925334868e+01 1.313491751152387508e+02
2.467175952719770748e+02 6.592734341487992822e+01 1.314001048553472799e+02
2.468011493235468379e+02 6.599151624917443826e+01 1.313684439874990630e+02
2.470216247131797616e+02 6.615271091925457370e+01 1.315309323274482836e+02
2.469875194901578936e+02 6.622334529410562709e+01 1.314764756347493346e+02
2.468808904533972566e+02 6.616789451824415380e+01 1.313776733006965287e+02
2.468483580605846157e+02 6.609767207511455922e+01 1.313181508691418742e+02
2.469027704961564496e+02 6.616017335176245240e+01 1.314085954149616384e+02
2.471576847394617005e+02 6.633644948900040106e+01 1.317110350039831417e+02
2.469799923741565522e+02 6.613039851840756000e+01 1.313730228979566732e+02
2.469983216335646148e+02 6.615980908156248574e+01 1.312718647229844180e+02
2.473089249603387998e+02 6.644272446874425953e+01 1.317833885980022899e+02
2.474367735873465506e+02 6.640326072894892206e+01 1.319638589491315486e+02
2.469585072411468616e+02 6.584453833007646040e+01 1.313907121312189759e+02
2.467221946088010327e+02 6.559686523364358379e+01 1.311672204481544668e+02
2.473491410712948380e+02 6.605969605566865255e+01 1.319996391341944104e+02
2.477733456345450804e+02 6.622737609706609874e+01 1.323381789213516697e+02
2.473140928310263007e+02 6.589112065854605760e+01 1.316269805064377181e+02
2.472178403883733040e+02 6.597693522799228560e+01 1.315426059958194003e+02
2.477130810450128990e+02 6.641074358782316267e+01 1.321566293772000904e+02
2.477627205196467628e+02 6.643538799882888668e+01 1.321094070225847474e+02
2.473676167196617257e+02 6.617351176899141763e+01 1.316034391192150963e+02
2.474748210990746884e+02 6.632741082188888981e+01 1.319411993000565246e+02
2.478361294759275211e+02 6.661241310283313055e+01 1.324249296992558129e+02
2.476958548093879529e+02 6.644342577398906258e+01 1.322152496442407994e+02
2.474840980737936604e+02 6.635477193961966691e+01 1.319897255377240981e+02
2.475298939871586299e+02 6.647302357883556567e+01 1.321190448631093091e+02
2.478286500214476860e+02 6.677515677236176828e+01 1.325477636533236989e+02
2.478340357733762858e+02 6.681146123416105809e+01 1.324987948443851451e+02
2.476936113134834443e+02 6.677953482355023596e+01 1.323587176327203281e+02
2.477377935439064629e+02 6.695660758907598620e+01 1.325557197230184840e+02
2.481340616467736595e+02 6.730666444246233482e+01 1.331397674117751251e+02
2.480452954673893089e+02 6.732886790268878485e+01 1.328792393221170016e+02
2.477748673988384098e+02 6.711819376451123276e+01 1.324227883351830428e+02
2.476839530465925350e+02 6.710252333712355721e+01 1.322183442387433558e+02
2.474692787450040612e+02 6.691025675942506723e+01 1.318763319693059941e+02
2.472803723045707329e+02 6.686263609066583058e+01 1.316820227549721096e+02
2.474840061551450674e+02 6.671756122803314781e+01 1.319128372903744264e+02
2.475733612947592803e+02 6.643796512538384036e+01 1.319352994845746991e+02
2.474719648121795501e+02 6.611121475600705821e+01 1.316168422199374959e+02
2.473743472073752798e+02 6.594185634817422681e+01 1.315173930509501758e+02
2.474659526516827839e+02 6.604469969837064980e+01 1.316984830018587900e+02
2.473958663843288832e+02 6.610631242808216257e+01 1.317530962966997663e+02
2.474553241323900750e+02 6.620599990467695761e+01 1.318797091285431122e+02
2.473765634681246581e+02 6.620233337191646683e+01 1.318227229708107302e+02
2.472004405286343740e+02 6.612034534176714828e+01 1.316139076319713581e+02
2.469374408486474408e+02 6.588886694945836098e+01 1.312456100334311486e+02
2.470764252497123152e+02 6.600664537785372943e+01 1.314048607943132936e+02
2.472352504612954363e+02 6.622255547460662228e+01 1.316730351537764818e+02
2.469959419618843981e+02 6.598144605056207013e+01 1.312609161906188433e+02
2.465086165222068644e+02 6.557862108409534585e+01 1.306272766887498449e+02
2.463823100858588191e+02 6.554880539800774386e+01 1.305150542320026830e+02
2.465580244980220357e+02 6.566435394807618309e+01 1.307578692576377648e+02
2.465572891488333198e+02 6.564850308778571275e+01 1.307814208580435604e+02
2.464441917627273426e+02 6.552596191163553385e+01 1.306763714602809330e+02
2.466246280699126316e+02 6.572323635348507764e+01 1.309763462677624375e+02
2.469865083850233987e+02 6.587864695749273380e+01 1.313755251278350045e+02
2.467334937937890231e+02 6.567300791862135156e+01 1.308361601154770710e+02
2.465477568445349164e+02 6.562890739366373793e+01 1.306729398307334975e+02
2.467268892686680033e+02 6.569933410045686628e+01 1.308784563114067510e+02
2.466814882650525362e+02 6.559590859881934932e+01 1.306770182952154755e+02
2.461463481061354059e+02 6.524810885891508860e+01 1.300473993831237465e+02
2.459912234712566885e+02 6.526757178165576079e+01 1.300005719382579059e+02
2.463814011125560910e+02 6.549593855749000681e+01 1.304679986927125412e+02
2.462064084320040251e+02 6.532168463052107654e+01 1.301998175244605704e+02
2.454558109607881988e+02 6.482458177014891021e+01 1.293855783044754162e+02
2.447923898167754828e+02 6.446076095023455821e+01 1.287672721949492427e+02
2.448275367844813957e+02 6.443891154702490098e+01 1.287215784134160401e+02
2.452189740517059420e+02 6.480497586284376155e+01 1.291375137026874427e+02
2.453019799957785381e+02 6.495735315144789013e+01 1.292961074154518712e+02
2.447856525202731746e+02 6.475130218085504907e+01 1.287179186894443319e+02
2.450773614581702020e+02 6.493919070736507138e+01 1.290171241037931793e+02
2.456546003581422895e+02 6.536110070879490763e+01 1.298132621587945721e+02
2.455389020147206054e+02 6.525893823747694000e+01 1.296184763292457944e+02
2.447900986593494963e+02 6.473040941246961211e+01 1.288318944093035157e+02
2.448849110431745260e+02 6.487611068367047551e+01 1.290112310971001364e+02
2.452332180378432440e+02 6.514091128829092270e+01 1.294872845869448383e+02
2.449343156145953060e+02 6.493847918893708027e+01 1.291066086103942894e+02
2.449266489184238935e+02 6.488608215484546804e+01 1.290230817939796566e+02
2.453687129346560596e+02 6.512927847265250136e+01 1.295703756408772449e+02
2.453564605192382260e+02 6.514806051651471819e+01 1.295235686223777520e+02
2.449000810245865409e+02 6.485839421525304260e+01 1.290524344824299305e+02
2.451514955504565307e+02 6.517890432970878578e+01 1.294322287208328532e+02
2.460521485133009776e+02 6.581838917674934919e+01 1.304577855095357108e+02
2.461593767234746508e+02 6.579391158106884063e+01 1.303830760745970849e+02
2.459494004861475105e+02 6.552941056315492574e+01 1.299756313449400409e+02
2.461610789206708034e+02 6.566028569677740734e+01 1.301755407880492044e+02
2.467132819042820415e+02 6.597807910450809743e+01 1.308026778966289783e+02
2.464185941212917612e+02 6.576364311052707023e+01 1.303620607480135334e+02
2.461799630963647871e+02 6.566414287562385255e+01 1.301419632461581273e+02
2.464119385302548437e+02 6.578114169770339004e+01 1.303924756075141715e+02
2.465850758158631209e+02 6.583490048955191298e+01 1.305557707889343533e+02
2.459357931217615771e+02 6.539908013263520559e+01 1.298646889404843705e+02
2.448232949090686361e+02 6.485919765232962675e+01 1.286811512300076856e+02
2.445287194710932965e+02 6.459396809401575013e+01 1.280807692569568701e+02
2.447066161000619502e+02 6.474612750137877981e+01 1.281492452457632396e+02
2.453865689832435635e+02 6.519504796791699164e+01 1.287874296141459354e+02
2.453796682758104168e+02 6.517856729466394938e+01 1.287269505477670464e+02
2.455031286384464977e+02 6.520191122701181996e+01 1.288483784869509634e+02
2.458713275095493316e+02 6.545765273815440821e+01 1.294503843561268752e+02
2.463203943650464112e+02 6.565759282081310744e+01 1.299588068278533797e+02
2.463165984652989948e+02 6.566796941492077622e+01 1.299689144748040803e+02
2.472240534081392127e+02 6.653662787926656108e+01 1.315137741797111630e+02
2.478074270268062094e+02 6.722703906202126234e+01 1.329187575322225996e+02
2.478754570399471504e+02 6.708732612055641198e+01 1.328748306313789840e+02
2.471374183796444584e+02 6.620911832994028146e+01 1.316624032300894100e+02
2.470432187868100016e+02 6.624194690506506333e+01 1.315941144829746179e+02
2.471932947048049698e+02 6.615856307321490704e+01 1.318562494467859096e+02
2.473792393221170016e+02 6.594136271098734881e+01 1.320134575710326885e+02
2.472866091550974090e+02 6.575158474558961075e+01 1.318869060182884141e+02
2.471865403863306767e+02 6.558333276593427286e+01 1.317548665817837730e+02
2.472907114503400976e+02 6.552350393888431768e+01 1.318130578951310383e+02
2.471688749838291130e+02 6.537694816469098669e+01 1.315839932184463805e+02
2.468915393990563132e+02 6.532589246198993749e+01 1.313462541448501781e+02
2.468823168946476017e+02 6.547092647188991066e+01 1.313546664033935087e+02
2.469133377363500870e+02 6.552200260095732176e+01 1.313287896016177569e+02
2.468568520245933371e+02 6.554681042289386994e+01 1.312274101410100116e+02
2.468571754420606226e+02 6.559599711307355108e+01 1.312631018118187001e+02
2.467575730753256380e+02 6.555692487863333895e+01 1.311539160748694428e+02
2.467521737058194731e+02 6.560347997194779168e+01 1.310895764252497031e+02
2.472433631331322488e+02 6.613700985231737661e+01 1.318711879293792322e+02
2.471843615739196025e+02 6.608181440603530632e+01 1.316652595169845199e+02
2.467747584582178604e+02 6.575305203957267963e+01 1.311000687687667323e+02
2.471049234351701216e+02 6.581007564564339418e+01 1.314242113720390250e+02
2.474941274196733048e+02 6.595183803253239319e+01 1.318842165467185055e+02
2.470648196692290526e+02 6.547514451654194545e+01 1.312951882289659409e+02
2.463619449986042014e+02 6.500546405299961350e+01 1.306326590362840250e+02
2.465585453703640724e+02 6.518391219385983959e+01 1.309725707943813973e+02
