2.466452868966830465e+02 5.160899677267907038e+01 1.153486048321169335e+02
2.466213512067159854e+02 5.156115165781861975e+01 1.152943871537524529e+02
2.462724853654292474e+02 5.143372665281184197e+01 1.150263570014478631e+02
2.461217763725963437e+02 5.132519772675787095e+01 1.147687409508613285e+02
2.461953727506426617e+02 5.131332591345001504e+01 1.145119309097236595e+02
2.461547127750035315e+02 5.147130869012794108e+01 1.142959876816804439e+02
2.459283603699435616e+02 5.155030418238467149e+01 1.136975264866852484e+02
2.459009412745783720e+02 5.160306907386067365e+01 1.135179571025684027e+02
2.459045527222107239e+02 5.165301046991500300e+01 1.133605258924379626e+02
2.456313959558352735e+02 5.164876209424564735e+01 1.130621201824109363e+02
2.454302924944268796e+02 5.164237147350346646e+01 1.128637121741899705e+02
2.456630831256750866e+02 5.156894417686900312e+01 1.130187368469435683e+02
2.461386861553513370e+02 5.125787049348789992e+01 1.135085968869321391e+02
2.458671840886183588e+02 5.105253343051410297e+01 1.133711238496718465e+02
2.457826318917090873e+02 5.101598886360875440e+01 1.133381119351777926e+02
2.460608709498435474e+02 5.095459097072428989e+01 1.135684746886768011e+02
2.462438646429427251e+02 5.088523311894466872e+01 1.137195596003768969e+02
2.462043997281564884e+02 5.090764871777193434e+01 1.136920223121801001e+02
2.461962641215810379e+02 5.115179078555551939e+01 1.136102771950214532e+02
2.462380584200901410e+02 5.138094042096346925e+01 1.136471566416163483e+02
2.464177131656965116e+02 5.154115408733793657e+01 1.137716202595645854e+02
2.465905291427408201e+02 5.161106678879925624e+01 1.138817809033215411e+02
2.467341629813485042e+02 5.164752599421511547e+01 1.139580809423908505e+02
2.467603935821292396e+02 5.158088821912951261e+01 1.140059638132947271e+02
2.469833266029081926e+02 5.149458282855145086e+01 1.141726862932429754e+02
2.470698979273573741e+02 5.140466270720681052e+01 1.143019350793041014e+02
2.470658465397407042e+02 5.138628700502648172e+01 1.142729088897425100e+02
2.471298184098467630e+02 5.155078516154662083e+01 1.141656833679704022e+02
2.471863556225314937e+02 5.157800234415782370e+01 1.140545788231277129e+02
2.470344564935469975e+02 5.160976338451739309e+01 1.138851132845459659e+02
2.468312977901223633e+02 5.167489912570135857e+01 1.137029026189561591e+02
2.466525179997832993e+02 5.174387941704669203e+01 1.135464169514785624e+02
2.466341422976029776e+02 5.167006471057530348e+01 1.135661584374907704e+02
2.465724177328644942e+02 5.158552400463578635e+01 1.135464563490890981e+02
2.465665442057605787e+02 5.153999185782715386e+01 1.136407824365452228e+02
2.464882119066145378e+02 5.152140439349020085e+01 1.136492118836325886e+02
2.465554866097371303e+02 5.156717128439493791e+01 1.137319862633664656e+02
2.463859242186961467e+02 5.165734420707384089e+01 1.135926812372162971e+02
2.459342897103290682e+02 5.172420195215160277e+01 1.132284864422972817e+02
2.464412680120950654e+02 5.189459005144671266e+01 1.136898357447954169e+02
2.472433803806465846e+02 5.194341518186922002e+01 1.143022338445173318e+02
2.472656745035080235e+02 5.185409094938391661e+01 1.142107099121105023e+02
2.468876396563215110e+02 5.183207589293042616e+01 1.139410874397134421e+02
2.465967326248329812e+02 5.173908768266537805e+01 1.137635749391799322e+02
2.469002222681860985e+02 5.174402879965330015e+01 1.141611510011917829e+02
2.469892641511292481e+02 5.167741728964138304e+01 1.141615712423708118e+02
2.467993200629048545e+02 5.167349394425895071e+01 1.139457281499210382e+02
2.468818006021268161e+02 5.169083874229694686e+01 1.141192467176865790e+02
2.473028198839740242e+02 5.159679664595009285e+01 1.144476405755990953e+02
2.473419252955641525e+02 5.149729305584283168e+01 1.143103760173612073e+02
2.473796386582487230e+02 5.156341537885727178e+01 1.143440839563080544e+02
2.472972106491741329e+02 5.160974532727923503e+01 1.143431827359670621e+02
2.470936333461375511e+02 5.172023428445731241e+01 1.142024938687468563e+02
2.470955917356945690e+02 5.174858907307271494e+01 1.141874620387606853e+02
2.472702626835682338e+02 5.178114463191140970e+01 1.143025555916700284e+02
2.472812546169074892e+02 5.176495713868287396e+01 1.143269213722187772e+02
2.471709757803189120e+02 5.184807788907603054e+01 1.143002130754103121e+02
2.469606582027466573e+02 5.197056506022909872e+01 1.140807421196571028e+02
2.466286085748899382e+02 5.201207208449473995e+01 1.137109939032197730e+02
2.465366233621264200e+02 5.200057783162117886e+01 1.136731065344220184e+02
2.466075456273576947e+02 5.204824729880132850e+01 1.136857679415076774e+02
2.464974998932981407e+02 5.207299720605278281e+01 1.136194010249945023e+02
2.462717647174698925e+02 5.191536080003414355e+01 1.133922081375764606e+02
2.465147609714137502e+02 5.175057701083762396e+01 1.135241802834658102e+02
2.467875139122812129e+02 5.156320525826775025e+01 1.136498964171156416e+02
2.465111199755734788e+02 5.150097180772652905e+01 1.133974430950762837e+02
2.463467038974086165e+02 5.157701412076023928e+01 1.133617997485119133e+02
2.462229642105539540e+02 5.160454648425572799e+01 1.132569528574758664e+02
2.462285668790854629e+02 5.153074162718697693e+01 1.131922357159038341e+02
2.461418642292678385e+02 5.154234914819083002e+01 1.131626316947210427e+02
2.460809292583071510e+02 5.153004724430130068e+01 1.131754671079198999e+02
2.460325161612281590e+02 5.152991427736574792e+01 1.131527297619399377e+02
2.458958606243864722e+02 5.156284575507162060e+01 1.131465623943241212e+02
2.459408888100936679e+02 5.155521575116469535e+01 1.132423905156818904e+02
2.464566314386365775e+02 5.150400706530482609e+01 1.136161999691385347e+02
2.465350999878523908e+02 5.147283206440196324e+01 1.135765823886114703e+02
2.462127799282306739e+02 5.149637049512946874e+01 1.134514046889722749e+02
2.463870372011937491e+02 5.145104190264193988e+01 1.135304642023461241e+02
2.466913673269049525e+02 5.119560421160456798e+01 1.136857712246418970e+02
2.466271098241224990e+02 5.120868257673505752e+01 1.137369651363978136e+02
2.463702324787334987e+02 5.121234491294769953e+01 1.136085913056039800e+02
2.465179406868973331e+02 5.117865338967191491e+01 1.137757110447918052e+02
2.466267979263724328e+02 5.116425520458850684e+01 1.138279604841966375e+02
2.464678482666693071e+02 5.120481996933552438e+01 1.137307747868425167e+02
2.463179502079865415e+02 5.118731265615407011e+01 1.135742004747412039e+02
2.464177115241294018e+02 5.119586850390857080e+01 1.136228860719597407e+02
2.464900389708030843e+02 5.120706399156890853e+01 1.136636921470712736e+02
2.462765728675222476e+02 5.126326304142987311e+01 1.135562630709780763e+02
2.461719328139415097e+02 5.136878297497923285e+01 1.134799367668350953e+02
2.463389080952240136e+02 5.142971137967148820e+01 1.135319826519188240e+02
2.470081027752333398e+02 5.132711507713723620e+01 1.139169728189318676e+02
2.470101760744877595e+02 5.123915334534960664e+01 1.139854770558165598e+02
2.466499079080853676e+02 5.148844336757642282e+01 1.138265126220094743e+02
2.465594887503406198e+02 5.164094331012157113e+01 1.138180010965668316e+02
2.465229064273918596e+02 5.174777485578832881e+01 1.138353327620679778e+02
2.459207057425300604e+02 5.182936402407194265e+01 1.133822306927084895e+02
2.458042825202651329e+02 5.191447435379711095e+01 1.133028461490477241e+02
2.462114174275330072e+02 5.194305075397176807e+01 1.134971354654006888e+02
2.463982179147501483e+02 5.172848808386437724e+01 1.135355399278367088e+02
2.463606112539274591e+02 5.163133357628526454e+01 1.135514335805533364e+02
2.464680912186009323e+02 5.151253664798563392e+01 1.136098356134700396e+02
2.464829670997120559e+02 5.146654650395453245e+01 1.136196423353590319e+02
2.462517622222878799e+02 5.147709521417525735e+01 1.135093684234717841e+02
2.463481484764615743e+02 5.149836499916280275e+01 1.135187729614198844e+02
2.467646600150367533e+02 5.140069175637830767e+01 1.137447313903745112e+02
2.469088684021314180e+02 5.129640299815816462e+01 1.137705204096038187e+02
2.465848854350317083e+02 5.126965202060495130e+01 1.134163785716396262e+02
2.465050133459405686e+02 5.127646452409327793e+01 1.133563497457212605e+02
2.467514322672996627e+02 5.121070498740917998e+01 1.136273544176212340e+02
2.467812562584745990e+02 5.118092860168030711e+01 1.136001667832179294e+02
2.465653852593840156e+02 5.124602658682083955e+01 1.134157958153171393e+02
2.465179620272697036e+02 5.127998732710194218e+01 1.133920292067619471e+02
2.465791497995646466e+02 5.120870884180874327e+01 1.133774241842232300e+02
2.466399468788884519e+02 5.104795345828942033e+01 1.133496685676013698e+02
2.465404925357943569e+02 5.100390364657717157e+01 1.133198018956816924e+02
2.463811850144622042e+02 5.102877995449576076e+01 1.132367615820767099e+02
2.462758193882207820e+02 5.103170522707797829e+01 1.131861110290327588e+02
2.460607412660422142e+02 5.103340424903229433e+01 1.130505651915544689e+02
2.464381572424299236e+02 5.113172755239061473e+01 1.133075623713421720e+02
2.468697728399439200e+02 5.108543207687787202e+01 1.136362106721560679e+02
2.467325788690915829e+02 5.103415444519956878e+01 1.135340378939350643e+02
2.465824739729535509e+02 5.106918548723353268e+01 1.134007130967506782e+02
2.466022400824723206e+02 5.109217399298066198e+01 1.134071940036836708e+02
2.467728973987727557e+02 5.110167045868668367e+01 1.134970156310019860e+02
2.466302649160994918e+02 5.111200904831788705e+01 1.133201285675357184e+02
2.466176117168493818e+02 5.118962069950457305e+01 1.133047241018165607e+02
2.467714708769579772e+02 5.124833463017134960e+01 1.134051929333819260e+02
2.467933267014022363e+02 5.119424827717531912e+01 1.134221831529251148e+02
2.467281105234300753e+02 5.108625121886357334e+01 1.134263740737457624e+02
2.469560355497772264e+02 5.108491334167249676e+01 1.135183527202408555e+02
2.470496885947200667e+02 5.110406058039246346e+01 1.135262223929452006e+02
2.469604086845466213e+02 5.112894181301237495e+01 1.134548010913138114e+02
2.469996913853841534e+02 5.114263412424036659e+01 1.134794196731968157e+02
2.472166934242104901e+02 5.133353852922153493e+01 1.138871340536529857e+02
2.471230797768781997e+02 5.144006802654085675e+01 1.138148180979490292e+02
2.470107752464813018e+02 5.154727549107479945e+01 1.136857777909103078e+02
2.470611549409528322e+02 5.164952049824844948e+01 1.136317866488064112e+02
2.471817969906791745e+02 5.158331773844582813e+01 1.137014071513229396e+02
2.470915403480778991e+02 5.152720569164146980e+01 1.136162426498832900e+02
2.470435458506108262e+02 5.145099429719587647e+01 1.134873451591827660e+02
2.472183842383292927e+02 5.134136223804692634e+01 1.136049158368544880e+02
2.473543732989260775e+02 5.132757307435970517e+01 1.137670271548030598e+02
2.471598377475072823e+02 5.139968383417545539e+01 1.136444168661170693e+02
2.471367704465390887e+02 5.141989809151408508e+01 1.136151559324593592e+02
2.471326665287750188e+02 5.141936294063764734e+01 1.135671121879791343e+02
2.470904651216237085e+02 5.139808494781458137e+01 1.134757950930276138e+02
2.470531588675813452e+02 5.135614619140015691e+01 1.134707768223857158e+02
2.470904716878921192e+02 5.144763236776356052e+01 1.135777692416288289e+02
2.470928979240742365e+02 5.145756877345389313e+01 1.135520393188153179e+02
2.469288889545515815e+02 5.143195704347198216e+01 1.133237482230036051e+02
2.469387629806918767e+02 5.145334994599244283e+01 1.133992652345635292e+02
2.470802972549714980e+02 5.142819457166589814e+01 1.135164173126233180e+02
2.471551395824509996e+02 5.150515944541297131e+01 1.136597786510914716e+02
2.469353813524543000e+02 5.157271157337640943e+01 1.133600120819339026e+02
2.471086044381408158e+02 5.154745442188931293e+01 1.135006434943054074e+02
2.472567049808429260e+02 5.133224497434230926e+01 1.136617731551248056e+02
2.472115881505120001e+02 5.119562883511115103e+01 1.137193691785926575e+02
2.471900212418783553e+02 5.121712843949347871e+01 1.135843880401986894e+02
2.471998509457067996e+02 5.139583107617855973e+01 1.135611615072212572e+02
2.472083772452534163e+02 5.149466654847383751e+01 1.135815809604480791e+02
2.471014291483221541e+02 5.149740139927180138e+01 1.134180808767281547e+02
2.471512786166185549e+02 5.162333421977957215e+01 1.134683670018746682e+02
2.471832021721215824e+02 5.158600990849905088e+01 1.136314813173247700e+02
2.470798917878964005e+02 5.147495953537084290e+01 1.135042582250719789e+02
2.470118307741302033e+02 5.147021376486849675e+01 1.133280442041190241e+02
2.471244176540692763e+02 5.151188658741180859e+01 1.135168900839497468e+02
2.471368640158640915e+02 5.149798908029561062e+01 1.136992353580422019e+02
2.470815267887335835e+02 5.152724508925200553e+01 1.136217566737910687e+02
2.471014389977247845e+02 5.153827477863467266e+01 1.135477942262801747e+02
2.471480496541218201e+02 5.155652900484918888e+01 1.136121387321192344e+02
2.470002413103645154e+02 5.160082176849307700e+01 1.134675166701139517e+02
2.470515205836099426e+02 5.162861678272545873e+01 1.135292067619432146e+02
2.470577421229402546e+02 5.159718898048833324e+01 1.134210274896827571e+02
2.470521164724692653e+02 5.157346012797657409e+01 1.132817602195760145e+02
2.471448157669237276e+02 5.163414722230429987e+01 1.134245388017216811e+02
2.472507214687429098e+02 5.164608469829638437e+01 1.136418954190428394e+02
2.472319895465006709e+02 5.163897835429614247e+01 1.136117069999704512e+02
2.471541923982310607e+02 5.163450015923201164e+01 1.134652430996726764e+02
2.471508944899158564e+02 5.171366309133350825e+01 1.134209651101327410e+02
2.471700006894581918e+02 5.178182424069313328e+01 1.135163303095667260e+02
2.470781878412407480e+02 5.185341462373640553e+01 1.134871284723248266e+02
2.469201508928483406e+02 5.182912763840872827e+01 1.132380715526270052e+02
2.469110451201134708e+02 5.176241763437047894e+01 1.131478050606230710e+02
2.469554216036797243e+02 5.169500832274522395e+01 1.132152701855299171e+02
2.469187473529730426e+02 5.163296693555535910e+01 1.132034279204299594e+02
2.469175933312977804e+02 5.160369943562923112e+01 1.131943287139635004e+02
2.469598521932978201e+02 5.162374625312308041e+01 1.132426466001503655e+02
2.469614642121955228e+02 5.161580763460029431e+01 1.132775627324869419e+02
2.469782787840584035e+02 5.162841322840436220e+01 1.133558228026803505e+02
2.469047628428002383e+02 5.158915515107342031e+01 1.133311188593078498e+02
2.468954305338047845e+02 5.154505609234799834e+01 1.133270050921411638e+02
2.469507135892208112e+02 5.152077567328874608e+01 1.133632820836082971e+02
2.469852094803783586e+02 5.152780978833633441e+01 1.133557193839527031e+02
2.470122510153092605e+02 5.146917957759195161e+01 1.133097899779045008e+02
2.470139976427096258e+02 5.145244215938303256e+01 1.132646764307078087e+02
2.470833735517274192e+02 5.145811377373295414e+01 1.133237137500943845e+02
2.469492279709902220e+02 5.136186212806193652e+01 1.131722693351981519e+02
2.468686582158792078e+02 5.136390916224264203e+01 1.130490221184751789e+02
2.469304418770335019e+02 5.146190579374694352e+01 1.131383053117828439e+02
2.469635506439867640e+02 5.155324587063794439e+01 1.131900376575493965e+02
2.469683456615022976e+02 5.158095059867952159e+01 1.132385607396244751e+02
2.469729207090256580e+02 5.156308870700325286e+01 1.132812382012364338e+02
2.469831443889594880e+02 5.146985918637368229e+01 1.132443997938191700e+02
2.470534395755564105e+02 5.151280422342384924e+01 1.133173592438285340e+02
2.470536513377130348e+02 5.160490434588475495e+01 1.133192765942078921e+02
2.471118924970533897e+02 5.161029032755830315e+01 1.133245821390932662e+02
2.471841230912678498e+02 5.160457110776231104e+01 1.134153542337657257e+02
2.470798802969266603e+02 5.154611161999691404e+01 1.133790000886446308e+02
2.470253096816344680e+02 5.150458489692600494e+01 1.132987750626257792e+02
2.471180647893705213e+02 5.153807286588068592e+01 1.134324938359155226e+02
2.471812848217422243e+02 5.154668616848388041e+01 1.135769500996431276e+02
2.471508518091711153e+02 5.150387738150347872e+01 1.135400443879745325e+02
2.471195372750642605e+02 5.145372422329252515e+01 1.134877046623788885e+02
2.471764832379582799e+02 5.153971443298630817e+01 1.135477482624012140e+02
2.472218463033550222e+02 5.162358866268094459e+01 1.136498422454011461e+02
2.471404639725267316e+02 5.163914415257381307e+01 1.135371043412883694e+02
2.471607603082206310e+02 5.168487492900221980e+01 1.135534248014524650e+02
2.472820080962089548e+02 5.176206305587566447e+01 1.137037184778076551e+02
2.474570664539195661e+02 5.179337430684829258e+01 1.138797043209329303e+02
2.474649985061739415e+02 5.177108675025526452e+01 1.139268435619379716e+02
2.473657805487430608e+02 5.170834441391129843e+01 1.138115809276167454e+02
2.474427749706980251e+02 5.162484281994963453e+01 1.138687944659489801e+02
2.474586423583409669e+02 5.154948832353317556e+01 1.138964368144405341e+02
2.474318437753416902e+02 5.173377557151158612e+01 1.139690581016261319e+02
2.473133012899434391e+02 5.182079176064638659e+01 1.137398083306247543e+02
2.472641265057274325e+02 5.177524812286801392e+01 1.136186508288272279e+02
2.472391172308732905e+02 5.167570349358311432e+01 1.136679536552774721e+02
2.471944682471674639e+02 5.171434105854812913e+01 1.136061486537508216e+02
2.471578613007121135e+02 5.198923624448843839e+01 1.135050757254905847e+02
2.471436174229366429e+02 5.212573419088798943e+01 1.134693699993761982e+02
2.470283137494377570e+02 5.209803438754772742e+01 1.132703661022958954e+02
2.469879246323710333e+02 5.213747139569318279e+01 1.130492929770476138e+02
2.469759280599631666e+02 5.206057546776454359e+01 1.130789347542738170e+02
2.469879328402065823e+02 5.197455078516154714e+01 1.131679339564722113e+02
2.469073811423337190e+02 5.193138249498501580e+01 1.131244636179482370e+02
2.469054178280754002e+02 5.194946271508632663e+01 1.130959118412801558e+02
2.469540361210426056e+02 5.193984805654870485e+01 1.131681457186288355e+02
2.469989576048879201e+02 5.199609142872151324e+01 1.132489764829096401e+02
2.468953156241074112e+02 5.182491701878281276e+01 1.131435632512221474e+02
2.469539573258215341e+02 5.176732263688207070e+01 1.132058262499712669e+02
2.469685853302997032e+02 5.169353912018569730e+01 1.132533430514105959e+02
2.468176974066522860e+02 5.169003437441519111e+01 1.131145370616605419e+02
2.468278291588281945e+02 5.173390033061161830e+01 1.131448206916250570e+02
2.469398973035618781e+02 5.177429601394675274e+01 1.132132379254531571e+02
2.470477334882972684e+02 5.173068450065170509e+01 1.132615508869387071e+02
2.470249124223949195e+02 5.175681332427188153e+01 1.131896912868901097e+02
2.469982993364785671e+02 5.178635004120333463e+01 1.131305029433298159e+02
2.469534730635253652e+02 5.176802030290195944e+01 1.130622137517359533e+02
2.469337824660934189e+02 5.158487558562906372e+01 1.130574614149651893e+02
2.469576360777052173e+02 5.146005738918601224e+01 1.131442740497788861e+02
2.469111879364516540e+02 5.129928887312984642e+01 1.131612527783523205e+02
2.468751325565437753e+02 5.117838581423369959e+01 1.131393953123409801e+02
2.469021954318470478e+02 5.109939524667829147e+01 1.131531565693874057e+02
2.469588032319173294e+02 5.123181225725326726e+01 1.132531871025355628e+02
2.470692380173809113e+02 5.140417187864222370e+01 1.133524986292914605e+02
2.470622662818833248e+02 5.146156598935608173e+01 1.133785486576905726e+02
2.470561612938175244e+02 5.150994953822717548e+01 1.133492565342578615e+02
2.469908761700269508e+02 5.152499778388440888e+01 1.132277707190392277e+02
2.470506423452084164e+02 5.172704350481143365e+01 1.132584007196630154e+02
2.470395535594099670e+02 5.188269361463227369e+01 1.131874029423448746e+02
2.469827126568106905e+02 5.192181215875923783e+01 1.130850118356988361e+02
2.470111445990800689e+02 5.198003854399564005e+01 1.131461273790411326e+02
2.470237304940788761e+02 5.195714196600642509e+01 1.131920715591932662e+02
2.470212385952125373e+02 5.176177742319928399e+01 1.132703496866248400e+02
2.470106537705154892e+02 5.170833292294155825e+01 1.132124565395108817e+02
2.469783329557729132e+02 5.169005243165335628e+01 1.131507007849973832e+02
2.469700857226342521e+02 5.162590819700118772e+01 1.132487138321727400e+02
2.470088365557295731e+02 5.156795923660563119e+01 1.133850197152209347e+02
2.469376023927482038e+02 5.151016622508511489e+01 1.132638457977523672e+02
2.468774061269850790e+02 5.148026508025621695e+01 1.131232209516492873e+02
2.469229169334213339e+02 5.154791734381309709e+01 1.132300508557489280e+02
2.469117493524017846e+02 5.169756424272868145e+01 1.133091103691227772e+02
2.467967674260556237e+02 5.175276686135652682e+01 1.131293620541914180e+02
2.467597533709580375e+02 5.178606276695985144e+01 1.130234629186406465e+02
2.467197188323861496e+02 5.183948264371099413e+01 1.130227045146378515e+02
2.466543138741968733e+02 5.188626073995278887e+01 1.130007206479593691e+02
2.466246950789101220e+02 5.197551274348543870e+01 1.130226306441180952e+02
2.467005847262030329e+02 5.200436000223253075e+01 1.131005476267864367e+02
2.469092344715959655e+02 5.175989947043045447e+01 1.132012873169242226e+02
2.468683988482765130e+02 5.168298876839786260e+01 1.131326107154934419e+02
2.468337223847373707e+02 5.159574768456959504e+01 1.130709912110497157e+02
2.468276535111478722e+02 5.150780893472144584e+01 1.130291591564971583e+02
2.468671627482459883e+02 5.159843000522018031e+01 1.131205074412236939e+02
2.468208262335556071e+02 5.160987993578189759e+01 1.130038166435205653e+02
2.468401294211506070e+02 5.147381207996401997e+01 1.129211703060209402e+02
2.469093920620381084e+02 5.143161559751401057e+01 1.130758732316218413e+02
2.468495897723803125e+02 5.146657441059532800e+01 1.130536349220419794e+02
2.468191945158526153e+02 5.150477531871025150e+01 1.130321894893741330e+02
2.468356791327272788e+02 5.158137248142566733e+01 1.130057323523328279e+02
2.468395335322912558e+02 5.155501219684359171e+01 1.129890622383752401e+02
2.467965884952411102e+02 5.153700748882913274e+01 1.129382918509325719e+02
2.467765909247604270e+02 5.160649830754431377e+01 1.129284260326277831e+02
2.468172312015942964e+02 5.168036390259597113e+01 1.129858464084153269e+02
2.466997261866067959e+02 5.166868086950526617e+01 1.128962923565352412e+02
2.465310994888160110e+02 5.172188570096557214e+01 1.128353951416179939e+02
2.466433285071260286e+02 5.173363767987471817e+01 1.129255910462363772e+02
2.468469452077731603e+02 5.167399626379327060e+01 1.130896623953090625e+02
2.467304825878977113e+02 5.165314179528344596e+01 1.129774694914753468e+02
2.466722857508692073e+02 5.178209674083267089e+01 1.129668452691677629e+02
2.468215518062162914e+02 5.178834126210245614e+01 1.130457225685928790e+02
2.469430441877033502e+02 5.162900255099528124e+01 1.131342604904345848e+02
2.467843506124686996e+02 5.151820497920134301e+01 1.128120717561813251e+02
2.467632613998627562e+02 5.156659016963954656e+01 1.127731813898820405e+02
2.467746161195323396e+02 5.157334029357786420e+01 1.128330575500595927e+02
2.465685551254649681e+02 5.155805402069031373e+01 1.127669877571925241e+02
2.464978134326153167e+02 5.165936169304664816e+01 1.127749427913863656e+02
2.466624675380104748e+02 5.167715956360579810e+01 1.129026320886971604e+02
2.467085052874876396e+02 5.164274575080354879e+01 1.128280228637466536e+02
2.466364010939403215e+02 5.168886065393467533e+01 1.127736098388966042e+02
2.467350642016895108e+02 5.178919651856448070e+01 1.129392866405985814e+02
2.468959197208022545e+02 5.172050350146263753e+01 1.130632627131164440e+02
2.468689159419147927e+02 5.163210839595911494e+01 1.129848122211387818e+02
2.468354296145272144e+02 5.159251215580441396e+01 1.128792020013986104e+02
2.468690045865384946e+02 5.154874961833564839e+01 1.128372074317025948e+02
2.469500553208114582e+02 5.152323145767876156e+01 1.128843860703181718e+02
2.468445485197989342e+02 5.146369346032496139e+01 1.127027565194837564e+02
2.467937403763128543e+02 5.139845758354756100e+01 1.125603637056079265e+02
2.468411865903666182e+02 5.135526466986443950e+01 1.125558592454700886e+02
2.467765449608814663e+02 5.127674030736702804e+01 1.125251143351489134e+02
2.467194135009044942e+02 5.123168257345191989e+01 1.124557433508324351e+02
2.467609960372570015e+02 5.124849386218059522e+01 1.125140879289004516e+02
2.467315725884558333e+02 5.132745652309520779e+01 1.126553185132654988e+02
2.465439825074609246e+02 5.140040284056772180e+01 1.125374671276187115e+02
2.466337351889607987e+02 5.154818327768420971e+01 1.125774836089524484e+02
2.468632197040582810e+02 5.152584154937670036e+01 1.127734046430084049e+02
2.467832064401960679e+02 5.153807450744778862e+01 1.127920577700295865e+02
2.466746020020552521e+02 5.171746167761592261e+01 1.128669181547472533e+02
2.467340103156076907e+02 5.190435245102384698e+01 1.130953093861523939e+02
2.470060820061263200e+02 5.217692646107680332e+01 1.135848296217501030e+02
2.469702548040461352e+02 5.230507868031137519e+01 1.136260739952788583e+02
2.470850873477857021e+02 5.250705545541995889e+01 1.138729131578169813e+02
2.472122595514582031e+02 5.264625542127536306e+01 1.140742234566806843e+02
2.471740750590143421e+02 5.285040070653047906e+01 1.142548171786714448e+02
2.468333119929609722e+02 5.290293742017880163e+01 1.139255253835521557e+02
2.469509450501826961e+02 5.298228913249744920e+01 1.140303361601118866e+02
2.470397866619389617e+02 5.298109407164455575e+01 1.140910429532448802e+02
2.468484849977182307e+02 5.294154543693591819e+01 1.139691040655050926e+02
2.468323139201607432e+02 5.293914546582750091e+01 1.139600672385886497e+02
2.470994034545138049e+02 5.259212802910170126e+01 1.140315328625318898e+02
2.471667766516627296e+02 5.243594933467285557e+01 1.140729972060527899e+02
2.470181934882316170e+02 5.244363186872715943e+01 1.139642089123961313e+02
2.471164888849491206e+02 5.248478595606509600e+01 1.140825232199667028e+02
2.473649121597441649e+02 5.234350284155266309e+01 1.142685833604191856e+02
2.472329892608679813e+02 5.207835035638422028e+01 1.138664831394642647e+02
2.471780886905875718e+02 5.206408021353504978e+01 1.136255946576840046e+02
2.472658107535777958e+02 5.223527268071191543e+01 1.138348616323086731e+02
2.472872627525140672e+02 5.231142826187591766e+01 1.140163007613588206e+02
2.472144149290678854e+02 5.230107489814076160e+01 1.139549783805612151e+02
2.471424978741706013e+02 5.218188563530288349e+01 1.138120947381208055e+02
2.470909625164566989e+02 5.202272093030890687e+01 1.136934603249646187e+02
2.471327486071303099e+02 5.200568638845387426e+01 1.137581774665366510e+02
2.471429410972891105e+02 5.204800434686969623e+01 1.138636235295662686e+02
2.470673075344647032e+02 5.209593974792095850e+01 1.137460774754011226e+02
2.471757757225357750e+02 5.213359729732391656e+01 1.138204601640910454e+02
2.472368223200596162e+02 5.218791675284894183e+01 1.140435737572516217e+02
2.470640818551021596e+02 5.224425205277966455e+01 1.139159304238198018e+02
2.471231864787400525e+02 5.231451769116869599e+01 1.140108638911050036e+02
2.472272667579377980e+02 5.241679224655024427e+01 1.141883960904437743e+02
2.472151602005338304e+02 5.263292425481061088e+01 1.144112798642095754e+02
2.472039581466050890e+02 5.269537931691109378e+01 1.144299559731702232e+02
2.471862128061933106e+02 5.259961521667044337e+01 1.144007114551835826e+02
2.471693555535856888e+02 5.251132845459589760e+01 1.143521670327361335e+02
2.471174738252124996e+02 5.258740688210593106e+01 1.143495733567092429e+02
2.471901361515757287e+02 5.263499919563211904e+01 1.143921785893685552e+02
2.472177194036515004e+02 5.251348547377268261e+01 1.143236054066654219e+02
2.471355113645690835e+02 5.242461431380853298e+01 1.141826177742319999e+02
2.471462833279161657e+02 5.243858240831026762e+01 1.141572703365540917e+02
2.472534005062592826e+02 5.248237285241983585e+01 1.142923335533033224e+02
2.472108215386736845e+02 5.259146155285682056e+01 1.143996066805214866e+02
2.471502805438183543e+02 5.255120047802434158e+01 1.142625194115310308e+02
2.471907386067034906e+02 5.250732795555949650e+01 1.141407988522162782e+02
2.472166868579420793e+02 5.253315144769803169e+01 1.141600987566770726e+02
2.472086595947955630e+02 5.257697800628391605e+01 1.142053731774501273e+02
2.471735251340339516e+02 5.242545151303239948e+01 1.141966646639547918e+02
2.470746978695742087e+02 5.221343819664004116e+01 1.140701720690640144e+02
2.471511144599080012e+02 5.224142527422378635e+01 1.142290839727237142e+02
2.470992458640716904e+02 5.234178412079307208e+01 1.143364079885221685e+02
2.471411796957847855e+02 5.249407394274870597e+01 1.142694698066562324e+02
2.470701047648126689e+02 5.251359710033586481e+01 1.140718103530354171e+02
2.470400296138705869e+02 5.255802939718373068e+01 1.139929018638352858e+02
2.470152961222901808e+02 5.263009583468762287e+01 1.140012098349568390e+02
2.470718612416156930e+02 5.267504522517376131e+01 1.140988863608755395e+02
2.470644347920298571e+02 5.258451608243293407e+01 1.140373177450121034e+02
2.471369001303404218e+02 5.246604418442021256e+01 1.139645913975317342e+02
2.471108386109715696e+02 5.241107138518715658e+01 1.138983968455646476e+02
2.470993952466782844e+02 5.240708073555338586e+01 1.138892516752192279e+02
2.470201814259965261e+02 5.236899309556875437e+01 1.137960828925725707e+02
2.470499545285911722e+02 5.238043153516072437e+01 1.138854547305039233e+02
2.469946583406382956e+02 5.233753410355662083e+01 1.139423941271295178e+02
2.469933040477761779e+02 5.231887276869991155e+01 1.139456312974618157e+02
2.469881922078092771e+02 5.224646816837225316e+01 1.139770541749976189e+02
2.469307964555283093e+02 5.217193281394150262e+01 1.138556356640303164e+02
2.469559354141837844e+02 5.226493743987760610e+01 1.138215731465886620e+02
2.468889266449323259e+02 5.232079504378059198e+01 1.137040549990643115e+02
2.469332046344722471e+02 5.225891288859997275e+01 1.136354424187506424e+02
2.468676552183776778e+02 5.225944968104351318e+01 1.135346058761536057e+02
2.467008637926109884e+02 5.227643333431827699e+01 1.132908348025358976e+02
2.467040156014537615e+02 5.214042949961751816e+01 1.132605938533161236e+02
2.468680935167948860e+02 5.210421652926749658e+01 1.135273107519362270e+02
2.468260776067264715e+02 5.208669115884788425e+01 1.135051660116813963e+02
2.466743212940801868e+02 5.202843030070226149e+01 1.133833600908771615e+02
2.467062366417476653e+02 5.201713467744848174e+01 1.134409085088989286e+02
2.468084340434752733e+02 5.206377816518761392e+01 1.135530570904207934e+02
2.468397846920584300e+02 5.214919054326021808e+01 1.136968829923798410e+02
2.467571482039614352e+02 5.217752399150325004e+01 1.135602553621789497e+02
2.468434732933447719e+02 5.211886751568517440e+01 1.135721944797381440e+02
2.469717092325017234e+02 5.206528512379057361e+01 1.137220908968537714e+02
2.468020811787765183e+02 5.204249853079743815e+01 1.135898002869459305e+02
2.467340382222485005e+02 5.193473293344758446e+01 1.135342086169140572e+02
2.466617616641550796e+02 5.165956853050195718e+01 1.133575218246346736e+02
2.465403956833351344e+02 5.153572542491964725e+01 1.131710693496439433e+02
2.464824434398053654e+02 5.160822523613942536e+01 1.131593502020769080e+02
2.465168162134299905e+02 5.174296506416885677e+01 1.131000108343428963e+02
2.465109820839365966e+02 5.179580218459750540e+01 1.130453318756217413e+02
2.464695226651170401e+02 5.201343458519240670e+01 1.130001460994724027e+02
2.464966150886282037e+02 5.219065324521400839e+01 1.130620495950253996e+02
2.465912990377133553e+02 5.222630972431522167e+01 1.131063702653100762e+02
2.467020391546585927e+02 5.216443741853723282e+01 1.132941294277168822e+02
2.466517710867502444e+02 5.221203629833183868e+01 1.134147008900576878e+02
2.467412923072882336e+02 5.221259278958064698e+01 1.135450117700361403e+02
2.468383483208410212e+02 5.219174488733924733e+01 1.137120773375094842e+02
2.468227320929652251e+02 5.219084859169957724e+01 1.136920863332972118e+02
2.468367921152248812e+02 5.217571826768706700e+01 1.136729965494259460e+02
2.468744775712686419e+02 5.212386772908890009e+01 1.137787528686385201e+02
2.468693328999596304e+02 5.207873284151983029e+01 1.137912140045372951e+02
2.468343281229993522e+02 5.210536890937564891e+01 1.137258139710493197e+02
2.469408116564397062e+02 5.216570799147698523e+01 1.138844665071063389e+02
2.469937489124617969e+02 5.218936461503609792e+01 1.139535223105385313e+02
2.468688043153516105e+02 5.212853470437018188e+01 1.138197575733698415e+02
2.467753613909983130e+02 5.213046190415217751e+01 1.137110497165013641e+02
2.468357037562338405e+02 5.215240309008591879e+01 1.137993069303680045e+02
2.469608453413967197e+02 5.213958573412522668e+01 1.139936356443315049e+02
2.468738390016645496e+02 5.210470899939918610e+01 1.138261564019475571e+02
2.468308956061814854e+02 5.207751151559324398e+01 1.137119263133357663e+02
2.469589591807923625e+02 5.204183533768676995e+01 1.138922902159317374e+02
2.469716402866832823e+02 5.205822966837061472e+01 1.139785332269597831e+02
2.468855203931881590e+02 5.213320988748699136e+01 1.139286788339620529e+02
2.471075997990721760e+02 5.219219139359197612e+01 1.142446033481402736e+02
2.474411153463542519e+02 5.240683450048754821e+01 1.148495290343973920e+02
2.474985209480378217e+02 5.260592211749023761e+01 1.151821170962647756e+02
2.474092656613709664e+02 5.259900291214004397e+01 1.150688161346347727e+02
2.473276256045070909e+02 5.242139520071440728e+01 1.149923141828114836e+02
2.473177811265746868e+02 5.252536713648316891e+01 1.149665038232097913e+02
2.474825911808448780e+02 5.281566514657552602e+01 1.151605501876311166e+02
2.474293994819214220e+02 5.307041173786143418e+01 1.151411140331005640e+02
2.473490234317288525e+02 5.307022459921139301e+01 1.150006385696040923e+02
2.473229881774337002e+02 5.295192999044608229e+01 1.149113455268937969e+02
2.473251353472078620e+02 5.292448627157429542e+01 1.148472177079126766e+02
2.472557101911769166e+02 5.303983919208633324e+01 1.147371933142254932e+02
2.472588193192749486e+02 5.305471671476458084e+01 1.146788881337680266e+02
2.472448183934311032e+02 5.285237387019144251e+01 1.146047648126807843e+02
2.472159300955063657e+02 5.284474222471740745e+01 1.145590520934905356e+02
2.472602146513147261e+02 5.305469209125799779e+01 1.146516036469054853e+02
2.473492072872446954e+02 5.313466431594257244e+01 1.147619448630440502e+02
2.472888599973078385e+02 5.309394524388762449e+01 1.147553326307426147e+02
2.472201833958770294e+02 5.305995167226441112e+01 1.146858927006077096e+02
2.471814342043488466e+02 5.292372130130307539e+01 1.145957115700932718e+02
2.471674135796997120e+02 5.293451132188832986e+01 1.144694701349696544e+02
2.469688742461103175e+02 5.310614372904949931e+01 1.142518278849721156e+02
2.468393020713293708e+02 5.324224605777659747e+01 1.141472551356426948e+02
2.470239241989973209e+02 5.321754868067251465e+01 1.142544248441331973e+02
2.471326862275803080e+02 5.308383319051699800e+01 1.143292343402706024e+02
2.471457760836805164e+02 5.291155236434909881e+01 1.144681831463588395e+02
2.471153644114817780e+02 5.287759819033642117e+01 1.145158050080929257e+02
2.472440829713677886e+02 5.283896390850561886e+01 1.147256629468756017e+02
2.474029833840577624e+02 5.282474629580382697e+01 1.149866179449549719e+02
2.473569308604766377e+02 5.277474744490079672e+01 1.149742832097233247e+02
2.472819210931523628e+02 5.296510192490158886e+01 1.148214385380859994e+02
2.472455012853470464e+02 5.304416800454385594e+01 1.146550181064851728e+02
2.472614047874663186e+02 5.317325755859573633e+01 1.147029485828351199e+02
2.470545821062619325e+02 5.332516653698286291e+01 1.145643001835272088e+02
2.470357746719328134e+02 5.339997603312026087e+01 1.145676030165437140e+02
2.471875736653238675e+02 5.342802056555269985e+01 1.147036856464655443e+02
2.471830019009346984e+02 5.334269519053669484e+01 1.147539734131791533e+02
2.470207428419466282e+02 5.321659000548283558e+01 1.146145321369592267e+02
2.471364175096113627e+02 5.318601417657352215e+01 1.148199053144093540e+02
2.473786668505221940e+02 5.317998798372878611e+01 1.151115149366190877e+02
2.474511486045037998e+02 5.317912451943122676e+01 1.152378072603229953e+02
2.474159386316553366e+02 5.302509956104495359e+01 1.150883081024469163e+02
2.474266285166471278e+02 5.295844208715408286e+01 1.150755137284257046e+02
2.474862568001917396e+02 5.308995459425386088e+01 1.152274850863628473e+02
2.474554117542770939e+02 5.313855482998289403e+01 1.151673676158207655e+02
2.474810907885103575e+02 5.330224533548707200e+01 1.152099465834063778e+02
2.474589296325844430e+02 5.328793251189315328e+01 1.152297274670291216e+02
2.473519109482676583e+02 5.330107489814076160e+01 1.150989011349794993e+02
2.474119808133636695e+02 5.356825143555043667e+01 1.152120215242278931e+02
2.474782968412965829e+02 5.363346925508967900e+01 1.153375997662408423e+02
2.474248375669349116e+02 5.342926815655297190e+01 1.151903183655244618e+02
2.472925945624731128e+02 5.328203107814844230e+01 1.149200327000167476e+02
2.473227879062468162e+02 5.328820993673400608e+01 1.149375547873021475e+02
2.473911296279880503e+02 5.336079182630906814e+01 1.150721928381710342e+02
2.473119355061115527e+02 5.332124647473464307e+01 1.149747674720194937e+02
2.472691628336074814e+02 5.315944541296903481e+01 1.148349814667073758e+02
2.473302340546379128e+02 5.323599825337259972e+01 1.150691854872335256e+02
2.472860742579295845e+02 5.322637867013365565e+01 1.150007058738554235e+02
2.472507510169508294e+02 5.315164468608312376e+01 1.149645503583541029e+02
2.472424660277687565e+02 5.319299576147373187e+01 1.149832445245529158e+02
2.472002170151713756e+02 5.330595691871288011e+01 1.149535928979240680e+02
2.472522743912248302e+02 5.340089531069940421e+01 1.150414791176248457e+02
2.471716471812651150e+02 5.327819309425549932e+01 1.148558031038750897e+02
2.470409488914497445e+02 5.311940430812871483e+01 1.146542843259889679e+02
2.470670416005935977e+02 5.320511545141453524e+01 1.147317121216598252e+02
2.470211844234980560e+02 5.321960392268875495e+01 1.145940831355244995e+02
2.469262000676325783e+02 5.319320916519746589e+01 1.144640989274000589e+02
2.468116498734351865e+02 5.317953162807342693e+01 1.143215616556189218e+02
2.468824933434453897e+02 5.319470299126358270e+01 1.144028356430182498e+02
2.468783467449365787e+02 5.314479770968557659e+01 1.143928811800897591e+02
2.468132405519605186e+02 5.320345090236943975e+01 1.143960674618417670e+02
2.468640716773861072e+02 5.325421308197658021e+01 1.144543759254334532e+02
2.469096185982986924e+02 5.319093395318907369e+01 1.144857922367008456e+02
2.470110378972181877e+02 5.318944833495848457e+01 1.146068643770088613e+02
2.470277835232626558e+02 5.320915370649436937e+01 1.146412765482440221e+02
2.470577486892086654e+02 5.325320844290794042e+01 1.146487046393969536e+02
2.471631323726882670e+02 5.338893156963363396e+01 1.147948599250788817e+02
2.471633080203685608e+02 5.340060967802303082e+01 1.147998076083352146e+02
2.470083522934334042e+02 5.315950122625062590e+01 1.145857587487318909e+02
2.469511190562959086e+02 5.299924652069852016e+01 1.144226116019396784e+02
2.470608167781290661e+02 5.302707436627301973e+01 1.146097863664568735e+02
2.470440941340241068e+02 5.299552344650297186e+01 1.146235886626809446e+02
2.468741164265053953e+02 5.279506512096708093e+01 1.144689185684221542e+02
2.467723458322252839e+02 5.264044263215436104e+01 1.144276594207894675e+02
2.467017962027269675e+02 5.258212267759293468e+01 1.143709186537836473e+02
2.467230101744329147e+02 5.271250906965826033e+01 1.143293837228772105e+02
2.468041249298230184e+02 5.285404826863917549e+01 1.143548132389103955e+02
2.468618424292566544e+02 5.291803162971498864e+01 1.143834963409469196e+02
2.469115999697951622e+02 5.296984112913551712e+01 1.144602281121649980e+02
2.470957887237472335e+02 5.311597671601217741e+01 1.146664778864495133e+02
2.470267805257611258e+02 5.312283025867814246e+01 1.145328576071861306e+02
2.467351626957158430e+02 5.286721856152757937e+01 1.140998319035283828e+02
2.466749401648789899e+02 5.283059191626694684e+01 1.139884712742172184e+02
2.468997971023057403e+02 5.302510448574627588e+01 1.142279611408234814e+02
2.471114016684888099e+02 5.321753718970277447e+01 1.145643280901680043e+02
2.470930046259361177e+02 5.318211217156346038e+01 1.145303312354105714e+02
2.470804318634741605e+02 5.316692767583646173e+01 1.144801140560824990e+02
2.470917094294897822e+02 5.316036304898108256e+01 1.145298715966209926e+02
2.470826315633956938e+02 5.305150416793888013e+01 1.145884476356508941e+02
2.471343031711793401e+02 5.303183983558064085e+01 1.147026760826955893e+02
2.471071221030444462e+02 5.300873806170322666e+01 1.146061798435258225e+02
2.469114062648766890e+02 5.292200093897638169e+01 1.142763578222314180e+02
2.467229674936881736e+02 5.277650063856960116e+01 1.140280625896705970e+02
2.468131420579341864e+02 5.285202093326373074e+01 1.142169921894237063e+02
2.470482210337276285e+02 5.315525941684970235e+01 1.144481067806570849e+02
2.469715089613148393e+02 5.324124634340927287e+01 1.142650392170381508e+02
2.468663813623037129e+02 5.312002153736042231e+01 1.141397104932252518e+02
2.467944150603932485e+02 5.296049404603611066e+01 1.140560890648648780e+02
2.469364812024150808e+02 5.312068637203820032e+01 1.141872059542922102e+02
2.470787147842816580e+02 5.327050563549987316e+01 1.144156874718881625e+02
2.470171297527471665e+02 5.310601404524815905e+01 1.144123501659624367e+02
2.469946878888462152e+02 5.305128419794672823e+01 1.144252019948323493e+02
2.471161589299609034e+02 5.311837340398638219e+01 1.146440048327735610e+02
2.469931694392735153e+02 5.301972671190825537e+01 1.145229507497036963e+02
2.468635250355399364e+02 5.293686532911778642e+01 1.143486031905498237e+02
2.467984582401743978e+02 5.311086323447815971e+01 1.141333756857646620e+02
2.468408139546336599e+02 5.322747523696020977e+01 1.141454625443633546e+02
2.468902185582444417e+02 5.324473303194161389e+01 1.141869794180316262e+02
2.468079990281922846e+02 5.316993174363975072e+01 1.140722010460065547e+02
2.465487890159461699e+02 5.302838105368909538e+01 1.137144100043665702e+02
2.465354118856024854e+02 5.303570080141306420e+01 1.137173631835895833e+02
2.468524986292914605e+02 5.318325470226897522e+01 1.141464294273885685e+02
2.468592142803205718e+02 5.322674473959821029e+01 1.141087275556737524e+02
2.466852065255575610e+02 5.306200198957932912e+01 1.138711123587021063e+02
2.468120569820773653e+02 5.302645057077288016e+01 1.140524365780548806e+02
2.471082761247197084e+02 5.317165538910064981e+01 1.144945664128803884e+02
2.470603522146381863e+02 5.315095358633165290e+01 1.144480526089426036e+02
2.470396126558257492e+02 5.308791084320736076e+01 1.144053423159885341e+02
2.470505848903597439e+02 5.302541802506344482e+01 1.144399941560211005e+02
2.471660182476599346e+02 5.308684054145449238e+01 1.145911660707778026e+02
2.473096471615663177e+02 5.322345339755143812e+01 1.148479334311707305e+02
2.473379953839132952e+02 5.324834447957397998e+01 1.149344292435330459e+02
2.472905458867253117e+02 5.321475801659295968e+01 1.148987218758515638e+02
2.472919855410769401e+02 5.321574788155764679e+01 1.148458716228860652e+02
2.473354181235574742e+02 5.326191695640326174e+01 1.148758991683821051e+02
2.473263172755239054e+02 5.323997741203662315e+01 1.149030145738327633e+02
2.471728406005508987e+02 5.308528433583836659e+01 1.147226867857131083e+02
2.471080315312209734e+02 5.300763000390693236e+01 1.146659772084823032e+02
2.471522898219556339e+02 5.302193297809821360e+01 1.147405076382117386e+02
2.473401737434624579e+02 5.311989841982750704e+01 1.149642762166474625e+02
2.473136361696329857e+02 5.314802338904812018e+01 1.150028431942269407e+02
2.472263409140902297e+02 5.308825557229953773e+01 1.148929977313542565e+02
2.471034351433252141e+02 5.294680337637522172e+01 1.147994924274509430e+02
2.468643605931966931e+02 5.275843683413934571e+01 1.145667100040382564e+02
2.469408034486041856e+02 5.282994349726022421e+01 1.146411386566071400e+02
2.472711770364460619e+02 5.304218170834605672e+01 1.150835065186629720e+02
2.474956235820964139e+02 5.329289825238765843e+01 1.153675846309921269e+02
2.474452652279972540e+02 5.323188776934012623e+01 1.153950365576994415e+02
2.472144855164534363e+02 5.303564827126567849e+01 1.152370849707965164e+02
2.471000370994165962e+02 5.299727335703756381e+01 1.151228319002452452e+02
2.472774445396553347e+02 5.318408861835862922e+01 1.151854823088312969e+02
2.475687521135176610e+02 5.339949833709252403e+01 1.154054358853135511e+02
2.476261330916946690e+02 5.346274299297081001e+01 1.155447606102689804e+02
2.472444359082954861e+02 5.317662277116226477e+01 1.151685938664486599e+02
2.469461352585632312e+02 5.294396674841670603e+01 1.148127136089196227e+02
2.472131640549334008e+02 5.313793924231828925e+01 1.150449378995163983e+02
2.475130619494594271e+02 5.335077826696477388e+01 1.154468953041331361e+02
2.475161333215140473e+02 5.338910885888104474e+01 1.154598210035228050e+02
2.474689760232708693e+02 5.329840406845991652e+01 1.154031885799459616e+02
2.474164967644712476e+02 5.323206834172174240e+01 1.153605767810182243e+02
2.474342224060777369e+02 5.325900809949209957e+01 1.154083939892378794e+02
2.474401172735540229e+02 5.329192316152691689e+01 1.154326547094918709e+02
2.474770820816384287e+02 5.332554081428294523e+01 1.154524076864738191e+02
2.475854632666528801e+02 5.339556185917324171e+01 1.155193934737858115e+02
2.475080732270254487e+02 5.330782994678039444e+01 1.154871563789656221e+02
2.472033803149838889e+02 5.297225259121367458e+01 1.152344699543972695e+02
2.469376844711034948e+02 5.278571803786766736e+01 1.150364115999697958e+02
2.468213104958517476e+02 5.272374723806334629e+01 1.148832451811797597e+02
2.468513380413477876e+02 5.273540564764746819e+01 1.149261885766628239e+02
2.470028349863914059e+02 5.279576607012118217e+01 1.151819086172423710e+02
2.469333293935722793e+02 5.272825990603669766e+01 1.151106366982175899e+02
2.468849458447011784e+02 5.273521522586321453e+01 1.149892346029213286e+02
2.469877637587946992e+02 5.284558106550837664e+01 1.151383644081986404e+02
2.469669010824493398e+02 5.287778204585224984e+01 1.151499702876353837e+02
2.467114108612645964e+02 5.277375922150321230e+01 1.147918804807821687e+02
2.467747261045284404e+02 5.284096005410604846e+01 1.148316080463053197e+02
2.467925814299362628e+02 5.293047634994270823e+01 1.148908801097880144e+02
2.465372422329252515e+02 5.282363167173910767e+01 1.146544665399376868e+02
2.460252522267857671e+02 5.263286844152901978e+01 1.140542373771697413e+02
2.459756309363170317e+02 5.268514907070886011e+01 1.138610134378683227e+02
2.460675061640844774e+02 5.278724469527589491e+01 1.139613607934678754e+02
2.460276439900586638e+02 5.263984510172791431e+01 1.139930299060695233e+02
2.457476336810172484e+02 5.233837130278048733e+01 1.137462908791248424e+02
2.458320578356922681e+02 5.238611956518170842e+01 1.138965254590642360e+02
2.462828863346104811e+02 5.260564961735070710e+01 1.143713733678719109e+02
2.462991411320903410e+02 5.264830409702318548e+01 1.143166582946744256e+02
2.462174633191830253e+02 5.258148410798884953e+01 1.141505366282868295e+02
2.462676378177663423e+02 5.257421360727805393e+01 1.141251957568773463e+02
2.463054578823127656e+02 5.258930289211292575e+01 1.141671230223220306e+02
2.464185864793966800e+02 5.265887743075049343e+01 1.142898055399606676e+02
2.464766552741909607e+02 5.271968764261114160e+01 1.144255335913876763e+02
2.464561225528338468e+02 5.263212152849596492e+01 1.143155403874754938e+02
2.463671775223499480e+02 5.252160138154287949e+01 1.142465748702341273e+02
2.461737746522340160e+02 5.237913469714728620e+01 1.140610301818528001e+02
2.458048751259902645e+02 5.219436647000692631e+01 1.136169156923965886e+02
2.459735362966902699e+02 5.235445537728136856e+01 1.136526542498530858e+02
2.465370206213659685e+02 5.270521558700798437e+01 1.141766506778030532e+02
2.463192158562249858e+02 5.251097387610108314e+01 1.139712578015476652e+02
2.455962582119394426e+02 5.210446440590045114e+01 1.132616608719347795e+02
2.455148791642453432e+02 5.201951330818452846e+01 1.131691634902343111e+02
2.457713608919619048e+02 5.213556061158224253e+01 1.135424673410224301e+02
2.458904319619681758e+02 5.217453633937101642e+01 1.136662185188468328e+02
2.457879144546549810e+02 5.207986223968849515e+01 1.136025142241789752e+02
2.455953569915984644e+02 5.194293256114016799e+01 1.134052274062911465e+02
2.455857554655976855e+02 5.198363029282273828e+01 1.134347788973265381e+02
2.455671417361870397e+02 5.203827149550046727e+01 1.134178313585281046e+02
2.459293288945358711e+02 5.230797112155147488e+01 1.136928168306592255e+02
2.462934202707272391e+02 5.255911447304054462e+01 1.139747362822444785e+02
2.459890983528515562e+02 5.236920321615827589e+01 1.137240771930515706e+02
2.454414879820872102e+02 5.208007236027801667e+01 1.131918269656945313e+02
2.454486862538453806e+02 5.206092347999094017e+01 1.131093562758752000e+02
2.456746118514578825e+02 5.221237774428981027e+01 1.134085269561734464e+02
2.458246510849116930e+02 5.224408625450200105e+01 1.136413980242098347e+02
2.459617728268113979e+02 5.224361020004136691e+01 1.137123219310082192e+02
2.458515711438767823e+02 5.219147895346814181e+01 1.135350425330037041e+02
2.454633142583235781e+02 5.195977503964384425e+01 1.130131555187844583e+02
2.450142816338189107e+02 5.173986742704055075e+01 1.125463742707338071e+02
2.450709386809023442e+02 5.173973610167210069e+01 1.125386654716058104e+02
2.453387636373187206e+02 5.185697518278849572e+01 1.129178609067360100e+02
2.455224681289746513e+02 5.195000279066407955e+01 1.131579433790673903e+02
2.457946547291906825e+02 5.209542922055110381e+01 1.134156086766670910e+02
2.458847143837392935e+02 5.214567430651997881e+01 1.134843460160807922e+02
2.457912550437149264e+02 5.207636898488773625e+01 1.134558927334390432e+02
2.457410312981184290e+02 5.203330739657306481e+01 1.134057691234360021e+02
2.457165128518288668e+02 5.200795010949252628e+01 1.132824299789551077e+02
2.455821883402771562e+02 5.193927843276305367e+01 1.131225446260017691e+02
2.453840396996588709e+02 5.185184200244921726e+01 1.129711921388634437e+02
2.453902760130931426e+02 5.196941760482226869e+01 1.130340067041600634e+02
2.455164977494114851e+02 5.208214401796531234e+01 1.131658836391572862e+02
2.456567942820934718e+02 5.215893816873339972e+01 1.133772862925863478e+02
2.455787016517448080e+02 5.212115421866330678e+01 1.133343839362809291e+02
2.454630368334827040e+02 5.199163457402975297e+01 1.132410805451316094e+02
2.456508633001408555e+02 5.206130596512655018e+01 1.134540541782807566e+02
2.460942472922350532e+02 5.225550827842291568e+01 1.140367382718238076e+02
2.460574138095191188e+02 5.226399189722476990e+01 1.140640014183139783e+02
2.458060012410247452e+02 5.212117063433436215e+01 1.138266849865555628e+02
2.458245197595432501e+02 5.224453932702314773e+01 1.138111212888271666e+02
2.458820648944308118e+02 5.236457728005463252e+01 1.139577690446407701e+02
2.458820271383874001e+02 5.240464464996864535e+01 1.140678032877305981e+02
2.459402485989224658e+02 5.244706602711212184e+01 1.140460196922389997e+02
2.459750301227563796e+02 5.247198994047677445e+01 1.140424509253513747e+02
2.459735510707942296e+02 5.243622019324527628e+01 1.140227997255299783e+02
2.462934334032640891e+02 5.252649325151762838e+01 1.144148535557985014e+02
2.464118084488175668e+02 5.259974654203889344e+01 1.145266360678558186e+02
2.461037109265989784e+02 5.242959482840699081e+01 1.141024764681355350e+02
2.459077521364995960e+02 5.230143604290400106e+01 1.138343806531467237e+02
2.461142202392091463e+02 5.239765814036712044e+01 1.140881505120047734e+02
2.462581692587011162e+02 5.251570815563369621e+01 1.142399380144260874e+02
2.459335575713999731e+02 5.239633667884709212e+01 1.138288075328231344e+02
2.458015082718566475e+02 5.231422385065678782e+01 1.136926674480526032e+02
2.457914832215426202e+02 5.229328566222458363e+01 1.135714918890169258e+02
2.457852140767662377e+02 5.231606240581508871e+01 1.135652785575221486e+02
2.456534487683321970e+02 5.223965894801813903e+01 1.135261665796636095e+02
2.457671092331583509e+02 5.235853795467304650e+01 1.137140176698283227e+02
2.460628753032795260e+02 5.252912140045373235e+01 1.140703116022679922e+02
2.458786980402971949e+02 5.239514654269552096e+01 1.138508488543503177e+02
2.456773007383768856e+02 5.231248378952483336e+01 1.135592211749024045e+02
2.458573363275517352e+02 5.247845443173871161e+01 1.136118317590704834e+02
2.456975018631786725e+02 5.247165177765301536e+01 1.133048176711415778e+02
2.445887184942233148e+02 5.198066398106288233e+01 1.119278941648855721e+02
2.442081195192178313e+02 5.174874994664907035e+01 1.113954338169390041e+02
2.447359654220304890e+02 5.185863152399807063e+01 1.120339443246100473e+02
2.448626205320647387e+02 5.191325795257183984e+01 1.124642860660500929e+02
2.446777702265690948e+02 5.176144418507684009e+01 1.124240561809926220e+02
2.449477686178333329e+02 5.191893777475729621e+01 1.127099712069129680e+02
2.452630299389008712e+02 5.209338711107171349e+01 1.129632157642972317e+02
2.453267375167029343e+02 5.218089577033819637e+01 1.129591676598147671e+02
2.452971925919359535e+02 5.216948852052122731e+01 1.128379855345106648e+02
2.452097101977431635e+02 5.211686972851763500e+01 1.126491133896062564e+02
2.451259229711051262e+02 5.209412089156792547e+01 1.124698903761486832e+02
2.450044929691680977e+02 5.205000377560434544e+01 1.123287418701389129e+02
2.449318733235495813e+02 5.194039633996197836e+01 1.122963849409200066e+02
2.445768975694957419e+02 5.166089163358908820e+01 1.117946301056840923e+02
2.439374792752152814e+02 5.128168142435494303e+01 1.111227974273360388e+02
2.436166514000925929e+02 5.106513902431817797e+01 1.108429282930656967e+02
2.439456099570894310e+02 5.117612537632926006e+01 1.113618440708237642e+02
2.442237308223922980e+02 5.138577976079083953e+01 1.117472183645395205e+02
2.441448617308026883e+02 5.135898117779156991e+01 1.116691569239659003e+02
2.440037673965074134e+02 5.129159156497158278e+01 1.115757172827468082e+02
2.440658120668314837e+02 5.134569433363866153e+01 1.116899112568822687e+02
2.441922619809775199e+02 5.139414518676108656e+01 1.117201357904309731e+02
2.442551126607504557e+02 5.150039890080666538e+01 1.118156339568005251e+02
2.438838936001864681e+02 5.131017738774143311e+01 1.114409676053147393e+02
2.435348373371155049e+02 5.118830744582007952e+01 1.111130908410404885e+02
2.437120198826607691e+02 5.125828088526430548e+01 1.112100861166103556e+02
2.440348406202497245e+02 5.140265835377084613e+01 1.115803103875083337e+02
2.438508078151726863e+02 5.137143574742191987e+01 1.113983443154172761e+02
2.435232314576787473e+02 5.124368078742691068e+01 1.110668790854501395e+02
2.436830150334715483e+02 5.138103234872138358e+01 1.112572368485851371e+02
2.437885070603801125e+02 5.150228013670970739e+01 1.114593613647332262e+02
2.435321714321359821e+02 5.127967378778477325e+01 1.112512599027535600e+02
2.433986086077212860e+02 5.112716563740409015e+01 1.110900054828341297e+02
2.436857334685984711e+02 5.124330651012682836e+01 1.113034765108162816e+02
2.438074868592553059e+02 5.132248749946649014e+01 1.113882683765229586e+02
2.437218364539523918e+02 5.126973245739312546e+01 1.113028461490477241e+02
2.438086490887660887e+02 5.131555023687813133e+01 1.114682586584457056e+02
2.444657815336833266e+02 5.163089856100227593e+01 1.121966974952969167e+02
2.445182000545000278e+02 5.167583974365287958e+01 1.122689609208534876e+02
2.442080292330270197e+02 5.142444523239665699e+01 1.119318125855666892e+02
2.440061673676158307e+02 5.129348593341147478e+01 1.116356607471756774e+02
2.439840571002702063e+02 5.131025782452960726e+01 1.116316602481392835e+02
2.441420891239612843e+02 5.147757619333720669e+01 1.118385338179239454e+02
2.441527428944767735e+02 5.151348711533978530e+01 1.118093270559807166e+02
2.439835974614806275e+02 5.141059204759231704e+01 1.116347546021333841e+02
2.437189407295780939e+02 5.124594450846556271e+01 1.113627354417621262e+02
2.434549143594441034e+02 5.109485795519834994e+01 1.111285461953399221e+02
2.434995797588209712e+02 5.113699534123255575e+01 1.111874045839119844e+02
2.437167180477170803e+02 5.126269013451000944e+01 1.114224261048567399e+02
2.436711071056873834e+02 5.125247302084461865e+01 1.113868828938858258e+02
2.436421728438836851e+02 5.120447524024334740e+01 1.113241602563471133e+02
2.436379064109761714e+02 5.123208639895990046e+01 1.113340129421150664e+02
2.433990239241989855e+02 5.106322824020723061e+01 1.112302068046239611e+02
2.431496354079458513e+02 5.092163651107893685e+01 1.109735412213915851e+02
2.433253635250355273e+02 5.102260437904440948e+01 1.111189397446378280e+02
2.439403388851132775e+02 5.132708060422802276e+01 1.117827106869301730e+02
2.436870516469842869e+02 5.121339879902950543e+01 1.116438045615866770e+02
2.431731426488983345e+02 5.098977303693197882e+01 1.110601946241960434e+02
2.432000216686857925e+02 5.103975875529815909e+01 1.108388260168687367e+02
2.436726074980219039e+02 5.136420792745586539e+01 1.113498081008053475e+02
2.438714242564521726e+02 5.148006645063643560e+01 1.115946084369982998e+02
2.438493304047776178e+02 5.139235423704885619e+01 1.115405302918377970e+02
2.435345566291404396e+02 5.118166074060941639e+01 1.112419751992041625e+02
2.435090105618427572e+02 5.113850065826841274e+01 1.113219720473953203e+02
2.438613893567355149e+02 5.132706418855696739e+01 1.118097308814887043e+02
2.437495871458729368e+02 5.126112079635703367e+01 1.115703986053245842e+02
2.432680432848414398e+02 5.100142488024768284e+01 1.110174991053459337e+02
2.430810113366624421e+02 5.092375413264518613e+01 1.109228118731265624e+02
2.432629921828574311e+02 5.106142415795815026e+01 1.111826801537820018e+02
2.435954850338326878e+02 5.126915298420484390e+01 1.115877089304533740e+02
2.435748456106137212e+02 5.126166415506899199e+01 1.116179465965389142e+02
2.434857676131942696e+02 5.116771234491294962e+01 1.115603456483697613e+02
2.435213551464770205e+02 5.121933963038475213e+01 1.115755137284257046e+02
2.434882151897487290e+02 5.121369099797430380e+01 1.114961193353623088e+02
2.433949774612836450e+02 5.118071519795658020e+01 1.113194768653947762e+02
2.433915613601368477e+02 5.121968435947692910e+01 1.113506617157002694e+02
2.431907665133443004e+02 5.110450216194387707e+01 1.111216286315568311e+02
2.428922360442172419e+02 5.092872972254232877e+01 1.107808786980402971e+02
2.429964804801255411e+02 5.103660202175404947e+01 1.108549314317420027e+02
2.431367359736298681e+02 5.113127119673524845e+01 1.109689366256603194e+02
2.431367179163917172e+02 5.115393795532967403e+01 1.109896466362648368e+02
2.430417631087341306e+02 5.108997757619333413e+01 1.109102423937988107e+02
2.427682599716993934e+02 5.093512526798583195e+01 1.106825356958767088e+02
2.429470512530081692e+02 5.103258346547948321e+01 1.109167265838660228e+02
2.437897743501856667e+02 5.157440731219651298e+01 1.117608926185293541e+02
2.433950037263573165e+02 5.137686276827310650e+01 1.113356003375061931e+02
2.425285813248759723e+02 5.085851661430067594e+01 1.103300272171826180e+02
2.430773506420168815e+02 5.103297908315194320e+01 1.109239018736846987e+02
2.435667625341856422e+02 5.128556701369394943e+01 1.115028251369887755e+02
2.428931586049306190e+02 5.088902842209286348e+01 1.109272621615499048e+02
2.420983512099991231e+02 5.044985997432588931e+01 1.101171964003716539e+02
2.420325424263018590e+02 5.046817165538909933e+01 1.100150072064795950e+02
2.416480151812125996e+02 5.027053190057356602e+01 1.096058613795073313e+02
2.412495559560979359e+02 5.003066611510011796e+01 1.091630880503764160e+02
2.413421534733918463e+02 5.010803645592228150e+01 1.092843473293344800e+02
2.422872020145311467e+02 5.067129260277030767e+01 1.102280891830577190e+02
2.426950657775939248e+02 5.093739719686001166e+01 1.105250486724646777e+02
2.424944104640053695e+02 5.081154973784173023e+01 1.103473408254455990e+02
2.423660317085102065e+02 5.073342099301677166e+01 1.102002596959161025e+02
2.428754017735491004e+02 5.104419426961754880e+01 1.106785466878100550e+02
2.428040986647493185e+02 5.102097594447563722e+01 1.105876810238125785e+02
2.421706573163004350e+02 5.054642187617987759e+01 1.101594257141637740e+02
2.417634058577680491e+02 5.029961554498386533e+01 1.097855686552610592e+02
2.417902257811396964e+02 5.029271275530472707e+01 1.097471313614829285e+02
2.419779619616070363e+02 5.040499266219503482e+01 1.100666328503842948e+02
2.414512093424867203e+02 5.004445363722023643e+01 1.095596791721248735e+02
2.404913128268770492e+02 4.961445170017105255e+01 1.085407420539944212e+02
2.404652972713871577e+02 4.969029702515209124e+01 1.083227123941599643e+02
2.415027873809453354e+02 5.026287891472715330e+01 1.092533709580513914e+02
2.418222281318637954e+02 5.044786875342676780e+01 1.096291256685282036e+02
2.416743409928854476e+02 5.035942604247718890e+01 1.096153545620791476e+02
2.416457941409186958e+02 5.038974742848512989e+01 1.095256182962503289e+02
2.420255509919990118e+02 5.058586216745954545e+01 1.097001792591279354e+02
2.425041580894785511e+02 5.085279411137047845e+01 1.102096658754313268e+02
2.426395364871120535e+02 5.087988161018034106e+01 1.104864767701838844e+02
2.422625883573494718e+02 5.062820967408326567e+01 1.101775896541874715e+02
2.419374004799942099e+02 5.035047950175155052e+01 1.099158844599408411e+02
2.420821374516968945e+02 5.044907202211518893e+01 1.102133200038084340e+02
2.429804587851746760e+02 5.089907152964506309e+01 1.110584791865706649e+02
2.432861021645703943e+02 5.109138275763574910e+01 1.113546343080958820e+02
2.429561800076825477e+02 5.087617987635716332e+01 1.110786950854763973e+02
2.427813137133232999e+02 5.076817789334410236e+01 1.109154461615236329e+02
2.432813071470548607e+02 5.106013060307892459e+01 1.114033724354617902e+02
2.435842829799039464e+02 5.127267742878061085e+01 1.116894516180926900e+02
2.438904237541326552e+02 5.147660931031199283e+01 1.119485877598190342e+02
2.441487292629035437e+02 5.162608876938280389e+01 1.121978482338379450e+02
2.441124457051679713e+02 5.156380278869419698e+01 1.122182430635581909e+02
2.438688010322173909e+02 5.134721442477847120e+01 1.120796652516358165e+02
2.441062225242705779e+02 5.147744322640165393e+01 1.123699846021005442e+02
2.449123025605163662e+02 5.184133597297324059e+01 1.131862784688775321e+02
2.455712390876826703e+02 5.225385850348176575e+01 1.138305738590287888e+02
2.455964256517842159e+02 5.228134818623250624e+01 1.138383023569620462e+02
2.453645034095348763e+02 5.212134956514887563e+01 1.136657047083427727e+02
2.455324406491413072e+02 5.209818377015434265e+01 1.139244238920242793e+02
2.456698217586436783e+02 5.217643070781090131e+01 1.140337834510336990e+02
2.453985757763791753e+02 5.196724745310863369e+01 1.137224027946038376e+02
2.453423750849511009e+02 5.184354552229740420e+01 1.136793707544970715e+02
2.456823140843174542e+02 5.199762301083106308e+01 1.140176813192946526e+02
2.454902211847518174e+02 5.186544731062060976e+01 1.137224832313920189e+02
2.440092600800428215e+02 5.096152002547712101e+01 1.121676072846181853e+02
2.432998880451233958e+02 5.048807729811186817e+01 1.114087551340011260e+02
2.441748137642118763e+02 5.103807614901489842e+01 1.123097998273071454e+02
2.451869991168368870e+02 5.166422729794771129e+01 1.133236300301719979e+02
2.451166973639715536e+02 5.166738238992471821e+01 1.132681467035691014e+02
2.445122099761316008e+02 5.138831105726770687e+01 1.126710381598689423e+02
2.444024268928089612e+02 5.129923634298246782e+01 1.125238995754907450e+02
2.448343511049388326e+02 5.145541667897842331e+01 1.130061033464987048e+02
2.453264945647713091e+02 5.170701966925705761e+01 1.136237117802138670e+02
2.455434424318831645e+02 5.189882693614632103e+01 1.139098631917974132e+02
2.451581863309990297e+02 5.166343442103569572e+01 1.134612508084718030e+02
2.447937945480273356e+02 5.151365783831877110e+01 1.130854337184449747e+02
2.452386838571573833e+02 5.186815917947910037e+01 1.135821735661732106e+02
2.457326560227455445e+02 5.228906191006181814e+01 1.140058538282986405e+02
2.456883271446253332e+02 5.229754717043078216e+01 1.138856418691539716e+02
2.452560992425809445e+02 5.203104531710151548e+01 1.135130619494594271e+02
2.449921795743088069e+02 5.180402971893087738e+01 1.132361427112778927e+02
2.451472617019111055e+02 5.196541546421876490e+01 1.134198849589772351e+02
2.453597543558983034e+02 5.214461877887106311e+01 1.135988896440097591e+02
2.451683853874262411e+02 5.197233631113606123e+01 1.133342558940466915e+02
2.450267526191203160e+02 5.181566678814263582e+01 1.131613512723786670e+02
2.451276860141765610e+02 5.187286555237091790e+01 1.132732979411465379e+02
2.451218190533410848e+02 5.191314468444155494e+01 1.132698457255234104e+02
2.447722062990212919e+02 5.172916933421321062e+01 1.129242728678505614e+02
2.445565093060439210e+02 5.157309898321333463e+01 1.127722555460344722e+02
2.448145012754976335e+02 5.169599326300859587e+01 1.131407594546057425e+02
2.448987136680160290e+02 5.169535469340451073e+01 1.132451450652851292e+02
2.445585120179127898e+02 5.153745235351475884e+01 1.128064362563077196e+02
2.444280648878645650e+02 5.155045848969260192e+01 1.126617830045274360e+02
2.448386438029200178e+02 5.183285892043981136e+01 1.131301828377442291e+02
2.450471737139142476e+02 5.188462409754848181e+01 1.132984385413691371e+02
2.447636406018641537e+02 5.164329567578393210e+01 1.129661968501610403e+02
2.442927061890362950e+02 5.140424246602776748e+01 1.125144063929189429e+02
2.442966640073279621e+02 5.142335523183852075e+01 1.125103008335877774e+02
2.444283193307659303e+02 5.152591377832934683e+01 1.126290567227097625e+02
2.444735674864652708e+02 5.150082406668702362e+01 1.126610032601522704e+02
2.442978393693755947e+02 5.131584571895714220e+01 1.124919399055114013e+02
2.436196095040169212e+02 5.094041439720014353e+01 1.118229963852692350e+02
2.435775115155932440e+02 5.102496987724361333e+01 1.117205560316100161e+02
2.441778490217901663e+02 5.135913548509949322e+01 1.123402279151769392e+02
2.441793379231549466e+02 5.135637272766073380e+01 1.123765081897782920e+02
2.437473677471461428e+02 5.110736177184187312e+01 1.119331488211906560e+02
2.436027867243184915e+02 5.103053478973166790e+01 1.117436003506387294e+02
2.439385298781628819e+02 5.122538716360185873e+01 1.121766539609372728e+02
2.441062602803139896e+02 5.128455416678978196e+01 1.123489938835209614e+02
2.435961039046315193e+02 5.096670573596377807e+01 1.118327899746213774e+02
2.430675455616950273e+02 5.076695164271620087e+01 1.112777055488251250e+02
2.429984536437864904e+02 5.082757635749391767e+01 1.111591269489505436e+02
2.434679861583061609e+02 5.122867029781310322e+01 1.116038488182358464e+02
2.436765571084780504e+02 5.144661295459096806e+01 1.118401786681637731e+02
2.434173044154871945e+02 5.132383686762731401e+01 1.114806130924826135e+02
2.433619442064172063e+02 5.129627823905813244e+01 1.113658856090378180e+02
2.436845351246113580e+02 5.144919349808100861e+01 1.117552374198504879e+02
2.438858158752671557e+02 5.141415424821150992e+01 1.120060196265763182e+02
2.434372018503744357e+02 5.107517884873615799e+01 1.114856691191679232e+02
2.427896397416830041e+02 5.070931786320493018e+01 1.107798330197940118e+02
2.424973209624836272e+02 5.049499157876074662e+01 1.104744358754641524e+02
2.423936855479715291e+02 5.041551674890917667e+01 1.104112864304779862e+02
2.423962939981023510e+02 5.043238385091944309e+01 1.104548979437730480e+02
2.425092256071336010e+02 5.055708057139667488e+01 1.106056332016796517e+02
2.424217235141355218e+02 5.053400342102585086e+01 1.104957729647030220e+02
2.416651958225400278e+02 5.013951678830679271e+01 1.097123925183937558e+02
2.413661269194023475e+02 4.992582250719826931e+01 1.094216118875723538e+02
2.421274348544094153e+02 5.032324918660349766e+01 1.102715890697895844e+02
2.427369536454280592e+02 5.064272933513249342e+01 1.108563989927344267e+02
2.423832812956560758e+02 5.054283176891988205e+01 1.105474675544261629e+02
2.413001014488471299e+02 4.993821962197992548e+01 1.095093996132467851e+02
2.408450574056016933e+02 4.969206663449195105e+01 1.090514713365967623e+02
2.415110181984129269e+02 5.014589427651213072e+01 1.097434969319110820e+02
2.418213433271938584e+02 5.038835045487824260e+01 1.099569039387761080e+02
2.413388227337345313e+02 5.016545683170982528e+01 1.094332817881262230e+02
2.413061391326615990e+02 5.015456010926270380e+01 1.092952391270802792e+02
2.420072130458621018e+02 5.054356554941609403e+01 1.100221742884627361e+02
2.419785906818084698e+02 5.054289907317121333e+01 1.099556842544166386e+02
2.418383844353173231e+02 5.045277211437126397e+01 1.098248661302025369e+02
2.423800162186830107e+02 5.077224897976604723e+01 1.103613909983026247e+02
2.426526247016451805e+02 5.092002613374832265e+01 1.106233686926887856e+02
2.423616766309789909e+02 5.071429345310207282e+01 1.102807260322994694e+02
2.421189315368022790e+02 5.053076132599224479e+01 1.100477302051630630e+02
2.421624232156986238e+02 5.056296230633611799e+01 1.100303689914539973e+02
2.418878169455689147e+02 5.038993292556806125e+01 1.097507460922495000e+02
2.413000177289247290e+02 5.002540325095949925e+01 1.091150525137317118e+02
2.412438400194361634e+02 5.000444864685623259e+01 1.090883458584903423e+02
2.413349437106639357e+02 5.004709820182739577e+01 1.091472239458676796e+02
2.412143656820547051e+02 4.994921648002048897e+01 1.089847432753203549e+02
2.407863336255322793e+02 4.970218525413100252e+01 1.085889056328733631e+02
2.403539054523009781e+02 4.945859146976069098e+01 1.080940782108231843e+02
2.406797548811997842e+02 4.966402210205951206e+01 1.083744792128357375e+02
2.416202415073525742e+02 5.017619432214769404e+01 1.093835833440035259e+02
2.420937663130731039e+02 5.042658255276817414e+01 1.099591266206371216e+02
2.421139543053380407e+02 5.044803455170443840e+01 1.099425205277966597e+02
2.420171675087905783e+02 5.040090187696782920e+01 1.098571508304687967e+02
2.420043025473838441e+02 5.038921227760869925e+01 1.098239156628483784e+02
2.421722660520639465e+02 5.052315922872610798e+01 1.099951623017397395e+02
2.425232134004405964e+02 5.071656702354335522e+01 1.102379681338993436e+02
2.423927892523318519e+02 5.062467209697064874e+01 1.100466467708733518e+02
2.419998243523197061e+02 5.035615768236989709e+01 1.096951412896807767e+02
2.419587900993804794e+02 5.036278961347660754e+01 1.096595701720690670e+02
2.421021251727749473e+02 5.041725516847403554e+01 1.098159786858927021e+02
2.421032906854199211e+02 5.038849491278354265e+01 1.098303555306037396e+02
2.421832530607018725e+02 5.041462045326950658e+01 1.099278268606342408e+02
2.423192371965973564e+02 5.047905360373226813e+01 1.100673814049844594e+02
2.423265241129792287e+02 5.056991762616264197e+01 1.100972267365317663e+02
2.419485253802690181e+02 5.038663501725287119e+01 1.097145905767481935e+02
2.418690275684779749e+02 5.031289418130123892e+01 1.095014708441266436e+02
2.420170164846168745e+02 5.042799101734479450e+01 1.096112325870769268e+02
2.420389970681611373e+02 5.043062737411642615e+01 1.096710184610636674e+02
2.417972401973820240e+02 5.025848608115251182e+01 1.094623260349259795e+02
2.416517497463778739e+02 5.014566774025155382e+01 1.093064132743682393e+02
2.415789019229317205e+02 5.007700755449182140e+01 1.092295157048724974e+02
2.418308250187959345e+02 5.019665645611927118e+01 1.095827005092141206e+02
2.420615522001923807e+02 5.031908617242364556e+01 1.099117214457609748e+02
2.416436223476379439e+02 5.011021645703854688e+01 1.094083939892378794e+02
2.411117447560138771e+02 4.985265621973360339e+01 1.088052543279916762e+02
2.412625703001112925e+02 4.998306723530551210e+01 1.089759297015302622e+02
2.414842261816820894e+02 5.010435770403858413e+01 1.092247896331754191e+02
2.413382137123383586e+02 5.000691592221598114e+01 1.090414347953129948e+02
2.408727851155827295e+02 4.969473746417279614e+01 1.085558477545003626e+02
2.403664059858103030e+02 4.943412555361850735e+01 1.080818403280507738e+02
2.403186610065432944e+02 4.940807224208518278e+01 1.080387508330953068e+02
2.403713471027982109e+02 4.946231782709045177e+01 1.080381713599070252e+02
2.405276981617731451e+02 4.957679579233519718e+01 1.082034115047589040e+02
2.406840163894059685e+02 4.971497798658511158e+01 1.084235866928004128e+02
2.408299402141260259e+02 4.981520879092016685e+01 1.085900136906696645e+02
2.412237899188080803e+02 5.003889857413481224e+01 1.089623949807444205e+02
2.410002610091698045e+02 4.998101527642348429e+01 1.088180240785063120e+02
2.402593610364198184e+02 4.956726977842127013e+01 1.080564699084333853e+02
2.401829625033241769e+02 4.955071293259397436e+01 1.079390880109788071e+02
2.403356889821299092e+02 4.963128432927209843e+01 1.081770036147307650e+02
2.403476313828232946e+02 4.960400805024508486e+01 1.082876682195891505e+02
2.401754736741883391e+02 4.951139575884722888e+01 1.081630519359000857e+02
2.402129703500149276e+02 4.955386145830255629e+01 1.082310472869820472e+02
2.402193445550860815e+02 4.950626586164215581e+01 1.082135645973071689e+02
2.398682133511935888e+02 4.916802752579722835e+01 1.078780184315154571e+02
2.397208006251087511e+02 4.904192890701178698e+01 1.076898291785269919e+02
2.402719863290291471e+02 4.936194748955142586e+01 1.082834953560066538e+02
2.404642351774698170e+02 4.950994625509296299e+01 1.084664283111229253e+02
2.405030664473532909e+02 4.951450652851237777e+01 1.084901177660241558e+02
2.407249570730201924e+02 4.964215478664551995e+01 1.087304727384950809e+02
2.403641094334295190e+02 4.942592428435882113e+01 1.083530534789731661e+02
2.398431072238801960e+02 4.915276751798337074e+01 1.078781103592733785e+02
2.405935085870375190e+02 4.961844070823771347e+01 1.086575411951265124e+02
2.411938329606975913e+02 5.002854028569834099e+01 1.091618486672116717e+02
2.409717371391425047e+02 4.991326123570605233e+01 1.089539162866438886e+02
2.404556957453863788e+02 4.960776888048406619e+01 1.084010003709941685e+02
2.404415914008148718e+02 4.963045697945086232e+01 1.084230072196121313e+02
2.407275015020339026e+02 4.979738465528732405e+01 1.087308437326609436e+02
2.407366663711845831e+02 4.978513199841096082e+01 1.087660504223752156e+02
2.407970826069398811e+02 4.981652696930597557e+01 1.088112838039706247e+02
2.407166097042880892e+02 4.969104393818514609e+01 1.085814447103783209e+02
2.404106921831857449e+02 4.948554928476921333e+01 1.083079612721488445e+02
2.407304497565556005e+02 4.966625299175605335e+01 1.086462948188859059e+02
2.415333747008243961e+02 5.016902067389612796e+01 1.094874814092525241e+02
2.415297796688630854e+02 5.015840630099118158e+01 1.093687402942344846e+02
2.413411783825310977e+02 5.002109906200855249e+01 1.091829181810123259e+02
2.413556717785066326e+02 5.003770187171481609e+01 1.092131000338162892e+02
2.416755557525436018e+02 5.022181347201292567e+01 1.095279624540771550e+02
2.422708700633973251e+02 5.052025201338205562e+01 1.100938943553073557e+02
2.422127027745767123e+02 5.053986709872712879e+01 1.100085771881268784e+02
2.412787282451319300e+02 5.002647191114525782e+01 1.090715739673722169e+02
2.413648333645231219e+02 5.003290849576639943e+01 1.090480831420907606e+02
2.420237025874380663e+02 5.036955451151887786e+01 1.096991188067777045e+02
2.419634029029472799e+02 5.034967020916847957e+01 1.096381887605183465e+02
2.414185208167124586e+02 5.000248861573211911e+01 1.091004277923877197e+02
2.412825695121590854e+02 4.993964450222760831e+01 1.089293485933411461e+02
2.414123124099189965e+02 5.004980514598456409e+01 1.089712381027424044e+02
2.417616247574584634e+02 5.022910695466320163e+01 1.093586167498941251e+02
2.417382012364283526e+02 5.019789255614980306e+01 1.093411882319337280e+02
2.414950654492805029e+02 5.004628562611011233e+01 1.090887070032535888e+02
2.416271278813606500e+02 5.014184124732835102e+01 1.091837537386690826e+02
2.419134221092824077e+02 5.033252075761605226e+01 1.094638822405421053e+02
2.419505937548221084e+02 5.033495191849947759e+01 1.095132162567673646e+02
2.418791264893117443e+02 5.025804614116820801e+01 1.094270159264840601e+02
2.421436863687550556e+02 5.040560168359122173e+01 1.096223148066069797e+02
2.421953530518374009e+02 5.044911634442704695e+01 1.096240811328126341e+02
2.419717601210819851e+02 5.032800316494137860e+01 1.093717640608430486e+02
2.414153985560775766e+02 5.002696766441115273e+01 1.088218571376979327e+02
2.412384507546283885e+02 4.991311021153233440e+01 1.084334147550617757e+02
2.409060744549176434e+02 4.970875152255349150e+01 1.080285255115943954e+02
2.405341216138574509e+02 4.947750724751877272e+01 1.076424453440232156e+02
2.407104981499538781e+02 4.957598157505080394e+01 1.078934934846201514e+02
2.409884942561566845e+02 4.969810267673932458e+01 1.081758922738002582e+02
2.406461027555345424e+02 4.951036321313778643e+01 1.078743462459001847e+02
2.406568780020158442e+02 4.956692176619488066e+01 1.078782613834470965e+02
2.413512165653819750e+02 4.997201456398336461e+01 1.084688282822313425e+02
2.414509696736892863e+02 5.012172876715027314e+01 1.084665596364913824e+02
2.408869961620161178e+02 4.981382002514880725e+01 1.079811531680603593e+02
2.408125707925814254e+02 4.967086251218863424e+01 1.079213410289999189e+02
2.409429916575559787e+02 4.964630630985563897e+01 1.079627708996115985e+02
2.407725608775160993e+02 4.949037713362684343e+01 1.078445403119634136e+02
2.401427982809509274e+02 4.911890855486281282e+01 1.072687031948179026e+02
2.406111800569295553e+02 4.936206568238303305e+01 1.077637686440984055e+02
2.410106340717102285e+02 4.961634935174514993e+01 1.080777987898367343e+02
2.403811242764793121e+02 4.929330043632853631e+01 1.074516525656052295e+02
2.398644410299848744e+02 4.900987730927452901e+01 1.069060760964847532e+02
2.400490746486225646e+02 4.915129667385672718e+01 1.071149967004501207e+02
2.402034886584128799e+02 4.925478763046354658e+01 1.073078496455856623e+02
2.406014767537682246e+02 4.938956357296930122e+01 1.077148302455456133e+02
2.412296634459119957e+02 4.966802424266301585e+01 1.083900675340707238e+02
2.410675242213226568e+02 4.957196137720914209e+01 1.081894549012269096e+02
2.407665707991477007e+02 4.944544087567755497e+01 1.078253586003342264e+02
2.408103957161664823e+02 4.948769973767757335e+01 1.078359959551786460e+02
2.408257394439027337e+02 4.952128127595727847e+01 1.078305410276866638e+02
2.407918542157084971e+02 4.952516194059496968e+01 1.077212028090496290e+02
2.409370409767981016e+02 4.963244820034998384e+01 1.078889053045599411e+02
2.411306736663088088e+02 4.973434683686434710e+01 1.080341610114679867e+02
2.410234645602077705e+02 4.965955375639800451e+01 1.079736003178073958e+02
2.406038225531621606e+02 4.942809115293824362e+01 1.075643806203153758e+02
2.409226608489528303e+02 4.957957989014632716e+01 1.079348133702357586e+02
2.418773125576600478e+02 5.003414952049824649e+01 1.088913430317117985e+02
2.421068873589483417e+02 5.014138981637430703e+01 1.090727887270303711e+02
2.418241011599313310e+02 4.996741160981919450e+01 1.088468352227770737e+02
2.415865565503452217e+02 4.981848043416167116e+01 1.086319524470840889e+02
2.416316865132129692e+02 4.989106560687094571e+01 1.086102492883806576e+02
2.415087314954348017e+02 4.981293357891177465e+01 1.085259433265372451e+02
2.408499821069185600e+02 4.942014596814703253e+01 1.080051512375774365e+02
2.405616145797424110e+02 4.924482660126663092e+01 1.078292507559416578e+02
2.406713615485887487e+02 4.932633533276207061e+01 1.079193580159363393e+02
2.410537202835314758e+02 4.956436912934563566e+01 1.082181921749779150e+02
2.414760692347342399e+02 4.980999681535981694e+01 1.085743777639886076e+02
2.410628917189505671e+02 4.959885024639922335e+01 1.081614957302839599e+02
2.403295248976482981e+02 4.922633763095601722e+01 1.074784938293492473e+02
2.406428803593062185e+02 4.939120514007492346e+01 1.077401776832235072e+02
2.415877466864967857e+02 4.986756164905265365e+01 1.085708795844865335e+02
2.417313000883163170e+02 4.996845236336416463e+01 1.087031193058140985e+02
2.415305856783119509e+02 4.981851654863799439e+01 1.085675669020673837e+02
2.410266081612150231e+02 4.955889121991418023e+01 1.080329298361387771e+02
2.410400805024508486e+02 4.956061322380797662e+01 1.079926950263799768e+02
2.413133390459868508e+02 4.972580740478090178e+01 1.083024948536871221e+02
2.415518341229271186e+02 4.980101416015785531e+01 1.086946980665622675e+02
2.416165249994254509e+02 4.984480460426741644e+01 1.087741564807427750e+02
2.413824654368045799e+02 4.973023963596607899e+01 1.084780900038412739e+02
2.409613345283941896e+02 4.957553671036518494e+01 1.080013936904726677e+02
2.408344972044112069e+02 4.952299014731423199e+01 1.078536854823088333e+02
2.409274115441565129e+02 4.959188015246875381e+01 1.079964968957965965e+02
2.407862088664322471e+02 4.951165020174859421e+01 1.078834306782626982e+02
2.406071171783431453e+02 4.940363180306447788e+01 1.076389898452658826e+02
2.409548043744480310e+02 4.964216956074947262e+01 1.079967825284729770e+02
2.415932705598072232e+02 4.994903098293755050e+01 1.086794167183760322e+02
2.414757639032526129e+02 4.990703313010732245e+01 1.086763371384858772e+02
2.408907455012853518e+02 4.962949994582828595e+01 1.081796334052339716e+02
2.405888038557128255e+02 4.942276755081471151e+01 1.078615961941908239e+02
2.406089278268606222e+02 4.943407466503823144e+01 1.078731790916880868e+02
2.408024423235397364e+02 4.952491898866333742e+01 1.080809982041255921e+02
2.409630433997511432e+02 4.962951143679802612e+01 1.081873142977211728e+02
2.410457439089652496e+02 4.971204450616736636e+01 1.080380137694648823e+02
2.409202887844852228e+02 4.961398221197884340e+01 1.078942732289953312e+02
2.406311595701720591e+02 4.943694248277175518e+01 1.076946225544754014e+02
2.405710798556734176e+02 4.941380131128380526e+01 1.077361558438147426e+02
2.405179685935381428e+02 4.941624068000275827e+01 1.076862407128341061e+02
2.402174452619448743e+02 4.925418845846999716e+01 1.074483021271426537e+02
2.401258999891656458e+02 4.921344804604267154e+01 1.074077176635903754e+02
2.401668275402430197e+02 4.922473381989382091e+01 1.073990058669608345e+02
2.402159957581905871e+02 4.930137858805530016e+01 1.074153657247354658e+02
2.401311694195746895e+02 4.927983466136112156e+01 1.073766854790256957e+02
2.399611047089993860e+02 4.917114978643211742e+01 1.072337509480050102e+02
2.397509660622416447e+02 4.905961679257486452e+01 1.069615364411481835e+02
2.396974952969102333e+02 4.906366653862443172e+01 1.069087912484774421e+02
2.398215386736794414e+02 4.917918033271281786e+01 1.070292198944800646e+02
2.395535512021195927e+02 4.907025907212060645e+01 1.067755813609904578e+02
2.386908075525219317e+02 4.867694123518075600e+01 1.058444221191318064e+02
2.380379809381227574e+02 4.832575914270799444e+01 1.052059444428028741e+02
2.378390361374582653e+02 4.819215527911565289e+01 1.049976624084415988e+02
2.380447195710913491e+02 4.837885398917222091e+01 1.052635207674654509e+02
2.385671762090962602e+02 4.869302530968163722e+01 1.058446076162147449e+02
2.388244885697682491e+02 4.885416810303788537e+01 1.061513689028093808e+02
2.386285232134004275e+02 4.870991703519847960e+01 1.059659145006188652e+02
2.381709659309162816e+02 4.845995561202546753e+01 1.055227471953826068e+02
2.379562867095444005e+02 4.829771789340976795e+01 1.052992740990258937e+02
2.379162456047040735e+02 4.830042319599982648e+01 1.053293804397429909e+02
2.382178228223791621e+02 4.849221568878514432e+01 1.056996014275067495e+02
2.379555512874810859e+02 4.830949285425838724e+01 1.054536487112056591e+02
2.368138971788027618e+02 4.761168401803097083e+01 1.044357113074425314e+02
2.358466546503954646e+02 4.696905481849192654e+01 1.034795608479679032e+02
2.355843387931855375e+02 4.683409666203744592e+01 1.032854586702649868e+02
2.361853066611510030e+02 4.720096228663731353e+01 1.039763220360685096e+02
2.373143633838607798e+02 4.781755130717988322e+01 1.050518423307626392e+02
2.372400463578550500e+02 4.792167426712236278e+01 1.050813888970967298e+02
2.362948861901525675e+02 4.742063515514450955e+01 1.042127750035293730e+02
2.363694757162978135e+02 4.749820248401934464e+01 1.043680180047080199e+02
2.375243214582368978e+02 4.821135504798300531e+01 1.054344243188317307e+02
2.381712712623979371e+02 4.861088785798474987e+01 1.061023894650789430e+02
2.378799374234619393e+02 4.835220643034666921e+01 1.057909365796964352e+02
2.368641045087282180e+02 4.770874659785217631e+01 1.047920922429387929e+02
2.367782899467147217e+02 4.761640844816095353e+01 1.046743787489288735e+02
2.370692133938743211e+02 4.777087498809864030e+01 1.050473559278629807e+02
2.370675882424397685e+02 4.775631757100598662e+01 1.050657464041472622e+02
2.367437874892887635e+02 4.752711868858487065e+01 1.046880776264252972e+02
2.367176504578330594e+02 4.749855213781284391e+01 1.047139388746072513e+02
2.368115776444825258e+02 4.761533486327387266e+01 1.049218417069671432e+02
2.370476235033011960e+02 4.779080197119377971e+01 1.052144838748863265e+02
2.378632623848030221e+02 4.825313785552239665e+01 1.059921533092351211e+02
2.382292464878671865e+02 4.844813797043209291e+01 1.062059821988463000e+02
2.380015742628542910e+02 4.827434854409413134e+01 1.059280041498816445e+02
2.378715933378640557e+02 4.818898048833338521e+01 1.058710811689271054e+02
2.380769418918075928e+02 4.836879610751607572e+01 1.060735274322279054e+02
2.382804075682809923e+02 4.847852173599004288e+01 1.061389898452658826e+02
2.384896761844727564e+02 4.859545056092348148e+01 1.063088001129398208e+02
2.383752737313148486e+02 4.851411747710834987e+01 1.062300590635844628e+02
2.380259794410135612e+02 4.826983915925499247e+01 1.057762691776077162e+02
2.381313795401642324e+02 4.836402899664135191e+01 1.058529467771112991e+02
2.384070840186876126e+02 4.854932252525551206e+01 1.060977700952437175e+02
2.387782045852252395e+02 4.871106449060530963e+01 1.064686821827589540e+02
2.387937814154904856e+02 4.868839444887667867e+01 1.064225410145541275e+02
2.384758492647420951e+02 4.845971430166093796e+01 1.061534651840032524e+02
2.384044197552751712e+02 4.848185575878156328e+01 1.061228039936044496e+02
2.387827779911814901e+02 4.869094216102460138e+01 1.064356751929662153e+02
2.391287612406307517e+02 4.891041639991200896e+01 1.066796695197103020e+02
2.394648524067015387e+02 4.912906493054529733e+01 1.070491600101120468e+02
2.392104965083867683e+02 4.894784577148729454e+01 1.068325388148542174e+02
2.386937049184633679e+02 4.865389034988361061e+01 1.063316310282448001e+02
2.386388059897500682e+02 4.863459537012413847e+01 1.062606660822687701e+02
2.387482985156950122e+02 4.871035697518279051e+01 1.064200195674798977e+02
2.391566186344131495e+02 4.887661653320726174e+01 1.068594194762087710e+02
2.393750488366214029e+02 4.895468125691510153e+01 1.070673584230449791e+02
2.394273770712472924e+02 4.893926694179331349e+01 1.071679569384116917e+02
2.400600042024117897e+02 4.919842934859334349e+01 1.077987093999415578e+02
2.400502188208951679e+02 4.921094465620659975e+01 1.077626704357047345e+02
2.394781753653307703e+02 4.888086819201082278e+01 1.070395502762757474e+02
2.389359345605689100e+02 4.857677609352992931e+01 1.064525849757212228e+02
2.391217960714016044e+02 4.867810018155731910e+01 1.065568967158808533e+02
2.399371526033612838e+02 4.902190342989030825e+01 1.073581997918492874e+02
2.400609563113330580e+02 4.909260244199522560e+01 1.075701080479468885e+02
2.389081296969338837e+02 4.844413418826147932e+01 1.064810957132116584e+02
2.376862801104446419e+02 4.778645838463230433e+01 1.052469376565644694e+02
2.379793671430494442e+02 4.796025601880579359e+01 1.055105027463417713e+02
2.388523032828059058e+02 4.841045251438833219e+01 1.063575809210504701e+02
2.387616723629045339e+02 4.834661032808359948e+01 1.063094058512017881e+02
2.375542554344079065e+02 4.777831292865420920e+01 1.051795808750865859e+02
2.366725828745153137e+02 4.732144017965310212e+01 1.043157800562729136e+02
2.367812956560851205e+02 4.738098966797663536e+01 1.044118724699346927e+02
2.373496669260342742e+02 4.767110710568737630e+01 1.050171461684182219e+02
2.374910633086769849e+02 4.777010509312610509e+01 1.051908453085653719e+02
2.372533036538000601e+02 4.757758538611300025e+01 1.050476021629288255e+02
2.366014357145905649e+02 4.717698227435839442e+01 1.044385659926392123e+02
2.362725329708753179e+02 4.703684989838699693e+01 1.041249807115865025e+02
2.362543033681673990e+02 4.701633359270093848e+01 1.040620840679346202e+02
2.362970727575372507e+02 4.711253106665747481e+01 1.041788799259324918e+02
2.365537334160683258e+02 4.731602300820455298e+01 1.045294989608880201e+02
2.371595324160256268e+02 4.770333927580625755e+01 1.051688877069605752e+02
2.370725490582329655e+02 4.769474403044122113e+01 1.049767357109791277e+02
2.365283777705548687e+02 4.736809679992908428e+01 1.043949823859849602e+02
2.365079616004622665e+02 4.738966206699563344e+01 1.044403503760830176e+02
2.364716714764582832e+02 4.733023241307081719e+01 1.043299828948707528e+02
2.363491957962749552e+02 4.718717312295009236e+01 1.041440130406090816e+02
2.362888632804420297e+02 4.709423087656400497e+01 1.040734322213357785e+02
2.363967634862945602e+02 4.711806478937052134e+01 1.042525485329314847e+02
2.364022643776654888e+02 4.710573497884020355e+01 1.042883872259814098e+02
2.360158509719718722e+02 4.683429857479143976e+01 1.039581252647027014e+02
2.354056213823965038e+02 4.644991742917459021e+01 1.034135025460705748e+02
2.352852042273636073e+02 4.641468611595373517e+01 1.033309432116275417e+02
2.352173188612777324e+02 4.639366256603203453e+01 1.032736311792689747e+02
2.350799623752819514e+02 4.634203692212734182e+01 1.031168664453834225e+02
2.350058144306881047e+02 4.632139093263993601e+01 1.030343366591482948e+02
2.351727240492864155e+02 4.646510356646869155e+01 1.032517523728852495e+02
2.352799922518032645e+02 4.655083769169399943e+01 1.033987547071936746e+02
2.352507214687429098e+02 4.649712889913227087e+01 1.033694116951806876e+02
2.345403152465469532e+02 4.607040024689169400e+01 1.026773499853900518e+02
2.343277257401005329e+02 4.595492092571252130e+01 1.025033389474928356e+02
2.349573750685354128e+02 4.646227678791281335e+01 1.032616149080558330e+02
2.352804075682809923e+02 4.672663639616924058e+01 1.035454106708428128e+02
2.350469324035497323e+02 4.660858638090266481e+01 1.033065314671998465e+02
2.349392226194814555e+02 4.649993433731577852e+01 1.031887309701333351e+02
