2.296783020893126377e+02 2.731704980842911823e+01 9.622485428012750219e+01
2.297181434658229193e+02 2.734407390295919882e+01 9.627327551206126088e+01
2.296788516014019024e+02 2.731822933437868883e+01 9.622127836812410351e+01
2.295976766488862779e+02 2.726762872116519887e+01 9.613255258282349303e+01
2.295743241351309791e+02 2.726925275689398376e+01 9.611560520998128254e+01
2.294228991371143422e+02 2.744779751821206659e+01 9.614844993256518535e+01
2.292252777894447036e+02 2.763200073734955353e+01 9.609511459252102838e+01
2.291675755199947844e+02 2.770765606843350426e+01 9.606704164158277592e+01
2.289520396115381118e+02 2.785178340590159607e+01 9.600930087128583068e+01
2.288440435689585115e+02 2.794038785519948220e+01 9.594267807225092781e+01
2.288214027375268813e+02 2.797123636720007767e+01 9.594129437514291681e+01
2.288092341364843492e+02 2.803003532744386916e+01 9.596059613311493308e+01
2.288491945156126803e+02 2.807790821398070591e+01 9.597287323654454383e+01
2.288586260564399026e+02 2.803194986956379609e+01 9.604422930637807099e+01
2.287888356877184606e+02 2.798769372926204468e+01 9.602694242606671082e+01
2.286820775057051378e+02 2.789122344024901778e+01 9.594081603128601898e+01
2.285699945398798718e+02 2.782278293455789253e+01 9.583686841110504417e+01
2.285450553245504750e+02 2.780433052860496090e+01 9.578611729458047819e+01
2.285358419551896816e+02 2.780281382857089412e+01 9.574330785277275879e+01
2.285539665205967879e+02 2.782979825556162368e+01 9.575880969381326224e+01
2.285703818817347326e+02 2.785147773251011571e+01 9.574326235177173317e+01
2.285666811336515991e+02 2.783322366425394634e+01 9.573256611645456360e+01
2.286061690023847177e+02 2.788359093900065844e+01 9.572967271946649248e+01
2.286122043018279726e+02 2.792428633429935303e+01 9.571243950700248604e+01
2.286193059580644160e+02 2.793275185387411952e+01 9.569997573279945868e+01
2.286298365230701677e+02 2.796533523737522131e+01 9.570788707351562152e+01
2.286049463088187963e+02 2.795754639935411845e+01 9.566614982196274752e+01
2.285177547239372586e+02 2.786519336758741971e+01 9.561814976596151894e+01
2.285512037931501084e+02 2.786670890092915442e+01 9.570793724128597546e+01
2.285513134622295013e+02 2.782315160933540454e+01 9.572345891609614910e+01
2.285807024421203835e+02 2.784715397072069010e+01 9.577086862577642989e+01
2.286107587700262798e+02 2.787956001698703901e+01 9.578098268161899398e+01
2.286672278456792640e+02 2.791641466112254477e+01 9.577897947088169417e+01
2.286906841950522846e+02 2.792533869078453179e+01 9.573279595484433457e+01
2.286981335256042200e+02 2.793732178774599717e+01 9.571351286394967417e+01
2.287360253592245556e+02 2.795141193106248423e+01 9.574026511916595439e+01
2.287117418249868024e+02 2.794745684405057062e+01 9.570399965465907144e+01
2.287217357115189884e+02 2.795953677647574764e+01 9.573033190063515008e+01
2.287265039830876390e+02 2.791995207227892450e+01 9.576194109603744664e+01
2.287415951484265975e+02 2.792976862157633988e+01 9.582337094749418327e+01
2.287493793196783542e+02 2.795127426136708237e+01 9.579405663591265352e+01
2.287404541233240423e+02 2.795770156943452633e+01 9.578063034053415947e+01
2.287364722023884553e+02 2.794608248048123755e+01 9.579786588638283718e+01
2.287338331443291679e+02 2.795914476785155856e+01 9.580618906949285929e+01
2.287152430686808486e+02 2.792276846757295417e+01 9.581008115511875189e+01
2.287101457898740478e+02 2.791958689757841228e+01 9.581831916968839380e+01
2.286876554617534794e+02 2.791843887232185750e+01 9.577928981104250283e+01
2.286848822340758147e+02 2.790248902142513643e+01 9.577032378045650773e+01
2.286917062175367903e+02 2.793381821066730097e+01 9.577470704355495457e+01
2.287167317680988958e+02 2.801086423901325873e+01 9.578871201833106852e+01
2.286710055954564211e+02 2.797799034912101490e+01 9.575380575039316966e+01
2.285715929083773119e+02 2.790814397916754075e+01 9.564562653711715257e+01
2.284834236353199799e+02 2.783151562667712042e+01 9.553915652811028281e+01
2.284454711336982768e+02 2.780597673148809434e+01 9.548016156355440387e+01
2.284575323990461015e+02 2.781507926507716633e+01 9.548210993975200722e+01
2.284610324760478193e+02 2.783479869890470937e+01 9.550812484541326342e+01
2.284409980352901073e+02 2.786873311212846716e+01 9.554206392540635306e+01
2.284119975639464144e+02 2.780406102267583179e+01 9.547988972424060705e+01
2.284144861186946116e+02 2.780976614818859360e+01 9.543960733802809671e+01
2.284267130543538542e+02 2.782341644849520179e+01 9.540704028821967597e+01
2.284666827670208704e+02 2.777379585684218455e+01 9.545248645470199733e+01
2.284628723498583724e+02 2.779325045150993390e+01 9.545444533113061425e+01
2.284477181831333610e+02 2.778665513974640788e+01 9.544808102444920905e+01
2.284537056481909190e+02 2.775059267970561905e+01 9.545637620694321868e+01
2.284371992850509514e+02 2.773115791880754699e+01 9.547125853435441911e+01
2.284205820861392340e+02 2.769076003005399400e+01 9.551137175017849756e+01
2.284703391807953210e+02 2.772668132032238120e+01 9.552547939388000486e+01
2.284686346432954736e+02 2.772205421852613938e+01 9.554585334210686653e+01
2.284495778907135843e+02 2.772767767557552787e+01 9.549435320910393443e+01
2.284954498998978067e+02 2.777744410377028217e+01 9.554599567857160025e+01
2.285002380052361275e+02 2.779353979120874030e+01 9.552908097311474478e+01
2.284896351053056378e+02 2.780182447347175057e+01 9.552468954316995564e+01
2.285234855166813759e+02 2.778108185046737688e+01 9.555194814285914617e+01
2.285259834049682297e+02 2.779134290954401010e+01 9.558770142943144776e+01
2.284963669200722336e+02 2.775928337090082820e+01 9.560227691675883932e+01
2.284887425856702237e+02 2.776140441756385258e+01 9.560172507128490338e+01
2.284931596828463682e+02 2.777801344962922414e+01 9.560931090483990147e+01
2.285064599754527990e+02 2.776280444836453043e+01 9.560809871150497941e+01
2.284911541387243972e+02 2.780920963594532580e+01 9.557800271605975695e+01
2.284993093181383301e+02 2.785534881767398829e+01 9.556125834768364768e+01
2.285001376696953912e+02 2.787480457903407327e+01 9.552824562140366993e+01
2.284244240039947442e+02 2.782854872807201829e+01 9.542834409023664932e+01
2.283254266593864941e+02 2.772874169898404517e+01 9.528826284178252592e+01
2.282376703954153641e+02 2.771201599768528112e+01 9.519448411198379745e+01
2.282183429702120065e+02 2.766581964803225802e+01 9.520963944540113744e+01
2.282191118204600571e+02 2.766811453185303549e+01 9.523132475581130052e+01
2.282329359579244112e+02 2.765106565677778150e+01 9.527575823334780125e+01
2.282422473294412555e+02 2.767608537387822665e+01 9.526750388508547474e+01
2.282635674651509134e+02 2.772828085551215338e+01 9.523439782341878868e+01
2.282733058460619588e+02 2.776418347870319892e+01 9.521576224676942957e+01
2.282692387565859917e+02 2.777603590612326911e+01 9.519554580200764349e+01
2.282584853533444402e+02 2.778529827656208440e+01 9.518673144142503872e+01
2.282541872587863736e+02 2.778788600015867161e+01 9.514587387589193668e+01
2.282380437369622257e+02 2.776869507795838032e+01 9.514833676340879265e+01
2.281998158959497118e+02 2.775974888114205186e+01 9.509283254231593219e+01
2.281810274826046054e+02 2.772378442325731029e+01 9.508148762606110438e+01
2.281883659773848478e+02 2.773218110798437408e+01 9.505648774273034007e+01
2.281993468856314848e+02 2.775538778519793937e+01 9.507673685487746695e+01
2.282042376598951705e+02 2.775648097591480479e+01 9.510513414628455564e+01
2.282134778631796621e+02 2.776566517796725009e+01 9.517564669756067985e+01
2.282296482189274798e+02 2.778487593393721156e+01 9.518828080884446763e+01
2.281638397711416246e+02 2.774915881482726121e+01 9.513340193484256702e+01
2.281210116622565636e+02 2.772983955647024246e+01 9.508282115539874724e+01
2.281659958185746859e+02 2.770731656096434037e+01 9.510457180057960613e+01
2.281019187422123196e+02 2.765181000648680865e+01 9.504085639884077352e+01
2.280908013309626199e+02 2.766310475497127541e+01 9.502349951698937502e+01
2.280801237627227920e+02 2.766387360521931527e+01 9.497503978420859028e+01
2.280029960659134360e+02 2.759456158035476747e+01 9.490714879060672615e+01
2.278615719545830132e+02 2.750136619672299432e+01 9.476884674796178842e+01
2.277425191687550523e+02 2.740622593697061404e+01 9.462755447286507149e+01
2.275786863977674273e+02 2.728056267237879240e+01 9.443966800602946421e+01
2.275452361618622206e+02 2.725693831930969324e+01 9.442612504141757768e+01
2.275209047932387705e+02 2.724194282274210011e+01 9.436004008754859740e+01
2.273674194165604945e+02 2.716562481041249555e+01 9.417143960500465028e+01
2.272886221830213458e+02 2.714307381429058097e+01 9.408861028275956073e+01
2.273021044796318790e+02 2.716912722079885611e+01 9.403975854135457269e+01
2.273262375105585704e+02 2.719087786597971856e+01 9.405665457973408650e+01
2.273204238826587584e+02 2.718326403180870088e+01 9.409258287015647682e+01
2.273312052865163082e+02 2.722594280407502154e+01 9.408995197894353169e+01
2.273437250619513748e+02 2.724289134360956055e+01 9.407460647467577530e+01
2.273239204595834337e+02 2.725752866563064458e+01 9.409221419537897191e+01
2.273323148109258511e+02 2.722112786481302749e+01 9.412475907803305120e+01
2.272842832542315819e+02 2.722639548070057458e+01 9.404876540617226510e+01
2.272970562019031036e+02 2.722641414777791624e+01 9.401727638008036081e+01
2.272591212006664136e+02 2.722279856823516653e+01 9.396595475100451722e+01
2.272337678095584863e+02 2.720761523420181760e+01 9.392717039774875332e+01
2.272329907924641077e+02 2.723789206695880694e+01 9.391816119954638964e+01
2.272294953822317325e+02 2.723676737554892924e+01 9.393587158917496538e+01
2.272320842725206660e+02 2.722472127720143220e+01 9.396456172035784959e+01
2.272133471936382705e+02 2.724504272427326868e+01 9.395437882966758991e+01
2.272235230841745306e+02 2.721566657799805000e+01 9.399365669378059351e+01
2.272560644667516101e+02 2.723983110961774656e+01 9.400470993695194011e+01
2.272701452765294050e+02 2.725819484695329820e+01 9.401574567973828778e+01
2.273102176581218146e+02 2.722628697831352440e+01 9.408952846962633032e+01
2.273375870935827265e+02 2.718279385479813826e+01 9.418215800747616129e+01
2.273475016450362034e+02 2.715434289554370295e+01 9.419703333473336215e+01
2.273667170677754825e+02 2.714463834871033754e+01 9.417555452886630007e+01
2.274159444841119750e+02 2.718923399648125638e+01 9.424862330304600277e+01
2.274915613143489281e+02 2.729620451649936186e+01 9.432588400278139318e+01
2.275051602801928254e+02 2.737369155454753411e+01 9.427969698666703380e+01
2.275283914579454176e+02 2.743678860934940644e+01 9.431001465365571335e+01
2.275166206989887030e+02 2.741258441019035885e+01 9.430732542782607197e+01
2.274661670890093035e+02 2.732721286534970417e+01 9.427023744522379900e+01
2.273978735865522367e+02 2.725101152225348855e+01 9.421498989644439348e+01
2.273705694858620348e+02 2.720934543893298851e+01 9.421242434000214416e+01
2.273339330131929614e+02 2.720730839411800517e+01 9.419360325927169697e+01
2.273514450651247785e+02 2.720965344570914013e+01 9.425822868103098529e+01
2.273482121606675435e+02 2.724638675384191799e+01 9.415027113929839686e+01
2.273448660870539015e+02 2.728013916306158748e+01 9.411149378619663253e+01
2.273535917790191263e+02 2.731115684545060063e+01 9.411059893317653291e+01
2.274190688861821741e+02 2.737793481456592204e+01 9.416954606334672917e+01
2.274751412864416409e+02 2.743601625902436680e+01 9.424451187926133855e+01
2.276012397272739918e+02 2.744365226034972594e+01 9.440736346199616946e+01
2.276749408486986681e+02 2.745817174644508896e+01 9.451355229815055736e+01
2.277571856580844667e+02 2.745238728585362153e+01 9.460193857598200395e+01
2.277955861695623980e+02 2.743396638059370574e+01 9.461607422029950953e+01
2.277832040638227511e+02 2.744366509396540010e+01 9.460540015213668141e+01
2.277602295583836280e+02 2.739218479473215240e+01 9.464659605844661883e+01
2.277857346194949741e+02 2.734732780787843964e+01 9.468512607277359905e+01
2.278091501346362975e+02 2.736464035542115170e+01 9.466140021747145283e+01
2.278067525818901231e+02 2.730648774273034007e+01 9.470555135546315739e+01
2.278224679276277413e+02 2.731144851853407474e+01 9.467212562009697763e+01
2.278388237874566471e+02 2.731383323766456073e+01 9.469852203415142355e+01
2.278440225684965128e+02 2.730934147217905306e+01 9.466322492428166413e+01
2.278612044464978226e+02 2.730190964201212367e+01 9.467328297889220323e+01
2.278522582496814834e+02 2.732509881884068292e+01 9.467768607576033446e+01
2.278640570092541964e+02 2.731909618678277596e+01 9.465170033740741928e+01
2.278750554178858465e+02 2.736213546698027343e+01 9.467196228317023099e+01
2.278626779789155421e+02 2.737152150680648433e+01 9.465903416541830495e+01
2.278767424550006808e+02 2.738399344785585399e+01 9.470522934837899243e+01
2.278695194627615024e+02 2.740999785328610727e+01 9.473627853146102495e+01
2.278793861798292824e+02 2.743004746104414338e+01 9.468942066725468010e+01
2.278517052375152332e+02 2.739203662480574408e+01 9.469124770744956265e+01
2.278216442428400228e+02 2.734969736000858731e+01 9.463882822088753244e+01
2.277319477695176033e+02 2.731219403493543396e+01 9.452481787932667601e+01
2.276901358496553485e+02 2.723788973357413923e+01 9.445826508183179726e+01
2.276376113607832679e+02 2.722195738306242774e+01 9.438938589982312521e+01
2.276275066384793888e+02 2.722130986881711223e+01 9.437110033087394356e+01
2.276693990601126529e+02 2.721847363975340883e+01 9.440349354352461830e+01
2.276951339596137700e+02 2.720257629001171296e+01 9.449167915027463494e+01
2.277291932089172519e+02 2.718353587112249770e+01 9.443784213252691018e+01
2.277192074892314224e+02 2.718947316840970529e+01 9.446391887288187661e+01
2.277523987194385029e+02 2.722184888067537401e+01 9.449477671842113580e+01
2.277695234295154592e+02 2.722268423238644530e+01 9.452637541359243301e+01
2.277670593753062462e+02 2.723467082942491402e+01 9.452095962777848115e+01
2.277504538433178993e+02 2.724180281966203410e+01 9.451495466233591003e+01
2.277393772662998686e+02 2.721305318717011801e+01 9.451893074980982590e+01
2.277430815144599876e+02 2.721781329189242271e+01 9.452891646949565541e+01
2.277281385190474055e+02 2.724522122820035364e+01 9.447851302728659562e+01
2.277310494164204897e+02 2.728469859670246223e+01 9.442046891698284128e+01
2.277523112175134656e+02 2.730748176459882259e+01 9.444446077813711327e+01
2.277570234878500628e+02 2.731935869255790195e+01 9.442516718701145351e+01
2.277690159183501919e+02 2.733728725365291368e+01 9.441899188448812197e+01
2.277835377378302439e+02 2.733345233595139234e+01 9.445622687032448539e+01
2.278179189942178766e+02 2.734177201898441822e+01 9.448376430948147231e+01
2.278317851326062566e+02 2.731730648074257672e+01 9.451816423294646086e+01
2.278368404104890317e+02 2.732031888034870093e+01 9.450073734955502402e+01
2.278487616727568081e+02 2.731955819694699983e+01 9.452238182573350400e+01
2.278863011652923092e+02 2.732930707808905169e+01 9.465382838422445388e+01
2.278739388933223324e+02 2.730174280500837725e+01 9.461948096191449054e+01
2.279076621352336360e+02 2.728624096396787380e+01 9.462708662923917302e+01
2.279205400852152081e+02 2.727792011424251228e+01 9.465685595083091641e+01
2.279347422309957381e+02 2.726243694027935405e+01 9.466907705302850218e+01
2.278775498060957432e+02 2.728154619401626846e+01 9.456850117369248210e+01
2.277930777810445022e+02 2.724942365398705491e+01 9.446092164027608362e+01
2.277146655559755573e+02 2.722226188976157601e+01 9.437931267821225845e+01
2.276868574441971020e+02 2.722214405383585145e+01 9.438436212263336245e+01
2.277113019819769306e+02 2.723800406942286045e+01 9.441348509667213307e+01
2.277286670306746714e+02 2.722421143265151855e+01 9.445928943770095998e+01
2.277305255715625663e+02 2.723937259953052248e+01 9.446500739682939241e+01
2.277663325259822500e+02 2.726278694797952085e+01 9.446134514959328499e+01
2.277739696939999305e+02 2.724864197012334444e+01 9.449945632137240636e+01
2.278133187263453010e+02 2.728217854126124209e+01 9.449172931804500308e+01
2.277916882504748344e+02 2.734121784012581458e+01 9.448210177290566492e+01
2.277852399419453775e+02 2.737074565640444135e+01 9.444752917897527311e+01
2.277374848913342760e+02 2.739473985094338815e+01 9.439425800700948344e+01
2.277455420685921865e+02 2.738549964765891431e+01 9.436200129736187137e+01
2.277458664090609943e+02 2.740257535665784516e+01 9.438069870870492650e+01
2.277321717744457032e+02 2.736535087105249531e+01 9.439112893816997030e+01
2.277493349853696714e+02 2.738312309537476352e+01 9.441454562000363637e+01
2.277443975434126173e+02 2.736037492824842232e+01 9.441385960491130902e+01
2.277750383841777762e+02 2.736031892701639379e+01 9.441388177206565047e+01
2.277407866306392066e+02 2.736425301356629802e+01 9.441319109020398059e+01
2.277638334710030392e+02 2.735591583014826256e+01 9.447169137721030552e+01
2.278023191510213223e+02 2.734571427238065766e+01 9.450008050177103769e+01
2.277835354044455585e+02 2.728751149191948855e+01 9.448450282572883907e+01
2.276979958559088288e+02 2.724446404487565232e+01 9.446162048898409580e+01
2.276862495974911553e+02 2.730836611738791575e+01 9.444880787377321951e+01
2.276971768378904244e+02 2.730704542166594351e+01 9.444671016095686866e+01
2.277287218652143679e+02 2.736275731399424060e+01 9.445008190180183760e+01
2.277021609475408468e+02 2.735863655667091265e+01 9.439244263373794297e+01
2.276625704098823633e+02 2.736525170220411596e+01 9.440846715294402713e+01
2.275989705106845804e+02 2.731801582968158471e+01 9.432459714113710447e+01
2.275733604472631839e+02 2.723553884852133322e+01 9.429249560156989673e+01
2.274847944988123061e+02 2.713768369570797390e+01 9.421954699670060052e+01
2.274484846999967260e+02 2.709621245000723277e+01 9.415345504267760646e+01
2.274652115679878364e+02 2.710945090791997458e+01 9.419032018704410802e+01
2.274921551607468757e+02 2.711907145290529897e+01 9.425915036797476887e+01
2.275107989042425629e+02 2.714769741600981945e+01 9.420623153709381370e+01
2.274866787069315421e+02 2.718819330691941971e+01 9.418783046560358230e+01
2.274995263229124305e+02 2.719322641764785331e+01 9.413442045725005869e+01
2.275191897555079663e+02 2.720416765835514994e+01 9.414788175339857901e+01
2.275724037595493883e+02 2.724113663833937693e+01 9.422073818957350966e+01
2.275825271489306090e+02 2.722216038752852540e+01 9.425051217793458136e+01
2.275763191790219366e+02 2.721996817263313062e+01 9.423789673372813525e+01
2.275597988155739415e+02 2.717356648512933859e+01 9.420861742291663177e+01
2.275520379781688405e+02 2.716083553838184272e+01 9.421313485563348422e+01
2.275612875149919887e+02 2.717165777647108271e+01 9.422117569919871016e+01
2.275600356541177121e+02 2.719548746739095080e+01 9.426513783303232685e+01
2.275750743183016596e+02 2.721303685347744405e+01 9.432101072890270643e+01
2.275628275488727468e+02 2.719779518482739888e+01 9.431256037632827827e+01
2.275514872993872473e+02 2.720080291766418767e+01 9.432714519719434065e+01
2.275940120682654992e+02 2.721383137095682869e+01 9.436248664137278297e+01
2.276330320933727194e+02 2.721985850355374481e+01 9.437917384182452452e+01
2.276233310466163573e+02 2.721854364129344006e+01 9.436763992141160884e+01
2.276477114163178328e+02 2.718730545405332322e+01 9.434231103084268000e+01
2.276696790662727778e+02 2.721818430005460243e+01 9.434562093699395291e+01
2.277010945907476582e+02 2.724840513157955968e+01 9.436820693388587244e+01
2.276911765392171958e+02 2.726317895660371349e+01 9.435170173743821920e+01
2.276972456727381200e+02 2.730219781501859799e+01 9.438020169777068702e+01
2.276917377182298026e+02 2.729831156285438354e+01 9.439592754373929040e+01
2.276841098837507786e+02 2.729457581400124155e+01 9.439813725901970543e+01
2.276935834255020268e+02 2.728873301879308144e+01 9.436930829144907307e+01
2.276688903822550856e+02 2.727121396670726838e+01 9.437373588885621700e+01
2.276655104745637743e+02 2.729842239862610143e+01 9.438101954909674873e+01
2.276767900560479063e+02 2.726394080669774667e+01 9.439946262151100598e+01
2.276715761080077129e+02 2.726305762060098559e+01 9.441263574465304487e+01
2.276535903789883264e+02 2.727748027123263341e+01 9.436688973824091420e+01
2.275999470321680462e+02 2.726724254600267727e+01 9.426011522253489261e+01
2.274743537691162487e+02 2.721123314712923857e+01 9.413842804541700104e+01
2.273900964154544795e+02 2.719795035490780677e+01 9.403272922004283885e+01
2.273383232764454078e+02 2.718020963127855438e+01 9.400452793294785181e+01
2.273489810109155655e+02 2.720875742599670488e+01 9.402471987717062518e+01
2.273862229969059285e+02 2.716443828430892182e+01 9.407474414437118071e+01
2.274085826554850769e+02 2.712595027090596034e+01 9.409227836345732499e+01
2.273800045267662426e+02 2.709031598695171184e+01 9.406988603749282163e+01
2.273769034585427562e+02 2.705309966819270073e+01 9.406997003934085910e+01
2.273449034212086133e+02 2.704511365916716770e+01 9.403323789790042042e+01
2.272839519136087745e+02 2.706871934515892519e+01 9.403684881067383117e+01
2.272651179992626567e+02 2.708657090455989902e+01 9.405002426720054132e+01
2.272075265655844305e+02 2.707948558201613665e+01 9.398783489903443922e+01
2.271574917981529040e+02 2.706011382250409625e+01 9.394291724417936962e+01
2.271290863398994873e+02 2.702578973404081708e+01 9.390626210443296884e+01
2.270931335489380842e+02 2.705362001297361729e+01 9.387838515780680382e+01
2.270428607762704019e+02 2.707986125694765178e+01 9.381271554640868260e+01
2.270009986886378215e+02 2.706586444901788013e+01 9.381031332689319413e+01
2.269680174630508418e+02 2.707231509093200117e+01 9.377522855502820676e+01
2.269381793066114028e+02 2.709767898227094207e+01 9.376679453614646320e+01
2.269532541382577051e+02 2.718407488298075947e+01 9.372183138029036797e+01
2.269740480957247826e+02 2.726712937684629168e+01 9.370892076292345507e+01
2.270073093274718588e+02 2.731858050877119126e+01 9.371355136479668602e+01
2.270181700664081177e+02 2.729547300040600888e+01 9.370977478171185737e+01
2.269835368044763584e+02 2.728414208445919087e+01 9.365720245845407987e+01
2.269885489147427791e+02 2.724299284584260761e+01 9.368783046560358230e+01
2.269827574539973227e+02 2.719471511706590761e+01 9.370085541881921642e+01
2.269397485078005161e+02 2.715261152412019641e+01 9.366046803029666989e+01
2.268953406974953566e+02 2.712028481293254956e+01 9.361921962283170728e+01
2.269130219198155771e+02 2.712332637984702188e+01 9.360787587326920800e+01
2.269409735347510946e+02 2.716098487500058312e+01 9.362518025396558130e+01
2.269455644690849851e+02 2.717441233707141635e+01 9.363630933213863727e+01
2.268414605121312775e+02 2.716722084552526795e+01 9.355527904947241780e+01
2.268796731861434353e+02 2.718055847228638910e+01 9.358147012567609124e+01
2.268487010047554406e+02 2.715387271853314033e+01 9.359790298719904911e+01
2.268975060784670461e+02 2.720581736131528316e+01 9.365101315562276341e+01
2.268965307236759088e+02 2.722926904391896485e+01 9.366016235690518954e+01
2.268598522500828381e+02 2.723736705540855141e+01 9.365772630331200332e+01
2.268425642030791209e+02 2.723469532996392672e+01 9.366748685137739017e+01
2.268030530004993466e+02 2.721714127710809805e+01 9.360397212071998752e+01
2.267066083787176751e+02 2.716021019129087577e+01 9.347971122031351854e+01
2.265942197395009430e+02 2.709229119707300271e+01 9.340182750687181112e+01
2.265243943700094746e+02 2.709053532511048701e+01 9.334117583920179584e+01
2.264973189410167151e+02 2.706660996541923936e+01 9.327980198897708419e+01
2.263991651149658537e+02 2.703588978957537137e+01 9.320798624236400087e+01
2.264484998669970821e+02 2.702179147941254556e+01 9.324554906874618609e+01
2.264834026348579528e+02 2.699652325684498422e+01 9.328988921089597852e+01
2.264532996392587165e+02 2.699327285200274318e+01 9.326754938608650036e+01
2.264161241547313921e+02 2.695920776923759021e+01 9.323743239017925077e+01
2.263909632678585524e+02 2.690046364353349162e+01 9.319529146307885981e+01
2.263613141155772155e+02 2.697026334579360807e+01 9.315531941702717234e+01
2.263248748139125723e+02 2.698872158520820719e+01 9.311782542549269692e+01
2.263429492115493247e+02 2.699686159762181603e+01 9.309111867127742812e+01
2.263439280664174476e+02 2.694354259127034013e+01 9.304367162744246400e+01
2.262725346624292513e+02 2.689728324023128536e+01 9.293196666993340216e+01
2.261953882985425821e+02 2.682952991632482664e+01 9.284100083535170711e+01
2.261595288429678874e+02 2.683422235289176427e+01 9.280052827828879458e+01
2.262211115311203571e+02 2.684255603623279640e+01 9.285098655503755083e+01
2.262499778328456443e+02 2.688066487462724297e+01 9.292635721319201991e+01
2.262631346222950128e+02 2.690253102234915872e+01 9.294849286684306833e+01
2.261973635086638694e+02 2.701667903360540635e+01 9.301149658625823236e+01
2.261499316318292472e+02 2.706235737186218060e+01 9.305072078252388224e+01
2.261238910589366355e+02 2.706430691475212313e+01 9.306139018391738205e+01
2.261000182004003989e+02 2.709638162039565046e+01 9.307984725663965264e+01
2.261312820548718605e+02 2.702958965097232280e+01 9.300920870259145090e+01
2.261773337346755000e+02 2.701609218736145479e+01 9.299007378162319526e+01
2.261853092434700159e+02 2.700109785748619728e+01 9.296546824030129130e+01
2.262213308692791145e+02 2.701656703114135283e+01 9.301114657855805490e+01
2.262746277084762596e+02 2.702294533813077138e+01 9.308733975480794243e+01
2.263232799454921462e+02 2.710344594247739991e+01 9.313706534877100296e+01
2.263530901013155585e+02 2.716647416243157309e+01 9.318557291593748459e+01
2.263594812419206619e+02 2.718285918956883762e+01 9.320330663941273031e+01
2.263250159836849775e+02 2.719466961606488553e+01 9.318803113668501226e+01
2.262639151394664054e+02 2.715834465024897071e+01 9.307616984240320335e+01
2.261798362897316963e+02 2.705553338840121214e+01 9.297862736313531684e+01
2.261460897139737085e+02 2.692412766414194536e+01 9.290264885827488683e+01
2.261554955875695896e+02 2.687084482525282070e+01 9.291950522911504606e+01
2.261549005744793135e+02 2.684555326883858228e+01 9.291425978038184041e+01
2.261654043055613954e+02 2.683450585912889963e+01 9.294783368567442494e+01
2.261559214302714622e+02 2.684600944554113511e+01 9.290741246307418066e+01
2.261390113915839493e+02 2.690696211983330244e+01 9.285858405551589101e+01
2.261487824398803355e+02 2.691455845361931409e+01 9.290221018195732938e+01
2.261488127738810192e+02 2.692541335909389844e+01 9.289503502410386204e+01
2.261504753104568408e+02 2.692558952963631924e+01 9.289249513489296817e+01
2.261574684643062199e+02 2.693734045482333883e+01 9.288513330626607001e+01
2.261178522594163667e+02 2.692491984823666229e+01 9.281424508005842711e+01
2.260864985696352107e+02 2.688867188411478537e+01 9.274618491606815951e+01
2.260948030856678770e+02 2.686088477279833597e+01 9.271554757537998626e+01
2.260684510059221282e+02 2.685730419402560187e+01 9.267534919101554181e+01
2.260808202780461045e+02 2.685815121266001171e+01 9.270506251137524600e+01
2.260868380771043746e+02 2.682416079820422539e+01 9.270753823250778680e+01
2.260791589081626398e+02 2.679975942804075117e+01 9.271654976409480753e+01
2.260203751149192044e+02 2.677422169954405717e+01 9.267867776424414217e+01
2.260325378825000939e+02 2.677477354501798956e+01 9.271542390599259420e+01
2.259988006402807628e+02 2.676701970776690587e+01 9.264597421143264455e+01
2.259455703025466562e+02 2.685246942099392697e+01 9.258647640248085509e+01
2.258685511081243646e+02 2.689867627087796009e+01 9.250725215954750524e+01
2.257970608686724461e+02 2.692299363919339683e+01 9.243861098277496069e+01
2.257690205851195344e+02 2.691423177976582082e+01 9.238333309999487142e+01
2.256927609074066368e+02 2.690801564301081328e+01 9.232950774917048875e+01
2.256560205991198416e+02 2.678755115945884313e+01 9.235892822975438321e+01
2.256388317209645322e+02 2.666041319575697344e+01 9.240019763768135874e+01
2.255834511692590638e+02 2.657346428288089157e+01 9.235904373229544717e+01
2.254950882252742872e+02 2.647122703366140684e+01 9.228084734530825983e+01
2.254507060822004689e+02 2.651168092364698836e+01 9.213009669546063662e+01
2.254288819354025861e+02 2.653468459639445243e+01 9.207237109216403326e+01
2.254548606736014733e+02 2.656457408729658809e+01 9.205122012684279298e+01
2.254277817445316998e+02 2.656858517554053023e+01 9.205781427191398336e+01
2.254358587555592806e+02 2.660437812965218640e+01 9.208676574217966504e+01
2.254510269225922912e+02 2.659306938085971339e+01 9.209386739841609426e+01
2.254209589277630812e+02 2.665357404529566310e+01 9.211691657216458395e+01
2.253333718341803547e+02 2.672525445559802293e+01 9.211435918256867694e+01
2.253001327695876057e+02 2.674348519000751523e+01 9.212562593043713832e+01
2.252624836079727118e+02 2.673351930409135591e+01 9.213061470685688903e+01
2.252217777124430143e+02 2.671872681198986399e+01 9.211136545003989795e+01
2.251815163266925310e+02 2.670466816936639276e+01 9.204161708224248173e+01
2.251524283534237725e+02 2.669973656087100622e+01 9.201141608448719467e+01
2.251562201035089572e+02 2.670204544499978994e+01 9.202227215665411109e+01
2.251633159262837012e+02 2.670490850798717730e+01 9.205807794438143787e+01
2.251585219874837378e+02 2.670393198650370437e+01 9.200384658462486698e+01
2.251445765140166486e+02 2.674922881636729244e+01 9.197903220537519076e+01
2.251568582842155877e+02 2.676956776382413850e+01 9.198092574703309765e+01
2.251756863651000344e+02 2.681996187249452746e+01 9.201092840709162601e+01
2.251697385675818168e+02 2.681975653464376208e+01 9.200138486380033953e+01
2.252081274121364061e+02 2.681920818924682948e+01 9.200946537490492005e+01
2.252454498998978067e+02 2.675743416355159709e+01 9.203187520125442234e+01
2.252572708266248469e+02 2.671197049668425905e+01 9.205540038547515280e+01
2.252473107741703586e+02 2.666353409775015137e+01 9.209923884992136323e+01
2.252379387346521753e+02 2.665290319720367052e+01 9.206650029633985355e+01
2.252435983591639115e+02 2.659504925775033612e+01 9.208561188346143922e+01
2.251702274116697140e+02 2.659979536216463458e+01 9.196145948544200621e+01
2.250859805582389583e+02 2.657133040260218948e+01 9.185521114797859354e+01
2.250421350936387341e+02 2.657315044264307247e+01 9.180079545083324888e+01
2.250505714459051489e+02 2.657186474769111584e+01 9.176862390972601702e+01
2.250595584769531570e+02 2.660908456652713028e+01 9.178806450408575301e+01
2.251267751223860216e+02 2.653727231999103964e+01 9.186574404636901647e+01
2.251807719769834932e+02 2.650609713413695090e+01 9.190759796715528296e+01
2.252159314171578330e+02 2.649498788973357577e+01 9.193302952664959093e+01
2.252406349606357878e+02 2.650307773437682357e+01 9.195944927455070683e+01
2.252316245957410956e+02 2.648034590094315277e+01 9.195818224667608831e+01
2.252415473140409006e+02 2.647745367064742084e+01 9.198019889770908719e+01
2.252368863781669859e+02 2.648921159598844355e+01 9.198312729546717037e+01
2.252411401384163696e+02 2.647381942402732946e+01 9.199492955511688308e+01
2.251933955880362817e+02 2.645563769069586257e+01 9.194500329007237838e+01
2.251460092122026708e+02 2.649622691699217469e+01 9.190678478259854955e+01
2.251276898091757914e+02 2.652111829793588882e+01 9.188896705727526637e+01
2.251117807925107570e+02 2.655591723017906247e+01 9.188130888879555869e+01
2.250952184281387645e+02 2.657631917902194019e+01 9.183499586990913599e+01
2.251055588222940855e+02 2.660160840205151089e+01 9.186175862535642977e+01
2.251251324195798986e+02 2.660272025984571798e+01 9.189116977240165340e+01
2.251474617441583632e+02 2.658326799856263634e+01 9.193031346689626560e+01
2.252016662699912786e+02 2.655004760104722195e+01 9.194378642996812800e+01
2.252187221452205392e+02 2.653100484877333898e+01 9.199868747112437006e+01
2.252459994119870714e+02 2.651828323556451750e+01 9.200266355859828593e+01
2.252657666802003007e+02 2.654901274494705632e+01 9.199113547164704130e+01
2.252737165217634754e+02 2.657451313928906345e+01 9.189479935225242002e+01
2.252539527536272601e+02 2.657882290077048282e+01 9.181677330234597889e+01
2.252211920328913948e+02 2.656103550944787628e+01 9.177257432996859166e+01
2.251400404142224545e+02 2.652063762069432329e+01 9.165780330500604123e+01
2.250380983381634508e+02 2.644025601896575139e+01 9.151666970006672841e+01
2.249809980819578072e+02 2.639207162557576325e+01 9.139206462542175302e+01
2.249460719802502240e+02 2.636858377550972676e+01 9.136327999215983198e+01
2.249463473196410348e+02 2.639278797466877435e+01 9.137492358165212636e+01
2.249565663777936493e+02 2.639637555359551158e+01 9.139633121928682158e+01
2.249872912204068598e+02 2.640330687275120169e+01 9.142692539235862625e+01
2.249601586234897184e+02 2.638407278293455960e+01 9.143111848460665669e+01
2.250162146900565006e+02 2.639078709731614225e+01 9.151858890895599075e+01
2.250675164853626882e+02 2.640356237837232456e+01 9.157623051040455664e+01
2.250083593505723911e+02 2.639009291537747259e+01 9.156543277285433646e+01
2.249337318754346029e+02 2.636489352765760685e+01 9.150044684316388555e+01
2.249329851923409080e+02 2.629125424092663366e+01 9.153830134262953777e+01
2.248795460166790292e+02 2.623629253176903120e+01 9.154041072236923071e+01
2.248254919941572041e+02 2.618306686080427070e+01 9.154093573391948269e+01
2.247957763404128286e+02 2.616391677283566963e+01 9.154911424718009982e+01
2.247842132526915577e+02 2.616573797956888470e+01 9.155917930194463850e+01
2.247178622929704375e+02 2.620410232358445057e+01 9.141255057611267887e+01
2.246476297478544666e+02 2.624996149915298105e+01 9.130941730718075178e+01
2.246432744853720180e+02 2.627970515351337610e+01 9.131904368562774721e+01
2.246113012819615449e+02 2.630963314526253072e+01 9.127249382819755397e+01
2.246028684297721156e+02 2.630647724249933361e+01 9.128566111787792181e+01
2.246545750673181487e+02 2.631172269123253926e+01 9.126207059888650974e+01
2.246887883200097065e+02 2.628994871220500329e+01 9.126811056509909292e+01
2.246824881814066543e+02 2.626154092056691880e+01 9.126523116841903516e+01
2.246745628403824924e+02 2.624665742646338273e+01 9.120843425222021494e+01
2.246876717954461640e+02 2.624152398019423060e+01 9.120915060131322605e+01
2.246720567852492820e+02 2.626035322777100944e+01 9.128390757930007737e+01
2.246044784651928978e+02 2.623450399242116760e+01 9.128851718071130961e+01
2.245093568725178557e+02 2.619944838786453190e+01 9.123585385545148085e+01
2.244242746673760109e+02 2.616048786406634363e+01 9.109929251776873116e+01
2.243307654435064364e+02 2.606666363326660019e+01 9.102834012348272097e+01
2.242573886625505679e+02 2.606983003626079665e+01 9.092854476131807928e+01
2.242741248640803349e+02 2.611073660287193121e+01 9.086045776340412772e+01
2.242819953705648288e+02 2.611633789276697470e+01 9.087359705246848307e+01
2.242512285270275925e+02 2.611674390169917004e+01 9.082671585441546824e+01
2.242381464058875906e+02 2.611183212697346079e+01 9.079753337906767285e+01
2.242552174481171789e+02 2.604802338984790921e+01 9.082236992547169052e+01
2.242633924613008105e+02 2.599978182853356046e+01 9.083298332563316535e+01
2.242555627890480139e+02 2.599357152524022041e+01 9.084286404300894446e+01
2.242518118731945549e+02 2.597175087851932673e+01 9.085349844363243221e+01
2.242401414497785481e+02 2.596058213280692328e+01 9.083830694275273743e+01
2.242067623821057509e+02 2.604348962343838281e+01 9.085370028140619070e+01
2.242144928855101398e+02 2.610274126030772734e+01 9.088452429286778056e+01
2.241862192634904716e+02 2.613540281219520267e+01 9.085951740938300247e+01
2.241944141104437733e+02 2.617222478894535698e+01 9.089473168409705295e+01
2.242438246974766685e+02 2.619996523256844867e+01 9.093848848007989716e+01
2.242586428568095300e+02 2.622570713222357597e+01 9.096887848199327209e+01
2.242581026782589220e+02 2.624076563017719721e+01 9.094716517096709651e+01
2.242519402093512610e+02 2.624255650290973207e+01 9.092044324975150005e+01
2.242880610040087674e+02 2.625835468380304505e+01 9.094884870800490262e+01
2.243643055147213374e+02 2.631286021625809113e+01 9.099971066030119005e+01
2.243649518622742960e+02 2.628324839813142688e+01 9.102624357735869864e+01
2.243926619718967288e+02 2.626978826867524575e+01 9.109164951628936535e+01
2.244129460848138535e+02 2.621756711980997068e+01 9.106521460138789337e+01
2.244451596268451112e+02 2.623247161437551611e+01 9.106926185709419030e+01
2.243700584746197819e+02 2.619964205879195873e+01 9.102132363578665775e+01
2.243107263359793819e+02 2.612543225950970793e+01 9.091233007126156451e+01
2.242316584298187934e+02 2.604607851372730210e+01 9.079806772415659566e+01
2.241205368184766655e+02 2.600081318455672630e+01 9.067031374690243695e+01
2.240912528408958337e+02 2.599671692777241105e+01 9.065499040978902201e+01
2.241108416051819745e+02 2.602140763763469522e+01 9.069747901120491917e+01
2.241639004391429921e+02 2.601012338938123136e+01 9.069170855092144734e+01
2.242005567455817356e+02 2.601132624917748259e+01 9.074234649828963484e+01
2.242665051964476675e+02 2.599458654757071230e+01 9.079783905245915321e+01
2.242792361431951633e+02 2.600154936741941825e+01 9.081155235415178595e+01
2.243158807827105647e+02 2.600351874407903807e+01 9.085750486510703183e+01
2.243378075984338409e+02 2.602897713749702646e+01 9.089357665868648439e+01
2.243549183082027696e+02 2.601321279068139347e+01 9.093627993149182487e+01
2.243182911690723813e+02 2.596174065829448097e+01 9.087156467442284224e+01
2.243100858218880944e+02 2.596313485563349133e+01 9.084550310106821769e+01
2.242967995295896628e+02 2.595511034576093934e+01 9.082190558192280605e+01
2.242879653352373737e+02 2.599207465897583091e+01 9.080569322525096254e+01
2.242505366784735941e+02 2.601787839332465424e+01 9.075766166855670747e+01
2.242460402462187403e+02 2.605763343460222714e+01 9.075260055721226138e+01
2.242339381466392183e+02 2.603537877833312209e+01 9.069636948679537625e+01
2.242074682309677485e+02 2.605295733172796346e+01 9.067901377163630627e+01
2.242403747882453331e+02 2.600816801302962133e+01 9.077402336184729847e+01
2.242792338098104779e+02 2.598793173449815797e+01 9.082598433832211526e+01
2.242704952842295825e+02 2.597350208371250702e+01 9.086469985673018357e+01
2.242886011825593471e+02 2.593235167840359168e+01 9.088270541951922610e+01
2.242972382059072061e+02 2.594737984235653272e+01 9.081530677008227315e+01
2.242740023613852713e+02 2.594834819699366690e+01 9.072236572537929078e+01
2.242254026255244241e+02 2.590429506115801317e+01 9.061753375240921571e+01
2.241279184808732339e+02 2.584338672117453228e+01 9.052112996485922736e+01
2.240401785505947885e+02 2.582694102603590736e+01 9.047474227766343802e+01
2.240054881207386472e+02 2.579169291724418045e+01 9.042341714851059464e+01
2.239999638325376452e+02 2.584882000737349728e+01 9.046855064144745029e+01
2.239846101614235465e+02 2.585304693369920770e+01 9.043597659148501577e+01
2.239705806861084341e+02 2.585070888226207586e+01 9.044180421969282690e+01
2.239388688217807442e+02 2.586467185611416753e+01 9.037242219328825854e+01
2.239278435792253958e+02 2.586474069096186668e+01 9.035578632729919946e+01
2.239478465192900956e+02 2.581949169548396839e+01 9.036961396484055342e+01
2.239188530481004022e+02 2.579596767795558065e+01 9.035545615336870640e+01
2.239223169576397368e+02 2.575892636304665473e+01 9.035237025214554762e+01
2.239152829695586604e+02 2.572287790331387214e+01 9.031131901568501519e+01
2.238928941436711568e+02 2.569233156462775369e+01 9.029435297576546304e+01
2.237923637653361766e+02 2.579641802119646599e+01 9.025548812073866145e+01
2.237462374172231705e+02 2.588612616144221690e+01 9.023069590864332667e+01
2.236947582846822513e+02 2.592047591713684440e+01 9.020185294076469518e+01
2.236787290987068388e+02 2.595320280379501554e+01 9.018123632053239191e+01
2.236967253279572105e+02 2.592059725313956875e+01 9.027334084683195670e+01
2.237241624315734896e+02 2.589020608453385819e+01 9.033264731824100124e+01
2.237386795842841991e+02 2.587457124056729185e+01 9.038700701415430672e+01
2.237677512238602446e+02 2.585516681366989999e+01 9.045803757682668333e+01
2.237807715103065505e+02 2.588456746048413137e+01 9.045009940218685074e+01
2.237689330831944972e+02 2.590343404221559709e+01 9.047649814962595372e+01
2.237423254978276077e+02 2.590170033740742284e+01 9.039310064821425783e+01
2.237822228755699427e+02 2.589487635394645437e+01 9.037389805909063512e+01
2.237547787717996357e+02 2.582800271605975340e+01 9.032439880344034577e+01
2.236606477009160869e+02 2.577624124397403449e+01 9.019200955754359939e+01
2.235731516093354116e+02 2.570072824935481748e+01 9.008297399209449452e+01
2.235336835743719632e+02 2.566565514441317575e+01 9.000028933969880995e+01
2.235096228783699814e+02 2.564568720511851296e+01 8.998230011060243783e+01
2.234985789687373199e+02 2.564020608453385819e+01 8.992847242639338390e+01
2.235149371619508827e+02 2.564892710972974754e+01 8.993342853542777959e+01
2.235313443562424993e+02 2.564377382969091812e+01 8.995751256527643136e+01
2.235378930003126641e+02 2.565279119473961700e+01 8.996384887134183828e+01
2.235542325264489136e+02 2.565366621399004288e+01 8.996967649954966362e+01
2.235871974183432087e+02 2.564140194417610630e+01 9.000973021406470309e+01
2.235954074322968381e+02 2.565406172269123175e+01 8.999258100344874833e+01
2.235914161778225662e+02 2.564864710356961197e+01 9.003341873521218020e+01
2.235974433104194929e+02 2.560704518832747567e+01 9.007073888958890961e+01
2.235737302887330316e+02 2.558564921761612254e+01 9.002601840573825598e+01
2.235059512975952032e+02 2.557751620535651682e+01 8.996876531283687939e+01
2.234833688007802834e+02 2.557055221881548235e+01 8.998289162361571414e+01
2.234139704406830162e+02 2.570007956841717345e+01 8.990844381909735716e+01
2.234381023049173791e+02 2.574993816530630397e+01 8.993735912190068404e+01
2.234414308781459795e+02 2.580267382549082811e+01 8.989650738982923883e+01
2.234187293787130102e+02 2.583773759689379901e+01 8.986743341686850783e+01
2.234265730512738060e+02 2.581737298220560817e+01 8.984862983652307378e+01
2.234295714505718990e+02 2.585377378302322526e+01 8.984395840041814552e+01
2.234746256084300455e+02 2.580081178452592638e+01 8.991242807341761534e+01
2.234747306107400959e+02 2.574985999691993399e+01 8.992647504911774092e+01
2.234980586239563820e+02 2.574433570871892485e+01 8.991018919082885930e+01
2.234933615206201125e+02 2.575715299069912945e+01 8.991683000359341804e+01
2.235330733942813310e+02 2.567241145971878069e+01 8.998428115418539619e+01
2.235851767072208816e+02 2.565195584302854570e+01 9.003527610940774650e+01
2.235949617558252953e+02 2.563270541951922965e+01 9.001438298309228969e+01
2.235751734871500389e+02 2.562978285522281396e+01 8.997647714916395500e+01
2.235194254273594083e+02 2.560091538680517687e+01 8.991182256009632567e+01
2.234457954741670846e+02 2.551511916595498519e+01 8.984853416775169421e+01
2.233663320593053072e+02 2.547336791409410850e+01 8.973780106495675568e+01
2.233538157839472547e+02 2.547463494196872347e+01 8.971629892524302363e+01
2.233258000009333557e+02 2.546555340884166085e+01 8.968438405644924671e+01
2.232750605513321318e+02 2.546437621627675796e+01 8.966037119483294759e+01
2.232784077916380738e+02 2.545789757374662088e+01 8.968349387019847541e+01
2.232489044758984562e+02 2.547543879298677894e+01 8.961490869465795583e+01
2.232274525039550781e+02 2.549246433421535230e+01 8.955443086414567233e+01
2.232387204185158680e+02 2.550942337398089421e+01 8.955734759498042763e+01
2.232994642548802631e+02 2.552815578609396141e+01 8.958236731208086212e+01
2.233070862558976160e+02 2.556285554948875571e+01 8.960319160354860912e+01
2.232823173776489796e+02 2.554639585404212099e+01 8.961590854998810585e+01
2.232666230323733885e+02 2.554546250017500242e+01 8.966754868607110041e+01
2.232508668524040729e+02 2.555192480901246554e+01 8.971626159108834031e+01
2.233011769592264386e+02 2.557640668094698100e+01 8.973867375082251385e+01
2.232873119875303871e+02 2.554912708079577754e+01 8.974492722173221182e+01
2.232699037712162919e+02 2.552859446241150465e+01 8.975751233193797418e+01
2.233035395112025867e+02 2.551744088369944308e+01 8.984857966875270563e+01
2.233105361651289797e+02 2.550510544565313609e+01 8.982526332245976164e+01
2.233014522986172494e+02 2.551655653091034637e+01 8.982812638544714900e+01
2.232943926433048318e+02 2.549324485138673069e+01 8.978451192592903851e+01
2.232442295397165424e+02 2.551125274756044803e+01 8.969314591587681207e+01
2.232510126889458206e+02 2.549927081729131473e+01 8.967498518300736521e+01
2.232825460493464220e+02 2.548914159444841232e+01 8.967597220472183039e+01
2.232759215702745337e+02 2.550448593202383663e+01 8.968678510927240666e+01
2.232750850518711445e+02 2.550605046644359675e+01 8.966264741157638696e+01
2.233045743673027346e+02 2.549256583644840291e+01 8.967220728856034384e+01
2.233287563993074514e+02 2.547550762783447809e+01 8.968731478759198694e+01
2.233494581880801491e+02 2.549037362155300812e+01 8.965693178583262579e+01
2.233406333272665449e+02 2.548661687223785677e+01 8.968446805829728419e+01
2.233343098548168086e+02 2.550486860710935488e+01 8.969301757972009170e+01
2.233989982779621073e+02 2.549107247026101319e+01 8.977429403446875256e+01
2.234033990414455673e+02 2.549229049705760275e+01 8.983012492941512050e+01
2.234176198543034673e+02 2.547497678282255507e+01 8.987162767580886680e+01
2.234196720661187783e+02 2.552009160868205839e+01 8.984727297333874674e+01
2.234586127561472892e+02 2.550630713875705169e+01 8.986991497146270547e+01
2.234625515094665502e+02 2.554389796575524585e+01 8.983689524502872814e+01
2.234360605933330532e+02 2.557613367494084855e+01 8.977996765928850209e+01
2.234338590448989805e+02 2.556877534639095373e+01 8.977362201968443856e+01
2.234109195402298838e+02 2.557825122152687314e+01 8.978236054526533394e+01
2.234258905362584642e+02 2.561275381391724082e+01 8.980874412570409504e+01
2.234184178718598446e+02 2.559406690280519570e+01 8.978697248006122322e+01
2.233495643570825280e+02 2.558271965316570373e+01 8.968461156145434643e+01
2.232522750500511108e+02 2.547489394766684967e+01 8.957374428904103070e+01
2.231527771944316214e+02 2.541950756249970667e+01 8.943397454744004449e+01
2.230680869979139516e+02 2.540867365748713169e+01 8.937496558257615220e+01
2.230604334962035864e+02 2.542147577246699441e+01 8.939846509956552723e+01
2.230137809698479998e+02 2.546844330575272508e+01 8.947659265170500476e+01
2.230304506699147282e+02 2.547105436319598937e+01 8.950951437598293126e+01
2.230311810193157669e+02 2.550565379105006869e+01 8.955470737022881167e+01
2.230658714491718797e+02 2.545114825859502261e+01 8.959055749226483556e+01
2.231174485838688497e+02 2.543238084571193980e+01 8.956490192784241344e+01
2.231451155258748997e+02 2.543850014700323570e+01 8.953434392223294935e+01
2.231776114074509678e+02 2.541644616181556060e+01 8.956293371787512569e+01
2.231616778902469207e+02 2.541961606488676040e+01 8.955021793812797171e+01
2.231408944330108568e+02 2.541001418697878123e+01 8.956296988533748049e+01
2.231124166398327304e+02 2.541040269552596698e+01 8.954191458878761978e+01
2.231094462411506356e+02 2.541492712839682611e+01 8.955640024080530281e+01
2.231203886485502608e+02 2.540193834264353967e+01 8.957257876339946279e+01
2.231074126964126663e+02 2.542705489520769291e+01 8.951467582286809943e+01
2.231045204661169237e+02 2.541993690527858263e+01 8.951211726657986389e+01
2.231520176777222559e+02 2.542833125662097871e+01 8.955306233403801741e+01
2.231434693229917627e+02 2.538407978308856272e+01 8.960033320733056428e+01
2.231121658009809607e+02 2.538556498242961368e+01 8.958687074448971543e+01
2.231369673466149663e+02 2.541524096863464166e+01 8.958592105692991936e+01
2.231593351720404428e+02 2.541500879686019587e+01 8.960243675360858617e+01
2.231652386352499775e+02 2.545134309621478508e+01 8.958603539277864058e+01
2.231648291262407895e+02 2.546666409994353231e+01 8.952741260307726634e+01
2.231827786877977928e+02 2.549662825915503461e+01 8.949311534853767114e+01
2.232217462117500020e+02 2.548777539772541800e+01 8.949416303825350383e+01
2.232340909833349656e+02 2.547464544219972993e+01 8.953483976647486031e+01
2.232144392176628003e+02 2.555457086722574545e+01 8.955813044553646307e+01
2.232129038505513847e+02 2.555948730872079011e+01 8.962257736336866287e+01
2.231783207563899794e+02 2.558938496646926097e+01 8.959181635329311177e+01
2.231721501206359903e+02 2.556730298066557339e+01 8.957936891278275482e+01
2.231202929797788954e+02 2.555961214480051780e+01 8.956031216020085139e+01
2.231468293969134038e+02 2.559052015811014513e+01 8.950221671543440038e+01
2.231226893658327128e+02 2.559005698125358919e+01 8.939417633854611722e+01
2.231409446007812107e+02 2.560347860986275137e+01 8.939360932607183940e+01
2.231593900065801392e+02 2.560806837750430631e+01 8.941988323743122180e+01
2.231476927492404911e+02 2.552103779616484758e+01 8.946808863128322287e+01
2.231310125489427492e+02 2.544474545106659136e+01 8.945435082905157742e+01
2.231326225843635314e+02 2.533559788315342942e+01 8.946102897597080528e+01
2.230595339764141443e+02 2.524015311670190087e+01 8.940585142873143809e+01
2.230275922736966834e+02 2.522768117565253121e+01 8.937753113901838731e+01
2.230274301034622795e+02 2.529081439791675479e+01 8.934464791558747265e+01
2.230350509377873038e+02 2.534902534522426265e+01 8.932101772905670600e+01
2.230630643874165173e+02 2.535481330589272986e+01 8.931672780134496747e+01
2.230702360451929849e+02 2.542614137511025163e+01 8.932616750901853209e+01
2.230827371535507098e+02 2.540799114247180057e+01 8.933503087067914805e+01
2.230991630149196681e+02 2.540553292172427646e+01 8.931055249882163594e+01
2.231144525179553852e+02 2.540642077459037296e+01 8.938166823003439276e+01
2.230880981048249794e+02 2.540008680190964085e+01 8.933820544051968682e+01
2.230551775472393672e+02 2.537400772817002093e+01 8.932063155389418796e+01
2.230423310979508358e+02 2.538087604593967583e+01 8.934886667506685853e+01
2.230324445471133572e+02 2.540714995729906178e+01 8.933365067364815104e+01
2.230589844643248796e+02 2.537243269351925790e+01 8.933272198655036789e+01
2.230739881277388008e+02 2.537735963524530902e+01 8.939654005721459384e+01
2.231047748050457074e+02 2.536400334140684265e+01 8.939732640784764328e+01
2.231036664473285214e+02 2.537227985682351772e+01 8.944405593589725356e+01
2.231083635506647909e+02 2.535778720465183511e+01 8.943349970366014645e+01
2.231188684484392013e+02 2.543307386095827383e+01 8.946148048590401913e+01
2.231004300427942724e+02 2.550568179166608473e+01 8.947282773554351820e+01
2.231268999584657422e+02 2.548760272726000053e+01 8.955682958358417523e+01
2.231231280421502561e+02 2.548820824058129375e+01 8.952634974636109177e+01
2.231662279903491140e+02 2.551088757285993580e+01 8.952816278624796098e+01
2.231668591709017733e+02 2.550146303218670951e+01 8.950738749585823939e+01
2.231480695908643384e+02 2.551675953537644403e+01 8.948362313970906712e+01
2.231523571851914198e+02 2.554607968041963417e+01 8.948563101721570945e+01
2.231317172311124182e+02 2.554642152127346932e+01 8.946946882831421988e+01
2.231340739496268952e+02 2.553829200909086694e+01 8.948535217774791306e+01
2.231032196041646216e+02 2.554320845058591161e+01 8.948945193460922098e+01
2.230606773349013565e+02 2.549998483299965812e+01 8.948768789580037719e+01
2.229687711462985646e+02 2.548536501136358368e+01 8.938418711878327372e+01
2.228584627195131702e+02 2.542226562317704364e+01 8.927070295546502621e+01
2.228150605979998318e+02 2.541245957411063117e+01 8.919006468142299582e+01
2.228059860650267581e+02 2.538681217653455136e+01 8.917125060084654820e+01
2.228112466807603198e+02 2.541121938015969661e+01 8.922350908386651724e+01
2.228185000070001536e+02 2.541798969577330780e+01 8.922763800803618039e+01
2.228293840797830967e+02 2.547544579314078206e+01 8.921947349508356240e+01
2.228659983852978144e+02 2.549210032620717570e+01 8.923533467736289992e+01
2.228717735123506145e+02 2.545285046271018103e+01 8.928244104703637163e+01
2.228783151562667797e+02 2.545018457072722384e+01 8.930846411954397013e+01
2.229093690061181405e+02 2.542505985131672830e+01 8.934330738609583022e+01
2.228887862199634924e+02 2.545291813086554455e+01 8.931843583892178629e+01
2.228733987147717244e+02 2.540563442395732707e+01 8.928666330659274308e+01
2.228563241724651220e+02 2.544005418119198580e+01 8.924688726485315726e+01
2.228319146354553197e+02 2.546345102925597814e+01 8.920825108152379812e+01
2.228176483215964083e+02 2.548508267181878040e+01 8.919622481694597127e+01
2.228438452312617528e+02 2.551436898278428700e+01 8.923232927791077884e+01
2.228765394505345796e+02 2.553295089158628173e+01 8.924284700930087411e+01
2.229060485997358683e+02 2.548953710314960119e+01 8.932441863721001596e+01
2.229391021602475291e+02 2.549584307521432081e+01 8.935655984431657828e+01
2.229576350679714949e+02 2.549797578880068727e+01 8.941203023133175520e+01
2.229721977216832158e+02 2.551259211035976193e+01 8.943196200316407385e+01
2.230126691120537998e+02 2.553700164736957490e+01 8.945114825859502616e+01
2.230084701863441126e+02 2.556298271895315111e+01 8.944598564501752946e+01
2.230037450823918164e+02 2.556098767506218294e+01 8.945237211885327611e+01
2.230289993046513644e+02 2.559724613941506632e+01 8.945892426300045486e+01
2.230030077328367781e+02 2.559918401538167032e+01 8.944761201413098206e+01
2.229818509340538810e+02 2.558345933610539547e+01 8.942655321750412156e+01
2.229442134393623292e+02 2.559288854354795717e+01 8.933416285158273240e+01
2.228588442279063599e+02 2.555008026843257340e+01 8.920322497094936409e+01
2.227848257661668470e+02 2.545240595293096320e+01 8.911900261805759271e+01
2.227497258273015461e+02 2.547386025825901612e+01 8.906744531713030710e+01
2.227661750225171602e+02 2.549251100190871000e+01 8.906848017323048339e+01
2.227376003938753399e+02 2.543575608663390497e+01 8.906729948058857360e+01
2.227949258217014119e+02 2.537987735730186145e+01 8.907602750593846963e+01
2.228512420606586772e+02 2.539043592292363627e+01 8.915284019581764596e+01
2.229122204021821858e+02 2.538621833013659668e+01 8.919752451220593059e+01
2.229420142243129419e+02 2.541754285260942581e+01 8.919878570661887807e+01
2.229675671198099565e+02 2.540977501505033231e+01 8.926619018951750206e+01
2.229946728828034281e+02 2.542633854611468180e+01 8.934069166188322697e+01
2.229916989840443193e+02 2.535669634731964095e+01 8.936221363536664342e+01
2.229781466858937620e+02 2.538122955371684952e+01 8.940614660189190488e+01
2.229813912572743391e+02 2.541210606633346103e+01 8.937215968751311834e+01
2.229671214433384137e+02 2.541944922788301398e+01 8.940924767011540553e+01
2.229874930581806041e+02 2.544964205879195873e+01 8.949326701854107569e+01
2.229821682743686893e+02 2.543067864159678138e+01 8.951541083903845220e+01
2.229574285634284081e+02 2.545727689342498934e+01 8.950812017864393511e+01
2.229471546707360972e+02 2.547514478651863712e+01 8.952475487794065145e+01
2.229923989994446458e+02 2.551887358188546884e+01 8.946822863436328532e+01
2.230327455537355092e+02 2.554777721776545718e+01 8.941604248626802587e+01
2.230077713376360862e+02 2.556671263434462205e+01 8.932664351949075865e+01
2.230247082102472973e+02 2.558842361198612991e+01 8.932360661934562529e+01
2.230352341084837064e+02 2.560151273328013133e+01 8.933368684111050584e+01
2.230968634643295445e+02 2.557588516947372881e+01 8.940639977412836004e+01
2.231583434835566493e+02 2.551508649856963373e+01 8.944924538339843423e+01
2.231685753753249344e+02 2.547321391070603624e+01 8.949709143601158701e+01
2.231605625323757067e+02 2.545437649628291865e+01 8.946853780783176546e+01
2.230765840181817339e+02 2.539483785309943542e+01 8.935822471427704272e+01
2.229808499120314025e+02 2.538270425282689402e+01 8.927867379749021381e+01
2.229227217998796107e+02 2.535010803571011806e+01 8.924810879172675016e+01
2.228922034618094870e+02 2.535587149583957611e+01 8.924097330141263740e+01
2.229013024953215734e+02 2.538624749744494480e+01 8.929399596791130023e+01
2.229087984935668487e+02 2.539859110233758344e+01 8.932646501556367014e+01
2.229197140670428041e+02 2.543016879704686772e+01 8.922067985495681341e+01
2.228917962861849560e+02 2.544811719191155674e+01 8.917996812596544487e+01
2.229055375884936154e+02 2.550852385419145918e+01 8.918589725640630661e+01
2.229270187277453488e+02 2.552743127015461155e+01 8.919975289456368728e+01
2.229728650696982015e+02 2.550389091893354987e+01 8.923847074635642684e+01
2.229864908694657970e+02 2.548244594714417133e+01 8.926096807463098060e+01
2.229784313588232294e+02 2.546378120318647120e+01 8.928815200601080448e+01
2.229966235923857028e+02 2.548062940718029168e+01 8.926770805624390448e+01
2.229859168568375196e+02 2.546532240375955070e+01 8.929885990825131614e+01
2.230055347884320156e+02 2.547666965339904266e+01 8.932437663628600433e+01
2.230271967649954945e+02 2.543463022853169520e+01 8.937691395877375555e+01
2.230495785907289985e+02 2.544444444444444287e+01 8.941869321125064118e+01
2.230978621529673660e+02 2.546132998259295022e+01 8.943051063790069577e+01
2.231202311450851994e+02 2.545581269454594775e+01 8.952649324951815402e+01
2.231106864351015702e+02 2.548149975966137859e+01 8.952244599381185708e+01
2.231009842216528796e+02 2.549269067252813059e+01 8.951707454230660232e+01
2.231018055730559411e+02 2.549386203163136244e+01 8.954992393165983344e+01
2.231289801708970799e+02 2.552566606465342147e+01 8.957858022876503412e+01
2.231529895324363792e+02 2.552654458398084714e+01 8.958542521268800840e+01
2.231563542731273344e+02 2.553961387150517481e+01 8.959516942706072484e+01
2.231967253279572105e+02 2.552816978640196766e+01 8.956126184776064747e+01
2.231969189988846551e+02 2.554099056845917204e+01 8.952001927375735590e+01
2.231516373360213947e+02 2.550746449755228085e+01 8.946740844965255235e+01
2.230647164237613254e+02 2.545724189265497017e+01 8.934845483267298505e+01
2.229924293334453296e+02 2.542812008530854229e+01 8.931863534331088772e+01
2.229421448938543335e+02 2.537371955516354660e+01 8.924126730788077566e+01
2.229141092770707644e+02 2.534366789402700348e+01 8.922679798955577724e+01
2.229200104068956136e+02 2.537018914416116999e+01 8.924419337225418758e+01
2.229283312566209929e+02 2.538625916436828334e+01 8.921552540822564481e+01
2.229425940704028903e+02 2.539180678641596955e+01 8.923949976899491787e+01
2.229614664855960200e+02 2.536762825448826675e+01 8.930518688077803802e+01
2.229746979433547551e+02 2.541175372524862297e+01 8.935300143269819273e+01
2.229838214774058258e+02 2.542884576794022777e+01 8.937504491765486137e+01
2.230130657874473172e+02 2.545772140320420363e+01 8.938885855488820198e+01
2.230366668066697571e+02 2.546091697350675176e+01 8.943822714099709970e+01
2.230236173529150960e+02 2.547465244235373305e+01 8.939358832560982648e+01
2.230015750346507559e+02 2.547545162660245310e+01 8.936309682146340094e+01
2.229746116081220464e+02 2.545449899897797863e+01 8.933123912059399174e+01
2.229893597659148554e+02 2.548884292121093154e+01 8.936590504991109185e+01
2.229985416345826366e+02 2.547449027211931849e+01 8.938170673088141882e+01
2.230314796925532335e+02 2.547277290100382174e+01 8.940107382362411670e+01
2.230633548938076558e+02 2.543681660996541893e+01 8.942840009146867430e+01
2.230890489590771040e+02 2.544588064270747196e+01 8.947823535451112775e+01
2.231012373938893347e+02 2.545151459998786692e+01 8.950570045874341929e+01
2.231337659428507436e+02 2.545663754602601259e+01 8.953314922928304043e+01
2.231453780316500399e+02 2.543164816292625119e+01 8.955034277420769229e+01
2.231399704126824020e+02 2.538905105912330029e+01 8.959680162963584849e+01
2.231601868574441880e+02 2.538901605835328468e+01 8.963335176707221308e+01
2.231408454319328314e+02 2.536434751564534551e+01 8.962097316140955172e+01
2.231366500063001297e+02 2.536796659526509501e+01 8.961559004298094067e+01
2.231245175727199239e+02 2.543602092579370222e+01 8.958189013491630703e+01
2.231046791362743420e+02 2.549569957205725146e+01 8.956504776438414694e+01
2.230904478231854569e+02 2.548285428946103437e+01 8.958134178951937088e+01
2.231041704584167462e+02 2.550828351557067464e+01 8.954133940946701387e+01
2.231083962180501317e+02 2.551104624301734702e+01 8.956027949281551059e+01
2.231718502807061668e+02 2.547528828967570647e+01 8.957543599292517911e+01
2.231370128476159778e+02 2.541138155039410762e+01 8.953715448406531152e+01
2.230426846057279988e+02 2.533014126310778735e+01 8.944034818766013473e+01
2.229577097362808615e+02 2.527120929993793297e+01 8.935561832360312451e+01
2.229223134575627228e+02 2.524868397104736317e+01 8.931027015927683976e+01
2.228875693598592420e+02 2.532025587896266927e+01 8.929263210457297362e+01
2.228822259089699855e+02 2.534745147726583170e+01 8.930678874935249212e+01
2.228807150423976111e+02 2.538885622150354138e+01 8.927072045585002513e+01
2.228950070234878638e+02 2.537425856702180837e+01 8.930695325297156728e+01
2.229468151632669333e+02 2.539651555667558114e+01 8.933771542973946111e+01
2.229429335778720542e+02 2.541644382843089289e+01 8.931834133684274946e+01
2.229480331900635122e+02 2.542363648666937337e+01 8.933046443688428440e+01
2.229666010985575042e+02 2.543879532016370959e+01 8.930050261105743914e+01
2.229603056267237946e+02 2.540889532903057102e+01 8.930251865541042378e+01
2.229217359448574598e+02 2.536344449577890714e+01 8.925720315846947983e+01
2.229027491938155947e+02 2.538540164550286704e+01 8.922931221153531567e+01
2.228494663549264772e+02 2.539142061125344796e+01 8.917671772112319672e+01
2.228200120402648849e+02 2.539448667870693299e+01 8.920817407982976022e+01
2.228132358911896063e+02 2.541405210914640023e+01 8.918426622052351149e+01
2.228656460442129799e+02 2.542944894787685328e+01 8.925642147460577291e+01
2.228766549530756436e+02 2.542757640668094865e+01 8.927579090073315626e+01
2.229076551350796365e+02 2.542500268339236769e+01 8.926976026805922970e+01
2.229161918228867592e+02 2.541289358365883899e+01 8.929010388228540762e+01
2.228857621534340296e+02 2.542088425945370744e+01 8.924602041244907014e+01
2.229309539809875957e+02 2.543241817986662312e+01 8.929149224616274694e+01
2.229495183894045738e+02 2.543080114429184135e+01 8.933205697192005346e+01
2.229561323682454486e+02 2.542956328372557451e+01 8.932720236511869416e+01
2.229527559606311229e+02 2.541994040535558597e+01 8.930909296671192976e+01
2.229712118666610650e+02 2.542264713157022626e+01 8.933866278391458593e+01
2.229512217602120643e+02 2.541367293413788531e+01 8.935408178979938043e+01
2.228860269925938269e+02 2.542370532151707252e+01 8.928380024360535572e+01
2.227675575529328285e+02 2.537672145453866790e+01 8.921218283468903110e+01
2.226478129185508692e+02 2.535110555765560036e+01 8.909009548210060814e+01
2.225552813828570891e+02 2.533892178961270503e+01 8.901377396969400024e+01
2.225470970361348009e+02 2.531423107975042086e+01 8.893300269272590697e+01
2.225462733513470539e+02 2.530104278960803654e+01 8.892219445494467323e+01
2.225630445536468471e+02 2.532153107368361944e+01 8.891902921864280529e+01
2.225953864318348394e+02 2.533016459695446798e+01 8.893404104890306883e+01
2.226167777357768500e+02 2.532903640546758695e+01 8.897647248239461248e+01
2.226390522258156466e+02 2.535385195140959880e+01 8.899126380780377588e+01
2.226622355691825135e+02 2.540146116547897392e+01 8.902830978948203722e+01
2.226575559662312571e+02 2.542747140437089470e+01 8.904479165208300628e+01
2.226316577298033792e+02 2.540980534905101251e+01 8.900287239652605820e+01
2.225990976801489580e+02 2.542336698074024426e+01 8.899268717245112725e+01
2.225663824604141325e+02 2.539748274462038324e+01 8.896479505882463457e+01
2.225797889220229422e+02 2.533293082447814015e+01 8.900355841161838555e+01
2.225825376491616225e+02 2.531610478763866112e+01 8.901675836868410840e+01
2.226361774959049171e+02 2.528492143493823363e+01 8.908073744289040974e+01
2.226335862722313266e+02 2.531043932966525389e+01 8.906997937287952993e+01
2.226388375544262033e+02 2.535735552848829499e+01 8.903879252010210621e+01
2.226534573760622777e+02 2.538929023105174920e+01 8.901259211035976193e+01
2.226376953626313195e+02 2.537594560413662492e+01 8.899960215791413987e+01
2.226532882056738458e+02 2.541339992813175286e+01 8.900097768817580857e+01
2.226582046471689011e+02 2.541232657118456473e+01 8.900284672929471697e+01
2.226607480364567948e+02 2.542036508136512296e+01 8.901335396045379866e+01
2.226638397711416246e+02 2.538994941222040325e+01 8.907740536958479538e+01
2.226615623877058567e+02 2.539524152864696305e+01 8.913844671249434271e+01
2.226840585492880962e+02 2.539457651401664151e+01 8.916451178592595284e+01
2.226808104778305051e+02 2.537116449895231085e+01 8.914492652171681186e+01
2.226805864729024051e+02 2.538605149313285025e+01 8.915820581386124388e+01
2.226754366929405649e+02 2.541635282642884874e+01 8.911576621352335792e+01
2.226615530541672001e+02 2.538884105450319950e+01 8.907937941301375417e+01
2.225488330743276322e+02 2.531089550636780672e+01 8.894129087506591702e+01
2.224337902100512849e+02 2.526799972932737859e+01 8.880085378544994512e+01
2.223409074999649988e+02 2.527368502107046311e+01 8.871154932075172894e+01
2.222946236483869313e+02 2.532710436296265044e+01 8.862976418814547230e+01
2.222940134682962992e+02 2.535415645810874352e+01 8.863394911354716044e+01
2.223093928066417391e+02 2.537360755269949308e+01 8.866104670969427559e+01
2.223136559004298078e+02 2.536079493748862390e+01 8.866775519061418720e+01
2.223062999052645807e+02 2.537393072647598302e+01 8.869269790602059800e+01
2.223233627806478410e+02 2.535596716461095568e+01 8.877195948310863116e+01
2.223783676574217907e+02 2.536631105884329429e+01 8.883155879429347124e+01
2.223891023935860005e+02 2.536559820982728297e+01 8.883528170953094616e+01
2.223797560212991300e+02 2.536119161288214841e+01 8.882772270989961783e+01
2.223433050527111732e+02 2.533922629631185330e+01 8.882421913282092873e+01
2.223541611248780896e+02 2.530607240025947391e+01 8.875088201940442900e+01
2.223654150391308519e+02 2.529135574315968427e+01 8.871978266855204254e+01
2.223663658933829765e+02 2.529670036074126926e+01 8.869860603599946103e+01
2.223722821902081819e+02 2.527667642021457794e+01 8.867973712088333116e+01
2.223845312930217801e+02 2.532990909133334156e+01 8.869938538647849668e+01
2.223775393058647296e+02 2.533382567749823977e+01 8.874569490528791960e+01
2.223748780806511149e+02 2.531262571109897763e+01 8.881653529710986561e+01
2.224115670544751993e+02 2.534562560376328122e+01 8.887995085891890312e+01
2.224096490122782654e+02 2.531974136764342020e+01 8.886447118503274112e+01
2.224368096098114052e+02 2.535627517138710374e+01 8.890343754229259332e+01
2.224450137903033919e+02 2.539368166099654189e+01 8.888727185331410396e+01
2.224356814183245490e+02 2.542018424405337029e+01 8.888911989397099944e+01
2.224787907000620635e+02 2.545275012716946605e+01 8.886847410643034095e+01
2.224653597379142411e+02 2.545835491714150933e+01 8.887266953206304265e+01
2.224737459224103020e+02 2.545731889434900808e+01 8.888526980926913268e+01
2.224662685912423399e+02 2.541115404538899725e+01 8.889955129012838597e+01
2.224989639772074952e+02 2.538792870109809030e+01 8.895967094609414971e+01
2.225141006435474935e+02 2.533274182032004873e+01 8.900202654458398399e+01
2.225174128830834377e+02 2.532907957308394131e+01 8.901008955530355138e+01
2.225358151212660118e+02 2.532735403512210581e+01 8.901999360652601467e+01
2.225202934464558098e+02 2.538523714188378833e+01 8.892157377462304169e+01
2.225288149672626048e+02 2.543103331606628714e+01 8.886898861774959357e+01
2.225298171559774403e+02 2.543627409803015738e+01 8.878421558607622899e+01
2.225446539823876151e+02 2.546088547281373593e+01 8.880519154754738054e+01
2.225627423803323666e+02 2.545425749366486201e+01 8.883635156640113451e+01
2.224730575739332892e+02 2.536562271036629568e+01 8.878199887064181439e+01
2.223369815802614369e+02 2.523759106033666200e+01 8.870737722896569721e+01
2.221699077379702487e+02 2.514032975392125380e+01 8.868292219095486928e+01
2.221378003649413699e+02 2.514268413905105959e+01 8.863096004778772397e+01
2.221577473037740162e+02 2.513466312925551094e+01 8.865183567371815343e+01
2.221329574250633527e+02 2.517726139975079391e+01 8.856781749198482601e+01
2.221326937525958840e+02 2.521198916376160426e+01 8.850331573961294396e+01
2.221251942542735947e+02 2.524584424190665644e+01 8.848032023371180799e+01
2.221422256289638426e+02 2.523469066319459131e+01 8.848785239941945235e+01
2.221274389703240217e+02 2.525921220266845779e+01 8.846393987334387532e+01
2.221337892766974278e+02 2.529257376995627382e+01 8.846519873437215153e+01
2.221310802170981162e+02 2.528784166584998161e+01 8.849758611356116944e+01
2.221361156612112211e+02 2.528940036680807069e+01 8.849020561785692962e+01
2.221339491135471746e+02 2.528742982345611523e+01 8.846649026278578276e+01
2.221021964149877874e+02 2.528036316798969452e+01 8.844680349634359118e+01
2.221098662503908372e+02 2.524426570717889007e+01 8.839350199037711775e+01
2.221060406662279831e+02 2.524231966436595087e+01 8.840839948478866006e+01
2.221209486608705390e+02 2.524538806520410006e+01 8.841116221223533955e+01
2.221451376930292554e+02 2.526284761598088480e+01 8.844651882341410953e+01
2.221461667156677322e+02 2.527695992645171685e+01 8.845151109991086003e+01
2.221653669714067121e+02 2.529621968349970373e+01 8.848336763408795491e+01
2.221670388415211903e+02 2.528580812111199805e+01 8.851903575211987629e+01
2.221371061830026861e+02 2.528433342200195000e+01 8.853179003271405634e+01
2.221526103574278750e+02 2.528604379296344362e+01 8.854138607716036802e+01
2.221629775855068942e+02 2.530402602190581618e+01 8.861709974286101499e+01
2.221856359173235091e+02 2.529587434256886880e+01 8.864470951694271150e+01
2.221868481106584454e+02 2.526304128690831163e+01 8.869704616834903277e+01
2.222000585679551534e+02 2.525165903649880406e+01 8.870646487556059867e+01
2.222075627330467853e+02 2.528797350208371242e+01 8.869937605293982585e+01
2.221935565915783570e+02 2.523856291505079952e+01 8.865891166272324142e+01
2.222093466056253135e+02 2.526513899972465893e+01 8.860507347828318814e+01
2.222152255682958355e+02 2.524800262272436768e+01 8.862801648302929891e+01
2.222473119408626872e+02 2.525901969843336659e+01 8.864392083292499080e+01
2.222703447809185207e+02 2.526858307549432681e+01 8.867909194002268691e+01
2.222816523630186509e+02 2.528776816423294704e+01 8.863727302000644670e+01
2.222844104236959879e+02 2.532429730120729161e+01 8.863017253046233179e+01
2.222674980516237895e+02 2.537445573802623500e+01 8.863850738049571021e+01
2.222852224415603928e+02 2.540462406839617060e+01 8.866623265711845647e+01
2.222473831090950682e+02 2.539641172105786282e+01 8.862081215786747634e+01
2.222133985281009529e+02 2.538169273057340547e+01 8.855026343912899733e+01
2.221628480826578311e+02 2.529464698223360841e+01 8.850974421437271644e+01
2.220424629341845559e+02 2.519930838478446589e+01 8.840397538745853012e+01
2.219367512751947231e+02 2.513264708490253341e+01 8.833572388592548918e+01
2.218965108899062386e+02 2.509782715219734683e+01 8.827579206742548479e+01
2.218980847578646660e+02 2.508646706894218426e+01 8.830010476897157901e+01
2.218983169296391225e+02 2.506422757967342108e+01 8.832011470919026408e+01
2.219069247856786262e+02 2.506446791829420206e+01 8.834976736154861499e+01
2.219018695077958512e+02 2.506686780442502993e+01 8.836060943340753226e+01
2.218959088766619629e+02 2.505657407796304881e+01 8.836787675995537938e+01
2.219181740331620745e+02 2.508192746907098680e+01 8.840196050979788822e+01
2.219439684339722021e+02 2.508281415524474767e+01 8.837365772046985057e+01
2.219121072330258073e+02 2.510888156206103261e+01 8.833740975634796655e+01
2.218747299107247102e+02 2.510479230543072049e+01 8.828383874445238177e+01
2.218818829014238361e+02 2.508435768920249487e+01 8.821315002263382610e+01
2.218638691717884512e+02 2.507535199107713808e+01 8.820782757220658254e+01
2.218596784129250921e+02 2.499548373397547962e+01 8.820405215581409664e+01
2.218760611066776676e+02 2.498013239624605220e+01 8.822081752465220461e+01
2.219279217476117765e+02 2.497500011666923214e+01 8.824544756651313548e+01
2.219323831790966040e+02 2.495935943924099831e+01 8.826066123454715751e+01
2.219381723064574032e+02 2.493828197553679615e+01 8.825474377102962364e+01
2.219321790079381742e+02 2.500015283669574018e+01 8.825694298607902510e+01
2.219150624647075460e+02 2.503655247082102520e+01 8.829309528142952956e+01
2.218837239419267178e+02 2.504181425324690480e+01 8.822335158040144165e+01
2.218925476360479934e+02 2.509914901461165471e+01 8.824531456358707260e+01
2.218657965475240417e+02 2.514298164559620474e+01 8.819516429361445375e+01
2.218397186404767467e+02 2.521173715821748118e+01 8.812593977067496098e+01
2.218048718738479010e+02 2.520363097988155587e+01 8.804253060233992301e+01
2.217895707038888133e+02 2.524155431419491080e+01 8.800394458678090359e+01
2.218036806809749919e+02 2.524623741722317760e+01 8.802146830563606272e+01
2.217867578086717799e+02 2.519302341318175564e+01 8.803029666652666663e+01
2.218158166146321832e+02 2.515767496884931376e+01 8.808341500179670902e+01
2.217983267298547219e+02 2.511815209934618665e+01 8.809427107396362544e+01
2.218121181999337352e+02 2.511255197614347523e+01 8.806736364866694089e+01
2.218315681278321563e+02 2.512116099887530751e+01 8.810450996588591011e+01
2.218568258501686898e+02 2.511023025839901734e+01 8.816604715303736839e+01
2.218507858839561209e+02 2.512306387407189590e+01 8.816982373612219703e+01
2.218037518492073445e+02 2.508257031654696334e+01 8.812393772662998970e+01
2.217412299737260923e+02 2.502177514571987160e+01 8.800935570582552714e+01
2.216129346512289828e+02 2.495623853724782037e+01 8.790678828267554934e+01
2.214876762288770351e+02 2.490342004190758729e+01 8.779032438713652198e+01
2.214600559545643250e+02 2.493255818294669268e+01 8.770655121079330740e+01
2.214557531932369159e+02 2.493719111820460199e+01 8.771435404912242007e+01
2.214352369085453347e+02 2.492569336525403401e+01 8.771387687195785077e+01
2.214386576504683148e+02 2.492737806898418285e+01 8.770030357334528048e+01
2.214566095454100036e+02 2.491624782411879835e+01 8.772997139270397327e+01
2.214403575211987913e+02 2.495895926377047047e+01 8.775939770674955298e+01
2.214292202761794215e+02 2.496277434770231451e+01 8.775719265823848048e+01
2.214018706744881797e+02 2.498257895007023421e+01 8.776799156248104339e+01
2.214042227262333142e+02 2.498661220546852135e+01 8.778732365445372920e+01
2.213773689687839692e+02 2.494581530793677615e+01 8.779168125032083481e+01
2.213267076875691259e+02 2.494796318852348094e+01 8.773354263793802943e+01
2.213029059972652703e+02 2.493890032247375999e+01 8.773291495746239832e+01
2.212952898297095885e+02 2.493577358701891455e+01 8.771216883438101775e+01
2.213072834269020461e+02 2.493431405490920838e+01 8.775939187328788194e+01
2.213111463452195835e+02 2.498049173748488982e+01 8.768808480453236598e+01
2.213107006687480407e+02 2.500538545181327166e+01 8.762495158226813885e+01
2.212979137207685199e+02 2.496872214522052857e+01 8.757945758140012060e+01
2.213028138285708906e+02 2.500935103905619172e+01 8.758269165254968414e+01
2.212903710548298761e+02 2.503259271703977618e+01 8.760276226076973671e+01
2.213172423126642059e+02 2.503806567077809220e+01 8.760599283184230046e+01
2.213297982555616272e+02 2.501553450842585136e+01 8.764836009725547683e+01
2.213424545339997564e+02 2.497176371213500090e+01 8.767809325138486543e+01
2.213543057947274804e+02 2.496114681189652984e+01 8.765261852427420308e+01
2.213528660963874586e+02 2.494890470923693826e+01 8.767922027617940728e+01
2.213534937768631039e+02 2.493064130744209805e+01 8.772494761551421050e+01
2.213685254408930234e+02 2.497206821883414918e+01 8.775376841623848634e+01
2.213593272385325861e+02 2.497457427396735952e+01 8.778586062226702325e+01
2.213243031346689520e+02 2.496971616708900754e+01 8.778465192900910097e+01
2.212525107219025529e+02 2.490498457632734741e+01 8.771742945011456527e+01
2.211597213472029750e+02 2.483921579608084684e+01 8.762488974757444282e+01
2.210707225558962250e+02 2.480877329301244671e+01 8.749085429879457365e+01
2.210284182918690874e+02 2.482508831860967646e+01 8.741429128107485269e+01
2.210221006528810221e+02 2.482695619303624568e+01 8.741738418245201103e+01
2.210188164139611047e+02 2.483581955469686875e+01 8.737727213332026110e+01
2.210306315072265022e+02 2.483146429221442730e+01 8.739059459308104749e+01
2.210415774147031129e+02 2.483179446614492036e+01 8.739373066207456020e+01
2.210219489828776318e+02 2.483425385358478010e+01 8.740699595391099308e+01
2.210642275796734282e+02 2.483739575603996741e+01 8.745074691643216624e+01
2.210543200283739509e+02 2.484736164195612318e+01 8.743064480751910139e+01
2.210574082629817951e+02 2.479115507207825075e+01 8.747106719681165998e+01
2.210262237435890142e+02 2.472913137422356655e+01 8.746783895912376749e+01
2.210275736066193417e+02 2.468713628366490553e+01 8.747149187282120408e+01
2.210359726247310732e+02 2.461377816978640354e+01 8.748559834983036865e+01
2.210164900294473114e+02 2.462206285204941025e+01 8.743814780591839053e+01
2.210354207792571515e+02 2.463728468692977813e+01 8.750465976918158617e+01
2.210589261297081975e+02 2.466147721916548718e+01 8.749048445732472601e+01
2.210646569224522864e+02 2.469279357479197756e+01 8.748187660128522225e+01
2.211111927795744805e+02 2.468732178774599717e+01 8.753296022512495256e+01
2.211291621749011824e+02 2.471329585917557026e+01 8.753114018508406957e+01
2.211096889131560772e+02 2.470324013794970242e+01 8.752917430850145308e+01
2.210915818481339841e+02 2.471110364428017547e+01 8.751355696491989988e+01
2.211052718159799610e+02 2.470917860192924209e+01 8.745259262370439046e+01
2.211229122040684842e+02 2.471524540206551279e+01 8.747164237613228011e+01
2.211153963720535103e+02 2.471238000569345772e+01 8.745503334406690499e+01
2.210970466350259755e+02 2.473803090334654087e+01 8.746920865592376515e+01
2.210538276842090397e+02 2.473768789580037364e+01 8.748364297347875151e+01
2.210549395420032681e+02 2.475512061265347796e+01 8.748092574703309765e+01
2.210407607300693940e+02 2.475776783755909349e+01 8.748083591172338913e+01
2.210258189013491688e+02 2.474397753417241930e+01 8.742511118577941431e+01
2.209336525403558937e+02 2.467151894008334878e+01 8.735282759554043253e+01
2.207805160046854382e+02 2.465303503343740132e+01 8.716838170439748978e+01
2.206732958125078881e+02 2.460228041683583555e+01 8.703422725299957108e+01
2.206263667800691621e+02 2.461226030306000112e+01 8.697472827735543888e+01
2.206293488456745990e+02 2.460998525300890094e+01 8.695508351183725892e+01
2.206147896920398921e+02 2.461098394164671532e+01 8.695988211740657903e+01
2.206268649576957444e+02 2.454744704383496412e+01 8.699079246410087762e+01
2.206636951012922339e+02 2.451836490402788726e+01 8.700959954452331147e+01
2.206606010332227186e+02 2.449135480980581647e+01 8.703147735916856220e+01
2.206657508131845589e+02 2.450975821468072269e+01 8.703591779019139096e+01
2.206859310904839901e+02 2.452148230594406542e+01 8.709010948240860728e+01
2.206940419355892402e+02 2.449281200853085494e+01 8.711580004760104146e+01
2.206735233175129736e+02 2.447894820352714262e+01 8.712386539170528010e+01
2.206103515944017488e+02 2.445912610077421689e+01 8.708048543734628311e+01
2.205863037320154376e+02 2.445506951152925268e+01 8.706514576654019777e+01
2.205884679462948270e+02 2.445070141543114062e+01 8.707510348561001479e+01
2.205846633625939717e+02 2.444258473686421240e+01 8.708746459088766301e+01
2.205876267611220669e+02 2.446118414605121316e+01 8.709700113402494992e+01
2.206054864873693759e+02 2.446043046280351518e+01 8.713687867799758635e+01
2.206045461333482649e+02 2.444643948833541103e+01 8.713245924743677051e+01
2.206227325334490672e+02 2.446234617161577418e+01 8.706373873558551679e+01
2.206328710898306440e+02 2.442289913711434934e+01 8.702651891674949525e+01
2.206677015227668335e+02 2.445781240520624777e+01 8.699144114503852165e+01
2.206850665714645743e+02 2.447175204521166236e+01 8.698026656586445426e+01
2.206864421017262430e+02 2.447962138500380291e+01 8.692833592339032123e+01
2.206800544611981536e+02 2.447728800033600649e+01 8.694347142303797682e+01
2.206283979914224744e+02 2.452724693276585555e+01 8.693797863552998706e+01
2.206089830642940797e+02 2.454791255407619133e+01 8.698098874841913641e+01
2.205876932625851055e+02 2.456224186932112374e+01 8.694644532179708563e+01
2.205629068839514559e+02 2.457497864953029065e+01 8.693551691470545961e+01
2.205700365408038977e+02 2.460156173435815674e+01 8.695506017799058895e+01
2.205756051633135826e+02 2.455653324373136215e+01 8.694456344706250661e+01
2.205987441723717950e+02 2.449550240105282484e+01 8.697789234696496408e+01
2.206262687779131113e+02 2.446486972713399766e+01 8.700064284747597299e+01
2.206674460171457213e+02 2.446931132484914784e+01 8.703597495811574447e+01
2.206606407007620874e+02 2.445979228209687406e+01 8.704106757015321705e+01
2.206748965143899852e+02 2.445704122157354021e+01 8.704500749016477812e+01
2.206738954923675067e+02 2.444511762592110315e+01 8.701155375418258586e+01
2.206798257895007112e+02 2.443601625902436680e+01 8.704257727003327716e+01
2.206833118661944013e+02 2.444403493543524775e+01 8.704338228774366826e+01
2.206873276212076576e+02 2.440354371129498290e+01 8.702079979092873430e+01
2.206015699012044990e+02 2.439424517339381637e+01 8.695784390589926716e+01
2.204422253956253712e+02 2.433205813861238198e+01 8.680286749641825850e+01
2.202195283296232446e+02 2.424158464819559455e+01 8.658348150325973336e+01
2.202132783587905465e+02 2.422928887768864215e+01 8.660824921481605543e+01
2.202037348154992742e+02 2.420736206196536244e+01 8.655155263415795730e+01
2.201889003224737564e+02 2.423092341364843350e+01 8.656301305295383486e+01
2.201874874580574044e+02 2.425827884880133922e+01 8.651897391742618026e+01
2.201903516877371203e+02 2.425089018625076420e+01 8.653669947405509788e+01
2.201753795250162113e+02 2.426043722961905047e+01 8.650070818224668301e+01
2.201934982569616466e+02 2.426949309551476830e+01 8.654922391625949274e+01
2.201865517708056359e+02 2.431749548490066815e+01 8.648528450959254599e+01
2.201663574931981771e+02 2.434711780325833885e+01 8.644128270821957472e+01
2.201579596417787741e+02 2.434196452321950943e+01 8.639660072521596135e+01
2.201428813100554862e+02 2.434084683196363486e+01 8.636633672607463552e+01
2.201163938939990032e+02 2.432669368726111969e+01 8.636956263037787096e+01
2.201061130011526927e+02 2.428189503502410318e+01 8.638608066044119482e+01
2.200975226454982021e+02 2.421989350432376042e+01 8.645776340412822947e+01
2.201189676172875807e+02 2.422630681208319814e+01 8.648776956426374340e+01
2.201180260965741127e+02 2.419575697332007991e+01 8.650658131145551977e+01
2.201089445634470678e+02 2.416851704070822748e+01 8.651373313546231714e+01
2.201209568277168671e+02 2.420622220355514642e+01 8.652666708667590001e+01
2.201070393548658046e+02 2.425445443133082435e+01 8.650136152995365535e+01
2.201113479496548848e+02 2.426649469621665034e+01 8.650289806375739943e+01
2.201027715943084218e+02 2.428035733452802702e+01 8.647179054605868487e+01
2.201074966982606895e+02 2.424878547328041378e+01 8.647384859133568114e+01
2.201039242863342906e+02 2.423786639972746215e+01 8.647282190208184716e+01
2.200781963869871731e+02 2.422725766633532629e+01 8.651561734358155320e+01
2.201039464534886463e+02 2.422184188052137088e+01 8.651404697570012559e+01
2.200948952543622568e+02 2.419318325003149894e+01 8.653237804565033287e+01
2.200564165744979732e+02 2.420375231588428377e+01 8.649467404949575666e+01
2.200512492941511482e+02 2.421003262071765505e+01 8.646898698438032227e+01
2.200493114181845442e+02 2.423298962577176852e+01 8.647343324886480787e+01
2.200403768882915472e+02 2.426667903360540635e+01 8.644288924356335713e+01
2.200284952935631111e+02 2.427278550128102808e+01 8.644873670554085265e+01
2.200380551705470964e+02 2.427755027277266819e+01 8.645959627778478307e+01
2.200751478199186977e+02 2.421068013496297056e+01 8.649820562719045824e+01
2.201008127178797906e+02 2.414842893210317243e+01 8.658757659335172718e+01
2.201061550020767186e+02 2.413032770054274678e+01 8.660003220070841223e+01
2.201184146051213020e+02 2.412601793906132741e+01 8.662826382180408302e+01
2.200717994129204271e+02 2.410458463419528385e+01 8.656926652386351861e+01
2.199657039121527475e+02 2.411287164984296183e+01 8.634889934245219933e+01
2.198283760576065902e+02 2.410704285494280796e+01 8.614294664482618202e+01
2.196804966375926824e+02 2.411696557324261292e+01 8.599045645670871352e+01
2.196007100489543973e+02 2.409577377368968953e+01 8.588691601215226967e+01
2.195845011923595678e+02 2.410104372296190434e+01 8.588067770824291358e+01
2.195949944232106361e+02 2.409641428778099836e+01 8.587901400497477766e+01
2.195701193759595924e+02 2.410928173753156045e+01 8.587833849011344967e+01
2.195777915447473276e+02 2.410344244240040013e+01 8.589871127164798281e+01
2.195806872751200558e+02 2.412356321839080309e+01 8.590706012198934616e+01
2.195929422113953251e+02 2.411844960589132825e+01 8.592763824137463757e+01
2.196256970986694910e+02 2.405496754261926995e+01 8.590114382516415503e+01
2.196425721365870061e+02 2.402601607235359182e+01 8.586996747261773066e+01
2.196158198813707259e+02 2.399908997997955851e+01 8.587247586113561226e+01
2.196162562243036120e+02 2.398892458967430485e+01 8.586583738175573899e+01
2.195456480042560941e+02 2.402162230902413143e+01 8.582593183716709007e+01
2.195100813884572233e+02 2.404098590168983662e+01 8.578711598321829968e+01
2.194896782729219922e+02 2.407181224653609064e+01 8.581136218330136956e+01
2.194718430472136959e+02 2.408238131238887192e+01 8.583452335951390921e+01
2.194702971798712952e+02 2.407218792146760578e+01 8.579786471969049444e+01
2.194677747910454002e+02 2.410589716307092090e+01 8.579622435026904270e+01
2.194808254114923898e+02 2.404534116417227807e+01 8.587204768504906838e+01
2.195101572234589185e+02 2.401248244128037612e+01 8.588759852716759724e+01
2.195250605513321318e+02 2.395438816320625719e+01 8.594171205099846134e+01
2.195569112520475414e+02 2.398418548541401307e+01 8.597068802180314151e+01
2.195730116062553350e+02 2.400831501626369047e+01 8.596004545433332567e+01
2.195497197605014037e+02 2.399570307213425480e+01 8.590613726835323405e+01
2.195673461482819278e+02 2.401782355878496134e+01 8.588359210569299762e+01
2.195671676443548392e+02 2.401872191188206074e+01 8.582230459070099471e+01
2.195537180151296752e+02 2.403930586472902320e+01 8.583687074448971543e+01
2.195500312673545409e+02 2.400946887498191629e+01 8.591558280948846971e+01
2.195445723139242489e+02 2.400070351547734049e+01 8.593060397328741828e+01
2.195252133880278791e+02 2.400311506853150689e+01 8.594837853099434710e+01
2.195466525263555866e+02 2.399891847620647667e+01 8.595105492320830365e+01
2.194516779369146207e+02 2.394206089200629251e+01 8.585467796958199926e+01
2.193197822018751140e+02 2.392013290959067717e+01 8.571359219902838333e+01
2.191922428960103844e+02 2.388027053261838262e+01 8.550943270751956504e+01
2.191347494644882090e+02 2.388152356018499134e+01 8.544940988701750939e+01
2.191143160149523226e+02 2.390830381601728405e+01 8.540975634797298710e+01
2.191488279408813753e+02 2.391262874449904530e+01 8.543126782122540419e+01
2.191508708191580297e+02 2.392056575244655292e+01 8.545047741050302648e+01
2.191427693075914362e+02 2.389184645395532058e+01 8.554205342517535371e+01
2.191545248995477948e+02 2.390096998800640193e+01 8.556966669933405001e+01
2.192130321867081193e+02 2.390376654953075786e+01 8.567062525375558835e+01
2.192372317190978208e+02 2.393258851694737288e+01 8.568405738259575344e+01
2.192539947545512575e+02 2.388666517330047867e+01 8.564554953542311466e+01
2.192589006958152993e+02 2.386848460666134741e+01 8.561926045706339039e+01
2.192473259411707147e+02 2.381969119987306271e+01 8.562376972293390054e+01
2.192400224471604986e+02 2.380547505378451589e+01 8.559087249919498674e+01
2.192085147539912668e+02 2.379475548462066214e+01 8.558384667796025269e+01
2.192350068368170639e+02 2.379966375926937161e+01 8.557677768910916427e+01
2.192231625762433396e+02 2.380398518767412952e+01 8.559358039210195557e+01
2.192464415883816002e+02 2.382393912666078606e+01 8.557550249438820344e+01
2.192634694629948626e+02 2.384555793560791770e+01 8.556652946364819456e+01
2.192720446516489972e+02 2.387492824842146533e+01 8.555367951428264917e+01
2.192769634265287095e+02 2.386241313975574130e+01 8.556433608206047836e+01
2.192744865387038544e+02 2.390494490878799283e+01 8.564542236595872282e+01
2.192385255808961233e+02 2.391307792104759500e+01 8.567361081943802503e+01
2.192000422342624972e+02 2.394589347632314613e+01 8.566476145808540821e+01
2.191989735440846232e+02 2.394158371484172676e+01 8.569189405500254963e+01
2.192087305920730387e+02 2.396499456321372534e+01 8.564947662181901933e+01
2.192051686803776249e+02 2.396025429226109793e+01 8.562492591503679762e+01
2.192466294258473738e+02 2.395418049197082411e+01 8.560592633037926191e+01
2.192487061382016975e+02 2.395101292228429202e+01 8.560868905782594140e+01
2.192840440823031543e+02 2.393746179082606318e+01 8.566515346670959730e+01
2.192782409546343274e+02 2.396086097227472322e+01 8.564072059585311081e+01
2.191975501794372860e+02 2.390653161036209440e+01 8.556682930357801808e+01
2.190962451173925842e+02 2.382969091986690202e+01 8.552489488102071391e+01
2.190030193997601202e+02 2.377999565990451813e+01 8.539413200423742012e+01
2.189486562037698150e+02 2.377187664795292221e+01 8.533097194804952323e+01
2.189194072269589810e+02 2.377131896901731878e+01 8.531811499852996405e+01
2.189283335900056500e+02 2.378660030520671498e+01 8.532988692417899301e+01
2.189303601345896197e+02 2.376886074826979467e+01 8.535492297497211212e+01
2.189457814738590855e+02 2.377470354347795478e+01 8.537754280594172940e+01
2.189572838935789889e+02 2.377866563064387506e+01 8.535787820665387926e+01
2.189540906566611227e+02 2.382424480005226641e+01 8.536974230099728800e+01
2.189508624189732302e+02 2.390010546898698607e+01 8.538494313541563940e+01
2.189347725649964218e+02 2.392553352840429071e+01 8.538711901661837089e+01
2.189168440039014172e+02 2.393922932971192097e+01 8.536121261334416488e+01
2.189196568991184506e+02 2.393400838151772803e+01 8.536581754798605459e+01
2.189158464819559242e+02 2.389693323253111501e+01 8.533429352112413824e+01
