2.284361563117155356e+02 3.081316647469225600e+01 9.912217739283903484e+01
2.284363748019269451e+02 3.081338496490368328e+01 9.912239588305045856e+01
2.284371363357706741e+02 3.081414649874739453e+01 9.912315741689417337e+01
2.285655216082576544e+02 3.094236419136348459e+01 9.925666129986827002e+01
2.286517064509765191e+02 3.100021318705095652e+01 9.932526510499197059e+01
2.290907052567047799e+02 3.082115621625864321e+01 9.931934465664157585e+01
2.297891283089069816e+02 3.054027962504534344e+01 9.927236607928861645e+01
2.301319808152866813e+02 3.043080011963930076e+01 9.929855626759324139e+01
2.304713470239724131e+02 3.029270263906477823e+01 9.930977245199048298e+01
2.306153140425568040e+02 3.027003374931324231e+01 9.929179155609577379e+01
2.307405768141581746e+02 3.026391390212911148e+01 9.939829598847728676e+01
2.308094648686831363e+02 3.031647670745857681e+01 9.944856570721887579e+01
2.308640916640681269e+02 3.035118271084835584e+01 9.945498465265359300e+01
2.308536720143737000e+02 3.037471601575674995e+01 9.946936894511652838e+01
2.308478449016475906e+02 3.046604492413298715e+01 9.948725120222647433e+01
2.308612746252256613e+02 3.049145130531992010e+01 9.949463956539538856e+01
2.308660018624699717e+02 3.052553259640615479e+01 9.952764325427381209e+01
2.309207633581308983e+02 3.054573021337796490e+01 9.955665048142090257e+01
2.309711635346201035e+02 3.051323562790480537e+01 9.967275257362378227e+01
2.310214290108332875e+02 3.044467424806487799e+01 9.977952004276468756e+01
2.309891730675813619e+02 3.038635221046334678e+01 9.973001185786681333e+01
2.307802805159763011e+02 3.025382729091229095e+01 9.951335335806727755e+01
2.305758670137054764e+02 3.010316238065237471e+01 9.928218647184976930e+01
2.304187555815763915e+02 2.999986105719564478e+01 9.906131620200375210e+01
2.304069465038384408e+02 3.003514616570891604e+01 9.902226372829150591e+01
2.304813806035845118e+02 3.007977226107671243e+01 9.911902837615105000e+01
2.305258794231010029e+02 3.012171495724592063e+01 9.916259171816035689e+01
2.305909661721999839e+02 3.018083459018236425e+01 9.923990967657084639e+01
2.305875371486391145e+02 3.017680312759192063e+01 9.926276948009936518e+01
2.305587685637132438e+02 3.017572128285572930e+01 9.921912022689041066e+01
2.305587982614118800e+02 3.020744266753214191e+01 9.918791643067602593e+01
2.306290290761682229e+02 3.022668677625117439e+01 9.924969400764079808e+01
2.306777460295237461e+02 3.021804262468260660e+01 9.931130824726304240e+01
2.306505164217667243e+02 3.010912949681492279e+01 9.929119760212296342e+01
2.306021622045874437e+02 3.006285411854048562e+01 9.924351794695566298e+01
2.306404584476164530e+02 3.007746220437531903e+01 9.928752251191620815e+01
2.306352199857026903e+02 3.008546043099845946e+01 9.931215569230639062e+01
2.306608639484787489e+02 3.007065400696198765e+01 9.929717320334226827e+01
2.306657046733571406e+02 3.013726594501259015e+01 9.935131210796386370e+01
2.306869798925367547e+02 3.017680949138448554e+01 9.938635433172753153e+01
2.307611170152964348e+02 3.023685505613925528e+01 9.946353758986205662e+01
2.308298703695454321e+02 3.034166565906617663e+01 9.954862892089170145e+01
2.308783836815388497e+02 3.033653644225812940e+01 9.962948090544040269e+01
2.309237755532787446e+02 3.035185515159614411e+01 9.963158413888341158e+01
2.309470988530324576e+02 3.034532165789524072e+01 9.971938326364980298e+01
2.309722400761958170e+02 3.036169993869546602e+01 9.975295226943448768e+01
2.309866784608955470e+02 3.039156627783894038e+01 9.978595171578453460e+01
2.309988428503851026e+02 3.035786045051408877e+01 9.976162187617332222e+01
2.310096103874064681e+02 3.045659681343693492e+01 9.970004369804227906e+01
2.310722078329801548e+02 3.048323458848535239e+01 9.972477233532096363e+01
2.310676481756067346e+02 3.047607426121671637e+01 9.970050613363540037e+01
2.310680331850569758e+02 3.045092137110032127e+01 9.971365054718009446e+01
2.311581179719865986e+02 3.048704968212856059e+01 9.977194606897927542e+01
2.312608423115840139e+02 3.050684744080081856e+01 9.989293873576896488e+01
2.312637357159372584e+02 3.052804099130917947e+01 9.990953974930900472e+01
2.312995479586014085e+02 3.053129607120659728e+01 9.996414215015580851e+01
2.312549430758755022e+02 3.049492381479666747e+01 9.988994138947046508e+01
2.310719310080035314e+02 3.037940825214194618e+01 9.971466557209434711e+01
2.308087107592641019e+02 3.022953987658484820e+01 9.938913318781460760e+01
2.305867586446818791e+02 3.017107359301849456e+01 9.920485896775042534e+01
2.304675149602156807e+02 3.016117047115398719e+01 9.909984472346138773e+01
2.304996775678433210e+02 3.014165696188300458e+01 9.913317826892114226e+01
2.306025567597265251e+02 3.022018616214519326e+01 9.922949002687641951e+01
2.306395091818920378e+02 3.028165191327423500e+01 9.930455096019024097e+01
2.306465273844600290e+02 3.031112793980700815e+01 9.931215251041010106e+01
2.306782519510327347e+02 3.036333967591325589e+01 9.934456436657990253e+01
2.306787483268528831e+02 3.033447563409889725e+01 9.935755923099929987e+01
2.306980263757989178e+02 3.031359178816207134e+01 9.933442684502256270e+01
2.307213645244019631e+02 3.029542740291504188e+01 9.939461771637425613e+01
2.307437979538285617e+02 3.030340017436791555e+01 9.944083051735512413e+01
2.307775451458051066e+02 3.030996760829583891e+01 9.943151816756714823e+01
2.307410509167043244e+02 3.028992590424189046e+01 9.940276443149059560e+01
2.307203601058086520e+02 3.024709545900975272e+01 9.943387064955230414e+01
2.307901528795100603e+02 3.025213876461816298e+01 9.951811347490649950e+01
2.308552778113644592e+02 3.026584213127655687e+01 9.960755021562650313e+01
2.308784388344077456e+02 3.029018894100127923e+01 9.967376653790593366e+01
2.309047541772995089e+02 3.029862202678308236e+01 9.967886711764742813e+01
2.309447569773682289e+02 3.031157234465452177e+01 9.965003913732428487e+01
2.310369799985999748e+02 3.035450991372818663e+01 9.967695479798140923e+01
2.311393299350681048e+02 3.037260535788908911e+01 9.973968800446313310e+01
2.311339111656983221e+02 3.041223799735690392e+01 9.974087909430504340e+01
2.311365468364526521e+02 3.042618637002908244e+01 9.970347590349945222e+01
2.311281742067002369e+02 3.045573133764798612e+01 9.970719660088626313e+01
2.311760225023705004e+02 3.042814535750726179e+01 9.972002706733104560e+01
2.311498726180854817e+02 3.040818320086038540e+01 9.976607440970521168e+01
2.311814879395524542e+02 3.042944463182278270e+01 9.975444563942326681e+01
2.311876427875957063e+02 3.046165921042304348e+01 9.979956386808282787e+01
2.312222777286351629e+02 3.044258586347119433e+01 9.981974875746949749e+01
2.312780828862769056e+02 3.039609517688161588e+01 9.989535167378350877e+01
2.313247613047471702e+02 3.041883725024765894e+01 9.996891499458017449e+01
2.313694542199369266e+02 3.041491503276292363e+01 1.000599596535551257e+02
2.313686279875354614e+02 3.044393498749514748e+01 1.000632041271315984e+02
2.313701690859684845e+02 3.049850556937912671e+01 1.000339338632251298e+02
2.313907909557780158e+02 3.052762734479240336e+01 1.000346243347185151e+02
2.314206042633167613e+02 3.057206889017578888e+01 1.000412320726660198e+02
2.313955065260692834e+02 3.058304749298391911e+01 9.997388405594197991e+01
2.313841810965663228e+02 3.054100403676575226e+01 9.994110416043545797e+01
2.313341224436115056e+02 3.052032065029474950e+01 9.994841085493310118e+01
2.311903293686905556e+02 3.041850315113795133e+01 9.976797930494657862e+01
2.308777536660748240e+02 3.026457255465967577e+01 9.942965994013792397e+01
2.306497591304513719e+02 3.012895907445000887e+01 9.919341580808499259e+01
2.305626812355091033e+02 3.003647407709098260e+01 9.905776096322364310e+01
2.305074382128773323e+02 3.002186599125614919e+01 9.906645072197227364e+01
2.305899935725695116e+02 2.998627117817134291e+01 9.915156644754007687e+01
2.306308926067579250e+02 3.003368461468296502e+01 9.920885012632128053e+01
2.306585581343057072e+02 3.007163403101712618e+01 9.925208149048506812e+01
2.307066535572539863e+02 3.004951348805834499e+01 9.925331818750701984e+01
2.307337389190462034e+02 3.006007208055712709e+01 9.933232573284374212e+01
2.307790151818877860e+02 3.012923589942662161e+01 9.935306957534412220e+01
2.307851562417138211e+02 3.015665960285691938e+01 9.934818642518195020e+01
2.308189861629936956e+02 3.015084946024432710e+01 9.933632855836764008e+01
2.307921712623855228e+02 3.011504039947647371e+01 9.929647636805630384e+01
2.307663862355409208e+02 3.009588008069288989e+01 9.926700458405191796e+01
2.307516699652324803e+02 3.013139534637062411e+01 9.921881900737562887e+01
2.307583116434070121e+02 3.017440185653041951e+01 9.923248631254281804e+01
2.308033948712074448e+02 3.021107427182303695e+01 9.928605247583350035e+01
2.308225170072356320e+02 3.022977427627769131e+01 9.930251666783335907e+01
2.308554644826130584e+02 3.024136274254004420e+01 9.936916254611098509e+01
2.309087951855788106e+02 3.030434095503556335e+01 9.940849078416773921e+01
2.309011268155369976e+02 3.032554299060067748e+01 9.943683723752006642e+01
2.309180767770360490e+02 3.034210476075321949e+01 9.945919218017169783e+01
2.309365752613927896e+02 3.037615635414081439e+01 9.948461659210423136e+01
2.309604394835145911e+02 3.042578332983324785e+01 9.944306526917782207e+01
2.309983443533007801e+02 3.039742627015996490e+01 9.937991735554720663e+01
2.309653459675828344e+02 3.039617260302449964e+01 9.934606834288962318e+01
2.309837818746460130e+02 3.039697656215198052e+01 9.936728310603987779e+01
2.309845264383762071e+02 3.044145310839448015e+01 9.935205667169405785e+01
2.310137267005644617e+02 3.041911089332798923e+01 9.937996296272726227e+01
2.310352543501825267e+02 3.043226803445781670e+01 9.943649995651408346e+01
2.310656202470424319e+02 3.042398661906549862e+01 9.950877779121245226e+01
2.311584987389084347e+02 3.041481533334606269e+01 9.960480848166272949e+01
2.312136060006321259e+02 3.046209513021380388e+01 9.969437992265871173e+01
2.312895154396213968e+02 3.050309704571536429e+01 9.984506816682470287e+01
2.313608461298595387e+02 3.051881455272084054e+01 9.992501755346115999e+01
2.313520747024396655e+02 3.051947214461930713e+01 9.995951991548884052e+01
2.313740955459815893e+02 3.051139861311747481e+01 9.996933712615370382e+01
2.314242125337015921e+02 3.053223579124214737e+01 1.000297189112823730e+02
2.314765929103108419e+02 3.061839942131912906e+01 1.000542852718506168e+02
2.315180466550845608e+02 3.066699122008752454e+01 1.000548219516903288e+02
2.314362517686040235e+02 3.060713656910972702e+01 9.989168294736931841e+01
2.311769431310283665e+02 3.042854627643890808e+01 9.959660343178120456e+01
2.309304554142086658e+02 3.022336805842810037e+01 9.928150978857360087e+01
2.307521164913441680e+02 3.017523021019606944e+01 9.910395149093054101e+01
2.306826482710636128e+02 3.015944694400074511e+01 9.909030009524475702e+01
2.306686458061546432e+02 3.017882681362785036e+01 9.911270064507644406e+01
2.306783081645337461e+02 3.021717290636527764e+01 9.915160463029546634e+01
2.307337017969229009e+02 3.022936487228928826e+01 9.921211687317173755e+01
2.308071823884162086e+02 3.030201180695647523e+01 9.926949282694513954e+01
2.308417664191151459e+02 3.027343095391129424e+01 9.927792803399113097e+01
2.308424091621642731e+02 3.025754268513863465e+01 9.931017124965794096e+01
2.308730762785389459e+02 3.029296355455997514e+01 9.931687232322974523e+01
2.308696843771013789e+02 3.029755821279249517e+01 9.931335314594085162e+01
2.308070996591128505e+02 3.031366603240867263e+01 9.921648455613608064e+01
2.307401674101697608e+02 3.032547298888245280e+01 9.914272395776987423e+01
2.307062441532655725e+02 3.030838832710742281e+01 9.908420040007042928e+01
2.307372305199006348e+02 3.026434557939149528e+01 9.910093611388643353e+01
2.307410307646945284e+02 3.033304165950740128e+01 9.910463665926344845e+01
2.307754747919570093e+02 3.032455342085669514e+01 9.911087635787423267e+01
2.308287736759599227e+02 3.030214650723245029e+01 9.925077160984859859e+01
2.308412965590973727e+02 3.026522272213348330e+01 9.932400931659230991e+01
2.308362129494693704e+02 3.025308378781418739e+01 9.930639752066642245e+01
2.308507807312846296e+02 3.024072424201927234e+01 9.933343197211810605e+01
2.308944883192587554e+02 3.026294342376282742e+01 9.938957016823746926e+01
2.308984709927728431e+02 3.032143834439572672e+01 9.937458237611286904e+01
2.309242135943336791e+02 3.035539448089483372e+01 9.939444695460706214e+01
2.309262128858314327e+02 3.034307948164788371e+01 9.941980348608556994e+01
2.309257165100113127e+02 3.034186823979618808e+01 9.939512257725114353e+01
2.309563549893194363e+02 3.033574945324415495e+01 9.944665550881703098e+01
2.309697327419248722e+02 3.038599477744756783e+01 9.936984771444390674e+01
2.309950023015716454e+02 3.039920495018211000e+01 9.933446820967424173e+01
2.310382973036610963e+02 3.043039177628299186e+01 9.936875208149048433e+01
2.310552515076885243e+02 3.043143862016006906e+01 9.943004282832396257e+01
2.310624510783446510e+02 3.045522011297853027e+01 9.941913953039453133e+01
2.310779373675535737e+02 3.040765818797370557e+01 9.941534989192159344e+01
2.309290808350144459e+02 3.031199447622805110e+01 9.930724284444558236e+01
2.307193567478474563e+02 3.020855420996697305e+01 9.906286578549352839e+01
2.305196397244902187e+02 3.008567786057778903e+01 9.885060148446068240e+01
2.304239887403296905e+02 3.002349194025671508e+01 9.874872883243497768e+01
2.304213032198668998e+02 3.001670813738155275e+01 9.873962648780167228e+01
2.304316189276161140e+02 3.003318823886283440e+01 9.877113150353083881e+01
2.304699194131734714e+02 3.003593633661917295e+01 9.880833953803109182e+01
2.305706932503494784e+02 3.006035314806212000e+01 9.887977629147866310e+01
2.305911390552313662e+02 3.010678019672604222e+01 9.889886872980821408e+01
2.306185818500393623e+02 3.006833652583593874e+01 9.899178858632591016e+01
2.306572355260841221e+02 3.001006115604655733e+01 9.904104646204952189e+01
2.306785277153772427e+02 3.000906946503838313e+01 9.908245672090738765e+01
2.306856806182212267e+02 3.001524022256304036e+01 9.909071480239363439e+01
2.306638103844367151e+02 2.998878593686693605e+01 9.905773550805338346e+01
2.306243188090374474e+02 2.998510342223551461e+01 9.895699455047230231e+01
2.306309647297403274e+02 2.998258123911526241e+01 9.893872622328002819e+01
2.306568356677845770e+02 3.002770689219947542e+01 9.890867003099167221e+01
2.306859341092917646e+02 3.003009437504375256e+01 9.893976882462872879e+01
2.306969074089394383e+02 3.000249036415742410e+01 9.900700441435077437e+01
2.306892061593026995e+02 3.006828879739169480e+01 9.896194345982431173e+01
2.306706822197756992e+02 3.010060095414463177e+01 9.897282024195139627e+01
2.307349342514164618e+02 3.011726242371403828e+01 9.896945273505198770e+01
2.307110604836058201e+02 3.013744519183652670e+01 9.899487078319195632e+01
2.307559570401576536e+02 3.018430603902701748e+01 9.902381755430967303e+01
2.307738403578997008e+02 3.021933977773393920e+01 9.901850696941349383e+01
2.307859909591720395e+02 3.026866765517577917e+01 9.902163159156330607e+01
2.308156207773584754e+02 3.026034593576387621e+01 9.903434220658142806e+01
2.308066722243788433e+02 3.025952818841917136e+01 9.904374046756905159e+01
2.308392845400144608e+02 3.026893175256725854e+01 9.902324693424293400e+01
2.308836465379907850e+02 3.025435654632735094e+01 9.910285373671293030e+01
2.309426388950759019e+02 3.020638415670202903e+01 9.914964882471358010e+01
2.309697910766900577e+02 3.018158657833722458e+01 9.918394118158657591e+01
2.308473867085828601e+02 3.010873494167584141e+01 9.905037472131891718e+01
2.306254589885388100e+02 2.991332726651775431e+01 9.876575303818063389e+01
2.303947195370552947e+02 2.980189831932238320e+01 9.854688418109657277e+01
2.302121306613889544e+02 2.971820490139303317e+01 9.842543862440260227e+01
2.301557612474730377e+02 2.968626184460891437e+01 9.837839216659560293e+01
2.301703300899203839e+02 2.971804686721098321e+01 9.843946124132138209e+01
2.301929883733509712e+02 2.974867049766979221e+01 9.845957400772564938e+01
2.301933394425741994e+02 2.977188879484617701e+01 9.846897226871325870e+01
2.302178400439526058e+02 2.978442334493664845e+01 9.850436131917177818e+01
2.301882356809364012e+02 2.980283591809374855e+01 9.846786496880680772e+01
2.301950131200190128e+02 2.979282779365190592e+01 9.848701149937316757e+01
2.302045291111690801e+02 2.978784494407286942e+01 9.848266290778651921e+01
2.301816290036209978e+02 2.975644917344940765e+01 9.843678738781163418e+01
2.301523979831020199e+02 2.970051143679587113e+01 9.842573135886063085e+01
2.301363378919300828e+02 2.969034846006826101e+01 9.836901511824987665e+01
2.301384718837038008e+02 2.965666490601739014e+01 9.837636529866338719e+01
2.301511506797590982e+02 2.967835483234588523e+01 9.835388838332092121e+01
2.301735162287316712e+02 2.972177604965455089e+01 9.837688182649331736e+01
2.301776229962008244e+02 2.979501269576616806e+01 9.834890023058142106e+01
2.301888020584747778e+02 2.980104132859018762e+01 9.835905260098807901e+01
2.302253981082565986e+02 2.981409346714267983e+01 9.835164726770565835e+01
2.302641239072837891e+02 2.982567344834827594e+01 9.841582823699611993e+01
2.302716406069361028e+02 2.979403373234312724e+01 9.846159769376157556e+01
2.303135292108684951e+02 2.980017691343332942e+01 9.848603465721431860e+01
2.303448040694332235e+02 2.979395630620024349e+01 9.848760969587435454e+01
2.303787718728853520e+02 2.979547725262347413e+01 9.848970338362850896e+01
2.303484049153933881e+02 2.981155113201263518e+01 9.849598550752305925e+01
2.303368132672347315e+02 2.982076272175165599e+01 9.849901361215229656e+01
2.303559947986602197e+02 2.982239927707316340e+01 9.851494536684081993e+01
2.303819707392817691e+02 2.981782264958624751e+01 9.858144169599314921e+01
2.303614050829732491e+02 2.983892922826287730e+01 9.856386702219054996e+01
2.303247400921052872e+02 2.983333015143704969e+01 9.851243803256988940e+01
2.301758421949144804e+02 2.977663088093980548e+01 9.830142103487995087e+01
2.299592770307392300e+02 2.961260094565957601e+01 9.797932297732155860e+01
2.296652729960947568e+02 2.951058404766904886e+01 9.771685365610488816e+01
2.296084559954350368e+02 2.943693905820112633e+01 9.764301138906742494e+01
2.296052857661051689e+02 2.944782432538495698e+01 9.760631882176501506e+01
2.296185913957282025e+02 2.948644300057062040e+01 9.762683250710092864e+01
2.296975554551490575e+02 2.952675126268250949e+01 9.768063413071654111e+01
2.296956144984164894e+02 2.956496371577605231e+01 9.770156676572970866e+01
2.297419238169179323e+02 2.957830222499400818e+01 9.777674861110227766e+01
2.298255642032425783e+02 2.960031140158288565e+01 9.789200644015807029e+01
2.298461234957585191e+02 2.961539783249225266e+01 9.795006119847184323e+01
2.298427252305283730e+02 2.959790376672881962e+01 9.795866292475663784e+01
2.298349762524474045e+02 2.956759514400201994e+01 9.795292490512646566e+01
2.297582734606516226e+02 2.951759270454820339e+01 9.786523184356948946e+01
2.296728003020680262e+02 2.947534666760002153e+01 9.773749249602792588e+01
2.296468795143153443e+02 2.949227753772138172e+01 9.763884416556891210e+01
2.296590661770788984e+02 2.951108254475337134e+01 9.762597445573663890e+01
2.297172895758956486e+02 2.951987412418304757e+01 9.764607661581996467e+01
2.297386072203590572e+02 2.956697785612313467e+01 9.765442485103422143e+01
2.297694694930390824e+02 2.959568704565172581e+01 9.774320824238412797e+01
2.297990759773194327e+02 2.954379668107004875e+01 9.780501339578334807e+01
2.298763822687768936e+02 2.955061760606851351e+01 9.792048335125801373e+01
2.299348655224567608e+02 2.957195964507007702e+01 9.798697013472148853e+01
2.300214618904282133e+02 2.956434006410460213e+01 9.804975531217584717e+01
2.300373353103515512e+02 2.959657691597884721e+01 9.810523273450044712e+01
2.300729608817671021e+02 2.960577577813273464e+01 9.811888837271460773e+01
2.300886455091776384e+02 2.964018692580030034e+01 9.814710542895143419e+01
2.301295371189414141e+02 2.967681055201657969e+01 9.819778667294561103e+01
2.301474957415621532e+02 2.964579766957916362e+01 9.816838595129152623e+01
2.301604969697741012e+02 2.967417169936595300e+01 9.819223744582821212e+01
2.302018637427161138e+02 2.967508384296705515e+01 9.823572760422301542e+01
2.302562985636920132e+02 2.967026963389101368e+01 9.828099644263996026e+01
2.302736664142362315e+02 2.968834386541002957e+01 9.830265561063771429e+01
2.301912531792447112e+02 2.962321044849888807e+01 9.824559784649260052e+01
2.299181054141025982e+02 2.948187379750836357e+01 9.792428889921237101e+01
2.296162972485082321e+02 2.936568049094538324e+01 9.764896895954112210e+01
2.294307852707899826e+02 2.925476913221203290e+01 9.745851443626344235e+01
2.293680955502240977e+02 2.923060793310381200e+01 9.738735662905665436e+01
2.293548302246206561e+02 2.923323299753721116e+01 9.736254950500300254e+01
2.293509090677680149e+02 2.928685961685726369e+01 9.736944255298386963e+01
2.293924306929957879e+02 2.919435977064891574e+01 9.744172250894642673e+01
2.294429411752227850e+02 2.915811479009030194e+01 9.747255190203154029e+01
2.294946363834991132e+02 2.913674517465428693e+01 9.751998336928876654e+01
2.295413169232335804e+02 2.914756150075198704e+01 9.758519527297488594e+01
2.295173402741097561e+02 2.914512204693509290e+01 9.762692690335732948e+01
2.294410150673395208e+02 2.924386053112212736e+01 9.756192288356169229e+01
2.293839371511846252e+02 2.929744260389421839e+01 9.749861693574902688e+01
2.293445495177305986e+02 2.930553946930212561e+01 9.743236349134630814e+01
2.293522306153575414e+02 2.927022890561859114e+01 9.736045475661674686e+01
2.293608790094544645e+02 2.929393191166207444e+01 9.737667182133864685e+01
2.294204398653421606e+02 2.926936555109383065e+01 9.745096909954456521e+01
2.294730620660689056e+02 2.926731216735926111e+01 9.747029169503856849e+01
2.294964977928246128e+02 2.928521351584690535e+01 9.749795085879379997e+01
2.295167378350801926e+02 2.929071713578424152e+01 9.753134061775455166e+01
2.295523177993156878e+02 2.932126334010016677e+01 9.753838533612491801e+01
2.296080752285131723e+02 2.932972506294851556e+01 9.755972737512648507e+01
2.296394169068998394e+02 2.931568865781250821e+01 9.759753466675999789e+01
2.296332694832812535e+02 2.928902648822592170e+01 9.759892409480353592e+01
2.296594427014723578e+02 2.929460435240986271e+01 9.760444044232600902e+01
2.296776802703338944e+02 2.931721172549993071e+01 9.760912949681491568e+01
2.297446496414002866e+02 2.935265911072362854e+01 9.769550207141448084e+01
2.297769151303410808e+02 2.938864105452285358e+01 9.774151547356161984e+01
2.297555391511124867e+02 2.938308546361289331e+01 9.775587855338267218e+01
2.298258007241995813e+02 2.939224402174719941e+01 9.779028864041814018e+01
2.298441401137421849e+02 2.942800323280662411e+01 9.781331602381754919e+01
2.298968047397526959e+02 2.943541917240998984e+01 9.791614642662440815e+01
2.299025279105335642e+02 2.936874783896210772e+01 9.795156517478156388e+01
2.297298273078824025e+02 2.923493425141647251e+01 9.772708239202235347e+01
2.294704592749094729e+02 2.909944804705812516e+01 9.750968357102098594e+01
2.292826319373293700e+02 2.896836876905160452e+01 9.730822286850070668e+01
2.291954087357901813e+02 2.893374443433308585e+01 9.717324364628343858e+01
2.291782964975807033e+02 2.898745908611696365e+01 9.707844434969464942e+01
2.292142816232762073e+02 2.906492553302065929e+01 9.707098386354331865e+01
2.292534083412350299e+02 2.909991578581171368e+01 9.710190765288481884e+01
2.293269780258242747e+02 2.910511500433798560e+01 9.712997622062844982e+01
2.293753948202971173e+02 2.914794014640965258e+01 9.720200692804884568e+01
2.293963656380656744e+02 2.919454856316170321e+01 9.721425935000222296e+01
2.294163479467223397e+02 2.914293608418873305e+01 9.720175237634620657e+01
2.294176132808108264e+02 2.918963465466879725e+01 9.723224660968951127e+01
2.293894301648010128e+02 2.915969088938243559e+01 9.722586160448180692e+01
2.293477048982111342e+02 2.913210809113799371e+01 9.725051069435340878e+01
2.293341722933199378e+02 2.912504534202203033e+01 9.725701130845938280e+01
2.293505760292904085e+02 2.915709128011929963e+01 9.728132311732500170e+01
2.293671484057638850e+02 2.918278933513216700e+01 9.731996512641673291e+01
2.294638313849521865e+02 2.917550067138011727e+01 9.738414821697138279e+01
2.295508403388083138e+02 2.920928286421575848e+01 9.744554926954268126e+01
2.295954006749862515e+02 2.920212890073968381e+01 9.750806398581298140e+01
2.296829176716155700e+02 2.920782873761447007e+01 9.756124832154971216e+01
2.297238538279272859e+02 2.921029788913000758e+01 9.761033649613824537e+01
2.297518322419429069e+02 2.924741258800594679e+01 9.763531120006278741e+01
2.297446644902496189e+02 2.934790747894114915e+01 9.775155223507000812e+01
2.297382699393530459e+02 2.939477575055630254e+01 9.774508980371942357e+01
2.297489833841376026e+02 2.941658340704726271e+01 9.778985590252366933e+01
2.297942660107717927e+02 2.944141280437489527e+01 9.783855588576568607e+01
2.298208242384131381e+02 2.945284429708729235e+01 9.788018357420288851e+01
2.299620717963077254e+02 2.935273229433813214e+01 9.796870711068969229e+01
2.300568350314053134e+02 2.933884649895951924e+01 9.801082905368282638e+01
2.301058839626063559e+02 2.934706957958665186e+01 9.811258715744234848e+01
2.301572291622915714e+02 2.934799657203707213e+01 9.816205291705644242e+01
2.301967239195871286e+02 2.936118341086553940e+01 9.822248455189354388e+01
2.302648366520511445e+02 2.945610468014518091e+01 9.823238343122967819e+01
2.302844668308525229e+02 2.952110021488406133e+01 9.826316933839891021e+01
2.302070152327981418e+02 2.944110522106754857e+01 9.812482897307479845e+01
2.299608011590587466e+02 2.929549634400117242e+01 9.780434731882813537e+01
2.297040910701141456e+02 2.915041354045357025e+01 9.754595294611776524e+01
2.295700367190831059e+02 2.906477492326326839e+01 9.744286693097618013e+01
2.295643899138130450e+02 2.905127944049535671e+01 9.740692210930025396e+01
2.296222134543302502e+02 2.910198826092398150e+01 9.745551390806865300e+01
2.296545712182632428e+02 2.913460269782379441e+01 9.753159304819300246e+01
2.297016738895712251e+02 2.915084309645176219e+01 9.763370434243992690e+01
2.297467666630605265e+02 2.914892653425735602e+01 9.773890525797754947e+01
2.297738064176726880e+02 2.919182485994353371e+01 9.779841944605307447e+01
2.298637777169682010e+02 2.922171135109680051e+01 9.790204320166645857e+01
2.299157062643052711e+02 2.923399983454139317e+01 9.794950860915071189e+01
2.298905830718875336e+02 2.920864754559126908e+01 9.792218990829775294e+01
2.299165441636597791e+02 2.927795667105768374e+01 9.785404959939926073e+01
2.299324981916222725e+02 2.927700634470118857e+01 9.779927431552107464e+01
2.299405727837562097e+02 2.928884405950570269e+01 9.772928850677850221e+01
2.299491289028609629e+02 2.927848910836902263e+01 9.770971666274232348e+01
2.299819872851424520e+02 2.933525838058449153e+01 9.774895792896734292e+01
2.300451139861311844e+02 2.932919580753345912e+01 9.787004393138134617e+01
2.300897697791976100e+02 2.938555461512843081e+01 9.794981513182595734e+01
2.301407161812153674e+02 2.939147082095045249e+01 9.804189072519659476e+01
2.302147217855953443e+02 2.944294435711906743e+01 9.809786982650180676e+01
2.302733917105238106e+02 2.948043133786011083e+01 9.818902266995038985e+01
2.303522762225375971e+02 2.946032069272003184e+01 9.829606272153952773e+01
2.304047075094873662e+02 2.942642289098611386e+01 9.831949844829524920e+01
2.304674067757420630e+02 2.942447026730049942e+01 9.834879840990036826e+01
2.304631006094392092e+02 2.940365005928933329e+01 9.833097554818769481e+01
2.304374078575868054e+02 2.951190665589064466e+01 9.827531569714287230e+01
2.304266583513110334e+02 2.956134589970238835e+01 9.825688933576854822e+01
2.304561375597401138e+02 2.964395641226345290e+01 9.826675957803813333e+01
2.304514622934684098e+02 2.967417382063014131e+01 9.827974171487240085e+01
2.303313001016085479e+02 2.957650763549044726e+01 9.812398046739934898e+01
2.300962693326715112e+02 2.940092529543906963e+01 9.788924243292032656e+01
2.299292568999420894e+02 2.923542532407613592e+01 9.777792167019856606e+01
2.299054966197655290e+02 2.915887314203772718e+01 9.779346417290848592e+01
2.299470458214277357e+02 2.917439018957738028e+01 9.788295818776157375e+01
2.300206059603281119e+02 2.919515842661592586e+01 9.798066467692085268e+01
2.300961091772252587e+02 2.924692257597838108e+01 9.802806750711154393e+01
2.301509862817844976e+02 2.930408640333293135e+01 9.807020217768982207e+01
2.302660903191866169e+02 2.938012311817350763e+01 9.812732145849641086e+01
2.303298979459798943e+02 2.945795654378183315e+01 9.821072320259982291e+01
2.303874828442758655e+02 2.946112253058332797e+01 9.823387574058635607e+01
2.303909627781772826e+02 2.943884607470668158e+01 9.824686105931691316e+01
2.303558176731004608e+02 2.945040908579877126e+01 9.822338290727742560e+01
2.303281362360712592e+02 2.947908751699662844e+01 9.818135323927647562e+01
2.303110696050418085e+02 2.952017322243364106e+01 9.818394436348286547e+01
2.303524713788429494e+02 2.956376201961320760e+01 9.821899507230328652e+01
2.304030804998546955e+02 2.958689864811833203e+01 9.829057288981941554e+01
2.304714446021250751e+02 2.958500648046209491e+01 9.839852190311337665e+01
2.305137054879225786e+02 2.964441142343190805e+01 9.849728690310277557e+01
2.306013327902896890e+02 2.964861152652534670e+01 9.861318005078305760e+01
2.306409823998710351e+02 2.967244074778805185e+01 9.863546287045227245e+01
2.306308173018792331e+02 2.967854998865123761e+01 9.864342821748049062e+01
2.306562491382364328e+02 2.965687066864368404e+01 9.864320760600487858e+01
2.307227094058975467e+02 2.967838771194080749e+01 9.866137305188399864e+01
2.308021709017706087e+02 2.975269029330720016e+01 9.871458814595146691e+01
2.308352117127723488e+02 2.979997539333541212e+01 9.873558654015447189e+01
2.308647206189000372e+02 2.975250998585116946e+01 9.877540691150298358e+01
2.308361684029214018e+02 2.976386935558115354e+01 9.873343982079559567e+01
2.307698598056497872e+02 2.970259027570070742e+01 9.864637889596683351e+01
2.305711917474338009e+02 2.956139787067500890e+01 9.842223869737408393e+01
2.303649783524989516e+02 2.943601312638280021e+01 9.818994223797614040e+01
2.301854907650763664e+02 2.934236461561632225e+01 9.801895031362890620e+01
2.301784725625083468e+02 2.934245052681596277e+01 9.795390917170996659e+01
2.302244244479940392e+02 2.937936158432979639e+01 9.798747711686256423e+01
2.303163229158049035e+02 2.942656925821512459e+01 9.810329071713577775e+01
2.303791611248639697e+02 2.949080962290286578e+01 9.816381462696509175e+01
2.304221623318632908e+02 2.953137986114204594e+01 9.824207124477904074e+01
2.305198104862573985e+02 2.951279122305729175e+01 9.834996298393990344e+01
2.305603616331188732e+02 2.946916424312233218e+01 9.844012413638031944e+01
2.305872497173415354e+02 2.946142905325858052e+01 9.851110269676316022e+01
2.305953974930899903e+02 2.943960972981458113e+01 9.854671660122566834e+01
2.305923662065644635e+02 2.942744003716454770e+01 9.852786492638152538e+01
2.305749368393587702e+02 2.949763797232598606e+01 9.847261766122137772e+01
2.305693207924194610e+02 2.950994872904456301e+01 9.845885808106199022e+01
2.305768268857508190e+02 2.955392571757064246e+01 9.843296486974377046e+01
2.306288699813540859e+02 2.960799249920982845e+01 9.852338163451891262e+01
2.306942727988171953e+02 2.965681551577478103e+01 9.858248853987022642e+01
2.307688872060192864e+02 2.974971522028268112e+01 9.859043585615283689e+01
2.307981320147555095e+02 2.980165543457278687e+01 9.868318282963915067e+01
2.308563288977699131e+02 2.985636708052530963e+01 9.870240784698049197e+01
2.309271356357534728e+02 2.989258872717784854e+01 9.880014403383840715e+01
2.310095849322362085e+02 2.991786571124927718e+01 9.887589013548515027e+01
2.310564341124736814e+02 2.990952171856339348e+01 9.890509676146596973e+01
2.310688244165993126e+02 2.988574658953750074e+01 9.891284149701856165e+01
2.311013296083934279e+02 2.986257071764488913e+01 9.891044977164591501e+01
2.311383297590031702e+02 2.989191098326958951e+01 9.895009089617047948e+01
2.311452079581347334e+02 2.987213761913550059e+01 9.899289694686444818e+01
2.311694699172919059e+02 2.985245122683314278e+01 9.904774329309294956e+01
2.311812132358400333e+02 2.983767662175950264e+01 9.908619120651142964e+01
2.312356289654382522e+02 2.988747011669074283e+01 9.912313196172391372e+01
2.311155060169658668e+02 2.979764730588841815e+01 9.899515397196113042e+01
2.308198092134988713e+02 2.957600383524565402e+01 9.871872248985505394e+01
2.305866398538873341e+02 2.939016836473864913e+01 9.845882732273125271e+01
2.304085003298565937e+02 2.930503354779314407e+01 9.825741753055150696e+01
2.301361278867753981e+02 2.909244469333944139e+01 9.795707621914355911e+01
2.299200697047412234e+02 2.896260105172278543e+01 9.765701385397640877e+01
2.299256740847275466e+02 2.905977404293863131e+01 9.765531684262552403e+01
2.301024209988184452e+02 2.920153282550268514e+01 9.778797752308466329e+01
2.301654511822866027e+02 2.926783187708546663e+01 9.787054667099404526e+01
2.302428497487362620e+02 2.932550905037366107e+01 9.790909216256520153e+01
2.303948287821610279e+02 2.939683337681924868e+01 9.806411096757223333e+01
2.304859688980244528e+02 2.946852362133737202e+01 9.818504848149302688e+01
2.304461930732239239e+02 2.941109039343086806e+01 9.821219429931461775e+01
2.304076115201615664e+02 2.935807151630085343e+01 9.819640997248720282e+01
2.304161358203034808e+02 2.934780353699590805e+01 9.822452838993926605e+01
2.304683263437678420e+02 2.938087722759255627e+01 9.825121495406402516e+01
2.304932968051639932e+02 2.939480650888703650e+01 9.830589584168581041e+01
2.305162032765046547e+02 2.942113882189229557e+01 9.832854988258802109e+01
2.306330944789856972e+02 2.950723987467571163e+01 9.843716391220512207e+01
2.307960245387841383e+02 2.962750282658453216e+01 9.865465076567031133e+01
2.308758487708334712e+02 2.964496825528141599e+01 9.874849443274213456e+01
2.309164094633837863e+02 2.964914926699715991e+01 9.884756171287840232e+01
2.309618395178790706e+02 2.962165237995235501e+01 9.895738486308300708e+01
2.309997952980058074e+02 2.963016713440541849e+01 9.901884425041947679e+01
2.310004306166302968e+02 2.959615584503740848e+01 9.900748806258577872e+01
2.309830129163776462e+02 2.957874238731314165e+01 9.897354147177551908e+01
2.309559858893506146e+02 2.955880886773281446e+01 9.894609443443914643e+01
2.309262404622658948e+02 2.957674521707956927e+01 9.888353517162087769e+01
2.309277126196127767e+02 2.962606036693627942e+01 9.880862272680026592e+01
2.309291794737991950e+02 2.967861574784108214e+01 9.877594571260688383e+01
2.309831295859080171e+02 2.972729876096958890e+01 9.883416592952735868e+01
2.310378316861716996e+02 2.975490807501638812e+01 9.888261242169883758e+01
2.311056983519898438e+02 2.981198386990710958e+01 9.890564404762662321e+01
2.311661946853847098e+02 2.985456188470080718e+01 9.897703731515834136e+01
2.311800751776028449e+02 2.985498931943481082e+01 9.899376666518178070e+01
2.312151269470553530e+02 2.985882668635199977e+01 9.902007458364887782e+01
2.312546556445779515e+02 2.989412770434668332e+01 9.907434182475388695e+01
2.312705704291529685e+02 2.987230944153477807e+01 9.906341625355047142e+01
2.312857968634987742e+02 2.987109819968308244e+01 9.911364566827246847e+01
2.313281394179675203e+02 2.990414325321318501e+01 9.912983939908828290e+01
2.313669574919869376e+02 2.992999616051181988e+01 9.919792031258948839e+01
2.313787252050732093e+02 2.988334637910809377e+01 9.920019324716757581e+01
2.314143327457431667e+02 2.986190039816128916e+01 9.928641096948136635e+01
2.313095698712604644e+02 2.982982900489375666e+01 9.920930619812183693e+01
2.309856008586877465e+02 2.960208689970875184e+01 9.883726085397853467e+01
2.307189271918492466e+02 2.940110029973462957e+01 9.854105706837046341e+01
2.305633165541335927e+02 2.930095223549426464e+01 9.835240986218146020e+01
2.304624642301826327e+02 2.926462028310391972e+01 9.821525210164249131e+01
2.304961255109595015e+02 2.931185765468788773e+01 9.823421938538491816e+01
2.305332296035145134e+02 2.933512474094061062e+01 9.830467399351317681e+01
2.305952171856339419e+02 2.938799088704904605e+01 9.834223309723662965e+01
2.306276057078976862e+02 2.939906070421728401e+01 9.835615389347435666e+01
2.306738630554265228e+02 2.936374483737328234e+01 9.837528663582348543e+01
2.307010841781267914e+02 2.940823517183300595e+01 9.839853038817012987e+01
2.307671042834687682e+02 2.940210047579955699e+01 9.850805762202041649e+01
2.307914479112972117e+02 2.942018213174323193e+01 9.850293052647656111e+01
2.308195164790408569e+02 2.941110736354437805e+01 9.853640831790113452e+01
2.308416667196982814e+02 2.938162603385113414e+01 9.858878445198200779e+01
2.308279347159733277e+02 2.934426951085768920e+01 9.863450299840692992e+01
2.307797215628625906e+02 2.930676025684266861e+01 9.861339111656982936e+01
2.308351491354787868e+02 2.931974769683740689e+01 9.866489435043708056e+01
2.309681598245290388e+02 2.944507304573233597e+01 9.876793581903071129e+01
2.310525267438382571e+02 2.945842428253541812e+01 9.885673618049412426e+01
2.311020667476989559e+02 2.950756760999285078e+01 9.895662863239977014e+01
2.311845648332580367e+02 2.955957676536909062e+01 9.903744879798564682e+01
2.313171342993570363e+02 2.964432869412855354e+01 9.925853225488262410e+01
2.314657649172600884e+02 2.978594004883150248e+01 9.934749171116018829e+01
2.315662895058939341e+02 2.990793183105403585e+01 9.944152523137688604e+01
2.315747565319027501e+02 2.994358285763983929e+01 9.944698642603046324e+01
2.315083959636585007e+02 2.989988799725084334e+01 9.937546694327951968e+01
2.314639310843690510e+02 2.986051839454241019e+01 9.934111413037713589e+01
2.314911458432767688e+02 2.988929864642132017e+01 9.931861918428906222e+01
2.314315871086532752e+02 2.985881820129524300e+01 9.927944367725389441e+01
2.314450221353918096e+02 2.982877791848830284e+01 9.932261670665249653e+01
2.315519540025073297e+02 2.983737434161262669e+01 9.941753691530004744e+01
2.316368724505055923e+02 2.988642857597413638e+01 9.951338093450172551e+01
2.316759578038127643e+02 2.992993040132197180e+01 9.957211873988421758e+01
2.316760543213333392e+02 2.989579607863102240e+01 9.957733811042028549e+01
2.317066334052441903e+02 2.994525865634883743e+01 9.964660374997083636e+01
2.317822013206990732e+02 2.997224113682790403e+01 9.973514637783533487e+01
2.318407662430502114e+02 3.000189959208089618e+01 9.981370421516406566e+01
2.318267096859044045e+02 2.997884251098284381e+01 9.982384279735350674e+01
2.317809041676477477e+02 2.993177696179815328e+01 9.974522026146702558e+01
2.316904714933912146e+02 2.988706813712700239e+01 9.959620357348164532e+01
2.314201397064594516e+02 2.968839689701474427e+01 9.923730476414723967e+01
2.311242265340452207e+02 2.951057450198020149e+01 9.888823058990236348e+01
2.309734375298302780e+02 2.940920034703882280e+01 9.871193338381942795e+01
2.309362464654435598e+02 2.940988445473964674e+01 9.868836401741981490e+01
2.309975987289384989e+02 2.942780595523708342e+01 9.878070158691774338e+01
2.310598408627605806e+02 2.944478243253849570e+01 9.888700025667296245e+01
2.311157372347624346e+02 2.948245714516022886e+01 9.893996928409454483e+01
2.311695685560766833e+02 2.950059607523699867e+01 9.899833374697985278e+01
2.312180139876160467e+02 2.956994656535508881e+01 9.902493439990496427e+01
2.312448925261498971e+02 2.960638352032277254e+01 9.909590977839152970e+01
2.312703179987145177e+02 2.964330836605383368e+01 9.912425304984758156e+01
2.312572923759643686e+02 2.959735223803978243e+01 9.910743142483194390e+01
2.312141193465657807e+02 2.958958310794901436e+01 9.903586951679723427e+01
2.312464930199801927e+02 2.961497145839034317e+01 9.904797875341789393e+01
2.312434797642002593e+02 2.963342327493493045e+01 9.906371535180106491e+01
2.312428465668399724e+02 2.965532426705019020e+01 9.905165914678511285e+01
2.313012905771323346e+02 2.969725847816264519e+01 9.909183482988521519e+01
2.313920775025083856e+02 2.974830564022935064e+01 9.920761873245979245e+01
2.314623486212843488e+02 2.978673021974175583e+01 9.930582477933549512e+01
2.314513053199184469e+02 2.977202879828262283e+01 9.932177986793008984e+01
2.314493770907710086e+02 2.980816983689599553e+01 9.928291088357016747e+01
2.315386292815066156e+02 2.984246219376899845e+01 9.939747824113258901e+01
2.316490813865431164e+02 2.988001917622826653e+01 9.948985505401799401e+01
2.316298171258142986e+02 2.986364513795641784e+01 9.945620756145832786e+01
2.316362148586071328e+02 2.984307842101578956e+01 9.943877395172427214e+01
2.316986139659791775e+02 2.983483518837886450e+01 9.956237471283385787e+01
2.317462469533343210e+02 2.989220689962390054e+01 9.958178003763123343e+01
2.318082896883226454e+02 2.991897301115572816e+01 9.968292615667233747e+01
2.318088083374167638e+02 2.992323144901435583e+01 9.970849693583387818e+01
2.318576387784063684e+02 2.995443206333246522e+01 9.978187888854242260e+01
2.318862058432343360e+02 2.995576633850709669e+01 9.982004679508800393e+01
2.319056058648712337e+02 2.996998199046703704e+01 9.981535986186327136e+01
2.319530543022419522e+02 3.000485345246352864e+01 9.986036990604921471e+01
2.319836747508044823e+02 2.999360014594297752e+01 9.991628961195713998e+01
2.319307375423457245e+02 2.993771438026206155e+01 9.985157196282696646e+01
2.317037771230142198e+02 2.979685819561025539e+01 9.959363154065296442e+01
2.314427332913323028e+02 2.960977223986406770e+01 9.926707034324175538e+01
2.312495773381104129e+02 2.951406928473092961e+01 9.905141308013924117e+01
2.311420356075406630e+02 2.950243415065642694e+01 9.891067356501780239e+01
2.311780334608213252e+02 2.953757289194068036e+01 9.893741422137937036e+01
2.312262307044506144e+02 2.957070915983089421e+01 9.900965811585072629e+01
2.312751990276125014e+02 2.961909625660508638e+01 9.902248221850294385e+01
2.313090862230254743e+02 2.962769374036150438e+01 9.906471022470552157e+01
2.313682514631419735e+02 2.968991572217378661e+01 9.911344945133501483e+01
2.314083200224005452e+02 2.970212784010758966e+01 9.916993871667759208e+01
2.314370546670994031e+02 2.971648243487188523e+01 9.919686604428775922e+01
2.314870168025336454e+02 2.974522556462749634e+01 9.926671184959388938e+01
2.314829344296026647e+02 2.975304136253041420e+01 9.918591713917825814e+01
2.314308605756686745e+02 2.977051527628405481e+01 9.907891845224079930e+01
2.314210677595419838e+02 2.977946807179206345e+01 9.906104680145179486e+01
2.314327707740705193e+02 2.981368406315427677e+01 9.905880992836490861e+01
2.314486441939938572e+02 2.979191352878661547e+01 9.909166406811803540e+01
2.314563115034035548e+02 2.983653750289022355e+01 9.909452671414055658e+01
2.314950892734033800e+02 2.977237456434536611e+01 9.920446441261134396e+01
2.315320873027489483e+02 2.974782623452272645e+01 9.930160770612855003e+01
2.315677287836458902e+02 2.972529204504716560e+01 9.940955671942251115e+01
2.316377803515783285e+02 2.976054427396551105e+01 9.950423404332045152e+01
2.316589622351336573e+02 2.981792128837101785e+01 9.947421921568377456e+01
2.316806447370374826e+02 2.986034339024685025e+01 9.949254163511285753e+01
2.316911174183366313e+02 2.990500872900213736e+01 9.951046631750658378e+01
2.317042851657874110e+02 2.989837871778064837e+01 9.952823508698243415e+01
2.317209858787443011e+02 2.987983462624385567e+01 9.949189358890323831e+01
2.317516773896571465e+02 2.990593572145255763e+01 9.958971250506451156e+01
2.317801256636905407e+02 2.990098044830797264e+01 9.965872783544081415e+01
2.317578110250584871e+02 2.986112719736454224e+01 9.969335641268770587e+01
2.316952008518996990e+02 2.982002664307820794e+01 9.960009397200354897e+01
2.315214215864086498e+02 2.969252699838996179e+01 9.937162745509813533e+01
2.312747185612737724e+02 2.954621916477344001e+01 9.911617209392109373e+01
2.310915092158322750e+02 2.943473188281287989e+01 9.887034090836775135e+01
2.310468746354077041e+02 2.938585901653949861e+01 9.881028897982041315e+01
2.310613989313071102e+02 2.942364085300275534e+01 9.883362288589508182e+01
2.310759444398483708e+02 2.945040908579877126e+01 9.884101124906399605e+01
2.311113992494967420e+02 2.948349444334845870e+01 9.889686519578208390e+01
2.311334147898781737e+02 2.949770373151583414e+01 9.891114872819605353e+01
2.311734218324752703e+02 2.954768495832776409e+01 9.893597706489158838e+01
2.312104028917073322e+02 2.956161211835805602e+01 9.896909848393248410e+01
2.312502253843200322e+02 2.959497960404482697e+01 9.898499099523351674e+01
2.312486164054329834e+02 2.956316806564040078e+01 9.900161852457590328e+01
2.312129155291387406e+02 2.951113981888646265e+01 9.896030160134233711e+01
2.311642293341139691e+02 2.951406610283464360e+01 9.884038441549625986e+01
2.311610336496138132e+02 2.949975499398621537e+01 9.884752777265138945e+01
2.312002632488858183e+02 2.950502951739118274e+01 9.888922440217471888e+01
2.312517028448274061e+02 2.951851545447024705e+01 9.896207603883610204e+01
2.313050017288303195e+02 2.950657061582420582e+01 9.902841115191009180e+01
2.313554496337637261e+02 2.951225560384967039e+01 9.907493047556621946e+01
2.314251172528780387e+02 2.954541626627804973e+01 9.920471366115350520e+01
2.314791882770455800e+02 2.958806004026159542e+01 9.925855452815659419e+01
2.314714817242483775e+02 2.957177509508566615e+01 9.929302825311772551e+01
2.315067424382234833e+02 2.964033965682187954e+01 9.927574419250896653e+01
2.315396559733738968e+02 2.971198111226366478e+01 9.934465452030792676e+01
2.315686557760963353e+02 2.971657152796780821e+01 9.937137502465969874e+01
2.315858645318263882e+02 2.976328918982556715e+01 9.939267782027377507e+01
2.316431004821633621e+02 2.981066974674226699e+01 9.944273117006811447e+01
2.316960673883207562e+02 2.982925308166655043e+01 9.947298357929390988e+01
2.317381575123510515e+02 2.983862906938018611e+01 9.950738306000843636e+01
2.317489070186268236e+02 2.987346977304594375e+01 9.956681345814851625e+01
2.317660319844214314e+02 2.987555285447915665e+01 9.959042524983189537e+01
2.317127065846161713e+02 2.983806057057764249e+01 9.951725436291012272e+01
2.315230231408710324e+02 2.959034145989643960e+01 9.926749989923995088e+01
2.312006896229877100e+02 2.942185262729175932e+01 9.889891327635618268e+01
2.310121559044328023e+02 2.930504945727455635e+01 9.865538684434375227e+01
2.309281018715913945e+02 2.926090913140595262e+01 9.856957428348998462e+01
2.309363779838232347e+02 2.926963283038159247e+01 9.856482477297170419e+01
2.309318055988647131e+02 2.927729589726293113e+01 9.867072040253108867e+01
2.309646724662029555e+02 2.930567204831391237e+01 9.871024379689319517e+01
2.310146409654297486e+02 2.935058345371507471e+01 9.878241238648584499e+01
2.310883453502949578e+02 2.940585829530967388e+01 9.888123147871205276e+01
2.311479221156640449e+02 2.946363622864682341e+01 9.891925407866071396e+01
2.311830863121185757e+02 2.948640587844731797e+01 9.895405341767479968e+01
2.311994380771164401e+02 2.944101188544324899e+01 9.892160762127797113e+01
2.311613369903927833e+02 2.941188374623740742e+01 9.887598453174153690e+01
2.311042092245294555e+02 2.938086450000742289e+01 9.881559426155611447e+01
2.310863365131083640e+02 2.934990570980681568e+01 9.875983789299070281e+01
2.310744987983038357e+02 2.933673584109185839e+01 9.875937651802968276e+01
2.310801721193762717e+02 2.934458982175016928e+01 9.876732807684066984e+01
2.311338517703010211e+02 2.938193149589429254e+01 9.878110462711357798e+01
2.311726539348390190e+02 2.941605415163220627e+01 9.886865980649828600e+01
2.312133609946183412e+02 2.943665374816775682e+01 9.892129897733853738e+01
2.312832152849812246e+02 2.950365705946115824e+01 9.898882411962233618e+01
2.313510384648835441e+02 2.956488735026526271e+01 9.904355167505626412e+01
2.313788577840849996e+02 2.958378038976108115e+01 9.906512387122229768e+01
2.314239601032631413e+02 2.959578038127602539e+01 9.914882047104792662e+01
2.314516659348305154e+02 2.961493539689913490e+01 9.916258429373569072e+01
2.314851129679243513e+02 2.963647789536652155e+01 9.920620703114228434e+01
2.314811281731460610e+02 2.958201761922035189e+01 9.920809283500595654e+01
2.314678129978341872e+02 2.955985040844942091e+01 9.922151195226307152e+01
2.314794778296073332e+02 2.954152056459567532e+01 9.925054145268414629e+01
2.315237920991393992e+02 2.956556403354142759e+01 9.931146734207717941e+01
2.315742601560826301e+02 2.964088057918997521e+01 9.934817794012519698e+01
2.315894367407200036e+02 2.964867940697938309e+01 9.933322620949181214e+01
2.316366847186249061e+02 2.967528960559334905e+01 9.935942594348527734e+01
2.315666745153441752e+02 2.960035806939503544e+01 9.933074008786276465e+01
2.313398021284764923e+02 2.943868485862834916e+01 9.907813464512311441e+01
2.311095569315489229e+02 2.924657574928354364e+01 9.879493633025538202e+01
2.309456998793000650e+02 2.916389947753263101e+01 9.856500189853144889e+01
2.309089489772324839e+02 2.913324933127146465e+01 9.853926247886690248e+01
2.309423747976844368e+02 2.917135890305186408e+01 9.859952971572938907e+01
2.309898974793017601e+02 2.918200340675028670e+01 9.871680168513226761e+01
2.310073332103000041e+02 2.921103184653926377e+01 9.871152079793473888e+01
2.310310913692123904e+02 2.925591355424178630e+01 9.877822395034544911e+01
2.310704758207701559e+02 2.927351050131836629e+01 9.881164764953321367e+01
2.311374335248834768e+02 2.931937223307602380e+01 9.886196615735113369e+01
2.311620656446415865e+02 2.935176605850022469e+01 9.881996724768092122e+01
2.311507932467433193e+02 2.935575933833527529e+01 9.879169185667890929e+01
2.311267550809580484e+02 2.934451133497519137e+01 9.876979616772412385e+01
2.310326844386180483e+02 2.930207862677841391e+01 9.866932567132708698e+01
2.310229213201899938e+02 2.928730932486524807e+01 9.863025304560505901e+01
2.310687225959182740e+02 2.927179758048606573e+01 9.872311880988594623e+01
2.311868812537519773e+02 2.934023804826724557e+01 9.888442398131590494e+01
2.312061709696510832e+02 2.932910671443753614e+01 9.894296981228933419e+01
2.312524580148785560e+02 2.935491507518820953e+01 9.898703483327923891e+01
2.312883169253548203e+02 2.939253887746941629e+01 9.902947602653277670e+01
2.313227471644000843e+02 2.944078915270344510e+01 9.905406147847871523e+01
2.313387913460906020e+02 2.951930456474840625e+01 9.906565312663735767e+01
2.313525678963635244e+02 2.957788433594885191e+01 9.912307468759081530e+01
2.313788259651221608e+02 2.961824032650498495e+01 9.911781077050679301e+01
2.314117532884898196e+02 2.962044538062903953e+01 9.917530233317847888e+01
2.314297310024882393e+02 2.962980439822916878e+01 9.916335113073986918e+01
2.314379583256437627e+02 2.963111640012982306e+01 9.919338398912215382e+01
2.314358996387487082e+02 2.960237008847792950e+01 9.918321146670569988e+01
2.314550387448904019e+02 2.964985776923615290e+01 9.923429681152779835e+01
2.315338267393836134e+02 2.968665746038008635e+01 9.930937471495512625e+01
2.315866865216994768e+02 2.971984039608244998e+01 9.930427943837409543e+01
2.316510541622385233e+02 2.971326659836195816e+01 9.943595054908924169e+01
2.316608565240540827e+02 2.972721391040204253e+01 9.946076615819964672e+01
2.316626055063775880e+02 2.969332141182859175e+01 9.947853280641130880e+01
2.315961282686029676e+02 2.966658605862749809e+01 9.935412914680632923e+01
2.313787326294978755e+02 2.951027222183332555e+01 9.914944730461566280e+01
2.311346663357494435e+02 2.939457210919419694e+01 9.879668107005051070e+01
2.309348347641260375e+02 2.931904874028726127e+01 9.857203919247714907e+01
2.308852597594062104e+02 2.930447459467944427e+01 9.846625598991975892e+01
2.309525398956762388e+02 2.935596828285785165e+01 9.851508006711679855e+01
2.309977238835256230e+02 2.932779259127269356e+01 9.862534019774425076e+01
2.310178260436089488e+02 2.930383609415867596e+01 9.864022616918778397e+01
2.310436025853967976e+02 2.928011505736958853e+01 9.870630673055914883e+01
2.310871054713767307e+02 2.933367909939607543e+01 9.876669700074455704e+01
2.311721352857449006e+02 2.937898612056841330e+01 9.886345528481153622e+01
2.312113404904787046e+02 2.940072907850162309e+01 9.894555457270314491e+01
2.312119620208859772e+02 2.939359738829953272e+01 9.889100838535733828e+01
2.311958414736846521e+02 2.931676626002032293e+01 9.890371369721499661e+01
2.311567624841700592e+02 2.931959284455163939e+01 9.886579185731528696e+01
2.311812058114153672e+02 2.930840741848512110e+01 9.886549063780050517e+01
2.311834405632380651e+02 2.934468633927075132e+01 9.884211748833834577e+01
2.311992556483962176e+02 2.940164546463110185e+01 9.886933861103862853e+01
2.311905945267141362e+02 2.943294259646979327e+01 9.885915230040494350e+01
2.312049204844119004e+02 2.944289450741063519e+01 9.886828116084060980e+01
2.312415186554578952e+02 2.946519535782545063e+01 9.891873861146288505e+01
2.313117696222240625e+02 2.945502283540898958e+01 9.900740215138614531e+01
2.313971749003536047e+02 2.946051584902538423e+01 9.910507682158258547e+01
2.314385830379472964e+02 2.947788582083378373e+01 9.916078334043956488e+01
2.314495627013875207e+02 2.947485453430826752e+01 9.917433291544428187e+01
2.314537787139623788e+02 2.949524306505704985e+01 9.919946459291880103e+01
2.315241421077305120e+02 2.951649495033059978e+01 9.927086210297889579e+01
2.315576782339202850e+02 2.960580971835975461e+01 9.928614475082569868e+01
2.315720551019585685e+02 2.962645492207536080e+01 9.930335138529157746e+01
2.315891524913187141e+02 2.967542642713351597e+01 9.924882428932346556e+01
2.315229616242095574e+02 2.961886185691224682e+01 9.919865745189503059e+01
2.315258741199405108e+02 2.963066032832927021e+01 9.921420419713332706e+01
2.315835438688040426e+02 2.968017381638761520e+01 9.930919122560281664e+01
2.316376085291790616e+02 2.970844708612544594e+01 9.942464315033187461e+01
2.316470895194700290e+02 2.971263658289794307e+01 9.946023478152039843e+01
2.315359713374782871e+02 2.966542042395586165e+01 9.934633350091320381e+01
2.313220747236523209e+02 2.949750539331419930e+01 9.909601690223306036e+01
2.310835937185124749e+02 2.929091547398587636e+01 9.875708979523436426e+01
2.309525091373454870e+02 2.921981600154428094e+01 9.857980620130372529e+01
2.308750734487725254e+02 2.915817736738386756e+01 9.846203785608071257e+01
2.309157476289569502e+02 2.918660124687908919e+01 9.848505887568755668e+01
2.309634325872847285e+02 2.924601255364146724e+01 9.856780620978878460e+01
2.310332593012131497e+02 2.927871290174092067e+01 9.865046551142619080e+01
2.310730287622211279e+02 2.935927639435998415e+01 9.872633782829214510e+01
2.311322067299227569e+02 2.938553870564701853e+01 9.879273551865969694e+01
2.311972987821822301e+02 2.940740363627107357e+01 9.882241306529039093e+01
2.312158852990027924e+02 2.940478493563023932e+01 9.884983464745650394e+01
2.311843898289624804e+02 2.936847737777805989e+01 9.878749069295336938e+01
2.311207879647955110e+02 2.935937079061637434e+01 9.866885050814883584e+01
2.310936909360502511e+02 2.932973460863736292e+01 9.862761737485071478e+01
2.311037467889363484e+02 2.932409947032033060e+01 9.866315385317032849e+01
2.311534830097344866e+02 2.936733401638040064e+01 9.875010553289338588e+01
2.312603469963959810e+02 2.941687720213738544e+01 9.892190884079275293e+01
2.313452028671006815e+02 2.946712889013336323e+01 9.902158174185487383e+01
2.314030264076178867e+02 2.949805692200323648e+01 9.911232730257924572e+01
2.314806561918641137e+02 2.953681029746487852e+01 9.918183264498310336e+01
2.315446282166319918e+02 2.957612686856859341e+01 9.928140584662835977e+01
2.315849757221313610e+02 2.960270524821972771e+01 9.925546596749798312e+01
2.316035792090654297e+02 2.960698383808814782e+01 9.925022220242375681e+01
2.315944386816767349e+02 2.959046555385147315e+01 9.924554057235950211e+01
2.316050450026197609e+02 2.958984402344421127e+01 9.928649369878472442e+01
2.316289187704304311e+02 2.963375101025206959e+01 9.929472102194023364e+01
2.316583820693780638e+02 2.970353742016092014e+01 9.931380285394884311e+01
2.316855597061624792e+02 2.974613876886068908e+01 9.929308658788291098e+01
2.317194479622075676e+02 2.979876415148371649e+01 9.933118131081398872e+01
2.317585375580430878e+02 2.980942456466355850e+01 9.934590182365082001e+01
2.317608539785370567e+02 2.982898898427506751e+01 9.936325058281732936e+01
2.318069193516568021e+02 2.980095435675845295e+01 9.941477502932647781e+01
2.318619237320673676e+02 2.980352532895504325e+01 9.951385715831206369e+01
2.317207493577872697e+02 2.971886779645197407e+01 9.936962816360038175e+01
2.314834647456498260e+02 2.955742474284974719e+01 9.907281239327389244e+01
2.312442847839598414e+02 2.939302782886489140e+01 9.880418716338188290e+01
2.311290555919705980e+02 2.927907988044555054e+01 9.873403377476840603e+01
2.310957220465108435e+02 2.928610126490983490e+01 9.876234416662954629e+01
2.311272620630991241e+02 2.931632609770118592e+01 9.879389903206714507e+01
2.311622936805418647e+02 2.935968155582000705e+01 9.888337819807092899e+01
2.312533818254326832e+02 2.943276653154213918e+01 9.895200427646859964e+01
2.312963968206492211e+02 2.946012871831096547e+01 9.900701608130381715e+01
2.313469836683870255e+02 2.947606683679205375e+01 9.903321051213681869e+01
2.313875040569177486e+02 2.953912565732673912e+01 9.902253418947556440e+01
2.313533018537727628e+02 2.950756018556819171e+01 9.897273751264803821e+01
2.312995978083098407e+02 2.946591976954585945e+01 9.894155068654715990e+01
2.312966015226434422e+02 2.943105573197402691e+01 9.887160518182416524e+01
2.312779895506526202e+02 2.934580424549814737e+01 9.882080726829961748e+01
2.312905315251677507e+02 2.933725661145015806e+01 9.883022674192912405e+01
2.313390013512452867e+02 2.936151008555058439e+01 9.888360305207491763e+01
2.313830536446500616e+02 2.939736157160221097e+01 9.889755672790757046e+01
2.314302973800265875e+02 2.952261267625053875e+01 9.898584056154105326e+01
2.315174919444992554e+02 2.962704463351979101e+01 9.911577329625363575e+01
2.315995625953243007e+02 2.971051531870933715e+01 9.928865632762500582e+01
2.316381123294238478e+02 2.972946245044196445e+01 9.928760630185165326e+01
2.316530534537362769e+02 2.974372477021405814e+01 9.931020731114915634e+01
2.316407480001781778e+02 2.975771450753791214e+01 9.926654002719460834e+01
2.316494218494453889e+02 2.974539420513048782e+01 9.931571623424696327e+01
2.316015417348122867e+02 2.972256834182899610e+01 9.925976470937619922e+01
2.315879348856744571e+02 2.970108311749470076e+01 9.919692756094922004e+01
2.315453144455970005e+02 2.966939355178111981e+01 9.919832971657788789e+01
2.315646677994217555e+02 2.964873774174456855e+01 9.923017519520934115e+01
2.316204867452807150e+02 2.967372199135796862e+01 9.928258314825303898e+01
2.317976738216907791e+02 2.970675007477456120e+01 9.951949335726119727e+01
2.318704809118042078e+02 2.982149773979300633e+01 9.957351771361661008e+01
2.318956295593922050e+02 2.981909434746731691e+01 9.965543351215590917e+01
2.317233627552676296e+02 2.969015012186662617e+01 9.945354113237324611e+01
2.314245996644160073e+02 2.947585152847691248e+01 9.908571816459736681e+01
2.312127299185222284e+02 2.935413975312727430e+01 9.887562815935784499e+01
2.311557007914436781e+02 2.933275634947403177e+01 9.878606202152234061e+01
2.311812408122744955e+02 2.933910741445471970e+01 9.885093770483457831e+01
2.312524018013775446e+02 2.935379822959290763e+01 9.894901541522685307e+01
2.313005216188639679e+02 2.939564971140200811e+01 9.903137986114204239e+01
2.313716539709004962e+02 2.943211212153995149e+01 9.913879855838885646e+01
2.314349556761847850e+02 2.948559025236680142e+01 9.922049268482044226e+01
2.314810412013143264e+02 2.949568216674409271e+01 9.926261250654940227e+01
2.314937157548412472e+02 2.950861127197364553e+01 9.931322268819324961e+01
2.315355820854996693e+02 2.955973267828695228e+01 9.937638651130528444e+01
2.316198630936092684e+02 2.961618057897784695e+01 9.949608944946830036e+01
2.316154222270304217e+02 2.958460662216254278e+01 9.950940674604437675e+01
2.316201324941612256e+02 2.956282229957765750e+01 9.953933035932094242e+01
2.316411245245716657e+02 2.962214133134783012e+01 9.944714446021251320e+01
2.316842720987999940e+02 2.966714289047700959e+01 9.942303311081272454e+01
2.317164644041262704e+02 2.970793267955971118e+01 9.941859436549806617e+01
2.317593404565384674e+02 2.974871292295356184e+01 9.943830090981020930e+01
2.318091254664129508e+02 2.978107599004702877e+01 9.947942904053098800e+01
2.318600082305050591e+02 2.974925278468956336e+01 9.960467272075466383e+01
2.319032406553009196e+02 2.972351018312873805e+01 9.969822577463264679e+01
2.319696160723945013e+02 2.974692151534628692e+01 9.979140972854182223e+01
2.320410963117579684e+02 2.977007511396491779e+01 9.992114836758113938e+01
2.321335972185983962e+02 2.986633490094756738e+01 1.000790266367144170e+02
2.322008073531501964e+02 2.990359914894880689e+01 1.001287914945791044e+02
2.322360956435597359e+02 2.998822380185695380e+01 1.001184916963113380e+02
2.322607595822806559e+02 3.000598726817234052e+01 1.001352475621371383e+02
2.322916717046691133e+02 3.000535194954785112e+01 1.001776039048231155e+02
2.322728539700519832e+02 3.000326886811464178e+01 1.001272684268916890e+02
2.322609801937562679e+02 2.995139335238228639e+01 1.001151793422808254e+02
2.322538516854504564e+02 2.995875626038093742e+01 1.000811118394118182e+02
2.322746082555359806e+02 2.994673081369572998e+01 1.000948894503168134e+02
2.322294104794693510e+02 2.990015633717069932e+01 1.000258826049972782e+02
2.320423902829130043e+02 2.976890841866118365e+01 9.984377737756592808e+01
2.318273121249339681e+02 2.964778953665226169e+01 9.953164926169399962e+01
2.316749555064836557e+02 2.957033899922998188e+01 9.931806235243955427e+01
2.316408742153974174e+02 2.956742756413111906e+01 9.926791460638882825e+01
2.317076166111956184e+02 2.962652704505777379e+01 9.939189613442026427e+01
2.318415171705729847e+02 2.974866307324512960e+01 9.948302034080229816e+01
2.319235358504254236e+02 2.981722657434924884e+01 9.958449737705683447e+01
2.319848541736933498e+02 2.986082385658557214e+01 9.965276708307082743e+01
2.320244825706327845e+02 2.989732338884681795e+01 9.966083955394056204e+01
2.320373310678231746e+02 2.988811922353245620e+01 9.971467299651899907e+01
2.320249916740380627e+02 2.988483974909687291e+01 9.969841032461705765e+01
2.319721011333914475e+02 2.987158290855018095e+01 9.966469070907497496e+01
2.319312201299486560e+02 2.988523324360385658e+01 9.959567962122706319e+01
2.318566725425684751e+02 2.986058839626063488e+01 9.954104221952114528e+01
2.318180803831851620e+02 2.987572361624633643e+01 9.945913384540651236e+01
2.318181302328935942e+02 2.982989264281941288e+01 9.943174726409951347e+01
2.318500722290456224e+02 2.985785090482524140e+01 9.946590386006444362e+01
2.318995888990002356e+02 2.987801776346631399e+01 9.953353400492557057e+01
2.320002471272779587e+02 2.995069227456795247e+01 9.965588003826761110e+01
2.320749060810280469e+02 3.002876858492587075e+01 9.973667793057950348e+01
2.321414098346050423e+02 3.004315924118137460e+01 9.983116752259677185e+01
2.321994539865978595e+02 3.011643194878419649e+01 9.989637730501870294e+01
2.322414932002876355e+02 3.016318461150106955e+01 9.996119253230155266e+01
2.322997834189263529e+02 3.018078686173812031e+01 1.000090800713593211e+02
2.323420877906397095e+02 3.018810310192462154e+01 1.000524726516014482e+02
2.323658067061646193e+02 3.020890952171856370e+01 1.000978899785115885e+02
2.323607082476872847e+02 3.013374994961997544e+01 1.001111892443420572e+02
2.323767195497828766e+02 3.008758699834753614e+01 1.002091831647988869e+02
2.324269235093346140e+02 3.011068968662564060e+01 1.002767560355269296e+02
2.324693912183905127e+02 3.009874696924379123e+01 1.003649030476202597e+02
2.325022485400399148e+02 3.022326199521867096e+01 1.004116037393645087e+02
2.325622909228983985e+02 3.027308200595226850e+01 1.004918490423552839e+02
2.324809372593690853e+02 3.024307566337234476e+01 1.004399045855367945e+02
2.323080478642051503e+02 3.012020355651153736e+01 1.002569603981188635e+02
2.321309573053156896e+02 3.002725506292730273e+01 1.000247042427404978e+02
2.320425377107741269e+02 2.992895674105940174e+01 9.995594346406684849e+01
2.320772850788155779e+02 2.991377379262945624e+01 9.997456710301071325e+01
2.321495597316176429e+02 2.993946336258556684e+01 1.000691510912843682e+02
2.322082901125754972e+02 2.997695352522289269e+01 1.001583714630571222e+02
2.323091827405460492e+02 3.003633513428663093e+01 1.002442985721770725e+02
2.323838088147012115e+02 3.010145794487682736e+01 1.003266672606206384e+02
2.324594393074496566e+02 3.011811092938948065e+01 1.003567223922769074e+02
2.324974237246429425e+02 3.014252774083242770e+01 1.003541842996752393e+02
2.324782506782742360e+02 3.014634707700401250e+01 1.003194284465770210e+02
2.324488637448373822e+02 3.013641637870505363e+01 1.002594783387107356e+02
2.324216468646654619e+02 3.011776728459092567e+01 1.001989342768716398e+02
2.324064045208382367e+02 3.012619188531597203e+01 1.002279011999991525e+02
2.324067195285702496e+02 3.015540699635354827e+01 1.002485654950924499e+02
2.324143178968938344e+02 3.016798609299198120e+01 1.002644389150157878e+02
2.324270051780058850e+02 3.018693110346041664e+01 1.002815225161587307e+02
2.324953586739553373e+02 3.023430741784873987e+01 1.003884925660296545e+02
2.325804786420515029e+02 3.026655275477973817e+01 1.004680739133293912e+02
2.326378853541556566e+02 3.027969504706024750e+01 1.005321891234300011e+02
2.326964873986300972e+02 3.028961407840616715e+01 1.006188310985815093e+02
2.327431721808929126e+02 3.029469026360949968e+01 1.006587999584232165e+02
2.328031297131838642e+02 3.030320077553418656e+01 1.007418007835949965e+02
2.328161298807637536e+02 3.038693874001149808e+01 1.007456837576922339e+02
2.328372110042701024e+02 3.042192262900998401e+01 1.007626125065494023e+02
2.328605088488535557e+02 3.049860845069227366e+01 1.008086142417435127e+02
2.328901312426153538e+02 3.054759374396765637e+01 1.008297505181187717e+02
2.329311310368527188e+02 3.053918717398821059e+01 1.009584285250637947e+02
2.329770595884323257e+02 3.056718255811733442e+01 1.010684128913467248e+02
2.330387279202913646e+02 3.059681767946425524e+01 1.011508462783480411e+02
2.330806239486484230e+02 3.060781961617845681e+01 1.011821996236877368e+02
2.329747696837407318e+02 3.051268197795157988e+01 1.010899066007377769e+02
2.327558806746468747e+02 3.035781060080565652e+01 1.007644898253563213e+02
2.325481431513925088e+02 3.019361202502243202e+01 1.004395397280963493e+02
2.324369422400974088e+02 3.009184649683825441e+01 1.002547670109478446e+02
2.324212109448747015e+02 3.016339673791993192e+01 1.002073291798980534e+02
2.325167038948531797e+02 3.020725811754773460e+01 1.003318940555813583e+02
2.325727943625282990e+02 3.026945782608603253e+01 1.003609787088713432e+02
2.326158082971127499e+02 3.029082001709738847e+01 1.004112197905463688e+02
2.326550506239698564e+02 3.029413024986370928e+01 1.004616729986402675e+02
2.326677495720349498e+02 3.030576644457030611e+01 1.004300438889560638e+02
2.326864591221784622e+02 3.032064499158918736e+01 1.004227234062411895e+02
2.327058209610599420e+02 3.035203015589170406e+01 1.004540385688254815e+02
2.326961713302659973e+02 3.028010445104864701e+01 1.004973081157446586e+02
2.326283375440427506e+02 3.021725775693282046e+01 1.004906431036640555e+02
2.326007027748256917e+02 3.019207516911778910e+01 1.004864334548817766e+02
2.326166302869858384e+02 3.019549358635772407e+01 1.005473741931241278e+02
2.327356851789392351e+02 3.029985236001247273e+01 1.007202476788066576e+02
2.328819124045165836e+02 3.047128656794303225e+01 1.008416476283205725e+02
2.329835400505285179e+02 3.060630291228360278e+01 1.009868248281245684e+02
2.331015088552173609e+02 3.068453831745567228e+01 1.011028335847031343e+02
2.331673009246590595e+02 3.072484976146384028e+01 1.011848278700174149e+02
2.331996353546859666e+02 3.075147374829503377e+01 1.012804990061877248e+02
2.333461818305237330e+02 3.086934073230282394e+01 1.014115008580513688e+02
2.334394962421804962e+02 3.093334351540143956e+01 1.015725281438726171e+02
2.334735998065407045e+02 3.092734033774768321e+01 1.016581360027321921e+02
2.334634622849833647e+02 3.089903630967911496e+01 1.016584117670767000e+02
2.334631790962141906e+02 3.089366208685728310e+01 1.015945850489057420e+02
2.334792550968675187e+02 3.085729619423991821e+01 1.016928738250848028e+02
2.335350591938771743e+02 3.090311337944961778e+01 1.018338424367385926e+02
2.335831037064849056e+02 3.093848545979462017e+01 1.019266360780370633e+02
2.335992518301206928e+02 3.095089591593005807e+01 1.019212915529138712e+02
2.335642679411221820e+02 3.090174728531215464e+01 1.018900273006701127e+02
2.334387463752898100e+02 3.081997785400186984e+01 1.016897470816707880e+02
2.332588387775578838e+02 3.071210626685079248e+01 1.013998869366187421e+02
2.331860560819826276e+02 3.064269319943913672e+01 1.012636688961153340e+02
2.331338348001875147e+02 3.062701175392486874e+01 1.011910166582876798e+02
2.331166005892872022e+02 3.062681977951579881e+01 1.011872270198147277e+02
2.331437326188915620e+02 3.060751097223901596e+01 1.012376059836620215e+02
2.332310035488749804e+02 3.066818124929733003e+01 1.013480389973208418e+02
2.333483752176947235e+02 3.071791640946338475e+01 1.015022421762473499e+02
2.334249305816294395e+02 3.076770035870577402e+01 1.016117142572287406e+02
2.335109531476378777e+02 3.083145071136594595e+01 1.016937265732886146e+02
2.335477231410831678e+02 3.077395596679797407e+01 1.017902016685864055e+02
2.335390673225615501e+02 3.072185135453324634e+01 1.018404056281381429e+02
2.335157790236669371e+02 3.069527827804258280e+01 1.018057844753159031e+02
2.335576729307598214e+02 3.071464860198083713e+01 1.018504657235526025e+02
2.335727137544891150e+02 3.071396237301582133e+01 1.018861909943850179e+02
2.335758797412906063e+02 3.070986727249971793e+01 1.018004293438717696e+02
2.335439982011679660e+02 3.069497175536733025e+01 1.017472121285401272e+02
2.335961250867066781e+02 3.070688265378635151e+01 1.017877760029867460e+02
2.336524213170080770e+02 3.079018681973709093e+01 1.017795348916140057e+02
2.336890428219601858e+02 3.080684086488183482e+01 1.018646909212014009e+02
2.337450378327468172e+02 3.088735132589618004e+01 1.019330380533582741e+02
2.337907542579075368e+02 3.097091746797421408e+01 1.019853643377307151e+02
2.338582147016335853e+02 3.104820148615769071e+01 1.020793225530687209e+02
2.339475294696627543e+02 3.112863346039705803e+01 1.021751347533075744e+02
2.340037323643398395e+02 3.115780402488667278e+01 1.022335055799854473e+02
2.339995768077943694e+02 3.109957744417362946e+01 1.022475313788005167e+02
2.339829991281604293e+02 3.102819054043447622e+01 1.022492930887091518e+02
2.340324330688116845e+02 3.106210955481028435e+01 1.022969801683011042e+02
2.340663626895084519e+02 3.106403566269353789e+01 1.023325728601217151e+02
2.341154848043239838e+02 3.106924124501237827e+01 1.023960516909657485e+02
2.341686702006928158e+02 3.111623891374303597e+01 1.025022029328598734e+02
2.342808712880528219e+02 3.116774639013866732e+01 1.026570965832797668e+02
2.344182295080576353e+02 3.121692259719102225e+01 1.027950434540968985e+02
2.344787905400102375e+02 3.126077655239416586e+01 1.028452007458364932e+02
2.344905020395955262e+02 3.127566252383770617e+01 1.028527736589898183e+02
2.344824529026318487e+02 3.125504701782073980e+01 1.028144943860743297e+02
2.343469370005748544e+02 3.114782453751137581e+01 1.026665266632302149e+02
2.342302717127299161e+02 3.104638356274805489e+01 1.025309227287093989e+02
2.341531934571727334e+02 3.102310268827810447e+01 1.024033477791424644e+02
2.340222637282915059e+02 3.093367337198276701e+01 1.022647677109650317e+02
2.339152703445145107e+02 3.087088925516050608e+01 1.021517340274109813e+02
2.338794634050108527e+02 3.089086732128879476e+01 1.021071662668083633e+02
2.339338271636364368e+02 3.092465057475653367e+01 1.021400182852973018e+02
2.339909538688676776e+02 3.094718900676046758e+01 1.022135614540841715e+02
2.340919652876328314e+02 3.107470562156222726e+01 1.023285233667856744e+02
2.340485854349758199e+02 3.114043193181408498e+01 1.022510452529289324e+02
2.339055740459083950e+02 3.108093895638044302e+01 1.021160692126079397e+02
2.338005004062220848e+02 3.100625878998848250e+01 1.019763616925142742e+02
2.338260743672799151e+02 3.102908571392206838e+01 1.019656026405496618e+02
2.338202334663365889e+02 3.102086369392703347e+01 1.019714170256906272e+02
2.337939711550495758e+02 3.090465235661844901e+01 1.020351694996149945e+02
2.338119372020949527e+02 3.085450885309609248e+01 1.020601845075591285e+02
2.339280361124015428e+02 3.093330321138185468e+01 1.021757997696307143e+02
2.339944422878258479e+02 3.096282272383049516e+01 1.022489855054018051e+02
2.340303001376700536e+02 3.098046952061550741e+01 1.023213969797440512e+02
2.340674583224618459e+02 3.102233479064183186e+01 1.023900113911886933e+02
2.341178171342993437e+02 3.105536075279423613e+01 1.024410829477935607e+02
2.341002732188274820e+02 3.107281133264180184e+01 1.024197546970092247e+02
2.340983693842182163e+02 3.102476151687359618e+01 1.023834874431766337e+02
2.340798210501530434e+02 3.101340745030408286e+01 1.023654089691292484e+02
2.340663998116317259e+02 3.101007388363169071e+01 1.023374464645950468e+02
2.341116315279253683e+02 3.103371113048532237e+01 1.023620743418247514e+02
2.341540059013569817e+02 3.109769906473461987e+01 1.024349864345155083e+02
2.341884467467231730e+02 3.108513481694550862e+01 1.025334364267728944e+02
2.343108458116699353e+02 3.115908208656030709e+01 1.026472931608321346e+02
2.344056610177401296e+02 3.127312655250022644e+01 1.027185580918804391e+02
2.344651571750700612e+02 3.131460787370841459e+01 1.027652821175307594e+02
2.345130235014859466e+02 3.136968119520509291e+01 1.028340397143081333e+02
2.345634958009575257e+02 3.140757651930244521e+01 1.028172499082553202e+02
2.345690259366972441e+02 3.138378442016303893e+01 1.028161341232921160e+02
2.345286837343583386e+02 3.138337501617463943e+01 1.027882649543822140e+02
2.345663785989898429e+02 3.139958783836815215e+01 1.028264211939747668e+02
2.345796693797635726e+02 3.141056007738371747e+01 1.028537950476966216e+02
2.344515545684606082e+02 3.131211538828680219e+01 1.027082264746498339e+02
2.342147779990963556e+02 3.110557531866691150e+01 1.024150497330388987e+02
2.339901891531276874e+02 3.087791063962479043e+01 1.022748415945967224e+02
2.339328715341194709e+02 3.081064853410038396e+01 1.022362717084873935e+02
2.338768139460392774e+02 3.073587927461249691e+01 1.022191053780410925e+02
2.338770239511939621e+02 3.072753210003033431e+01 1.022049756372807963e+02
2.339631006094392092e+02 3.077167560779522049e+01 1.023154192572605581e+02
2.340736757477986600e+02 3.095635923184781291e+01 1.023815411832835878e+02
2.342095925687872864e+02 3.112444078172827844e+01 1.024224858246520569e+02
2.342421826111489338e+02 3.120928604611204094e+01 1.024230490202941297e+02
2.342609494354255446e+02 3.120157312952227002e+01 1.024102164325851589e+02
2.343489606866107806e+02 3.116316764138755957e+01 1.025756707967680370e+02
2.343792555211203705e+02 3.111739182082954258e+01 1.027126652199644923e+02
2.343915970361696850e+02 3.107633369182698146e+01 1.027207026899751128e+02
2.343313966191291229e+02 3.098861517509975272e+01 1.027091407395151208e+02
2.343187560058292433e+02 3.093101224605815958e+01 1.026692397601274394e+02
2.343661609572841087e+02 3.097267917788285274e+01 1.026361957672294380e+02
2.343572930123436322e+02 3.107462607415515521e+01 1.026440518691519372e+02
2.343019036224828540e+02 3.112312984045972186e+01 1.026020656870668688e+02
2.343007549579247382e+02 3.111087211534586316e+01 1.026229611999567197e+02
2.343593442748140205e+02 3.115785175333091672e+01 1.026488947152945315e+02
2.344704666993341391e+02 3.122199241860178986e+01 1.027800376312267048e+02
2.345943994382892299e+02 3.126693564296578032e+01 1.029288570416425443e+02
2.346480769679498053e+02 3.128151933426244824e+01 1.029953714015404671e+02
2.346907515002640991e+02 3.132153910444468536e+01 1.030563195642074845e+02
2.348148953050059617e+02 3.135102785856258834e+01 1.032122950593635835e+02
2.348121747836840711e+02 3.137570558550073585e+01 1.032251021919022804e+02
2.347383738812982870e+02 3.140355884492922556e+01 1.031034816309127535e+02
2.347470657613111200e+02 3.144224646120101596e+01 1.030823209599993220e+02
2.347694843418883863e+02 3.149741948211456233e+01 1.031290534707063955e+02
2.348038488217437987e+02 3.150782216169548278e+01 1.031583566142078041e+02
2.348426944721976497e+02 3.155458861262958337e+01 1.032087164866774032e+02
2.348697448331307385e+02 3.154576521423707547e+01 1.032520496715222436e+02
2.348692304265650250e+02 3.153557784297129629e+01 1.032507419121499623e+02
2.346707787372962741e+02 3.131774840533964621e+01 1.029898083862058371e+02
2.344520350347993372e+02 3.118826962116342827e+01 1.027348844017080438e+02
2.343623882889246772e+02 3.117001190029209923e+01 1.025989368223886657e+02
2.343224724606876634e+02 3.122221939386997036e+01 1.024743104300438858e+02
2.342813803914581001e+02 3.122923335390959565e+01 1.024142585014965476e+02
2.343285329124745147e+02 3.124110076641274958e+01 1.024574230458383965e+02
2.344171497845856322e+02 3.131843039177628185e+01 1.025514321715169359e+02
2.344560208902097429e+02 3.135442294189645196e+01 1.026096767829755834e+02
2.345340621997085293e+02 3.134238264636192639e+01 1.028109571780398284e+02
2.345738369638769996e+02 3.135799515079006383e+01 1.028700078698901450e+02
2.346148484250674073e+02 3.133527429006590737e+01 1.029690836350831660e+02
2.346317241423198539e+02 3.133740085741498405e+01 1.029921842020970786e+02
2.346251779210338100e+02 3.131019988672449372e+01 1.029806954352515902e+02
2.345909916273702436e+02 3.132559814346958049e+01 1.028901238181906876e+02
2.345561106196849153e+02 3.133569854290362855e+01 1.028017254362910080e+02
2.345676524181351112e+02 3.135625783541959777e+01 1.027708334659123466e+02
2.345718461574359992e+02 3.138530642721836372e+01 1.028081231690838422e+02
2.346081155325327643e+02 3.135106498068589076e+01 1.029092756519175111e+02
2.346007536851662110e+02 3.128349529185413402e+01 1.029196242392616369e+02
2.346376350449814083e+02 3.128953983415956586e+01 1.029761378991423726e+02
2.346910845387417055e+02 3.129664819045558488e+01 1.030462159828771576e+02
2.347409374290702146e+02 3.130339274994325649e+01 1.031229219565692432e+02
2.347513029865278611e+02 3.133557126705231255e+01 1.031303071378418679e+02
2.347487903490964527e+02 3.130583432502434249e+01 1.031237195519041592e+02
2.347712577187500642e+02 3.131558683713145541e+01 1.031594808842277615e+02
2.347996434154898964e+02 3.133923681157022401e+01 1.031551694147644298e+02
2.348074920929877294e+02 3.134741322438520328e+01 1.031742947326888924e+02
2.347764336033702648e+02 3.135734604394835046e+01 1.031603209048464578e+02
2.347630208499057005e+02 3.137837837837837895e+01 1.031457160009078962e+02
2.347671785277153731e+02 3.137735168651109419e+01 1.031339451059253207e+02
2.346294883298650689e+02 3.126590576920221309e+01 1.029457051824605429e+02
2.343656444294541643e+02 3.106271093320775378e+01 1.026266468964844307e+02
2.341450615909057262e+02 3.088351608024318296e+01 1.024104253771077424e+02
2.340241219557207444e+02 3.080424549814707547e+01 1.022922221727260563e+02
2.339755609152830687e+02 3.082031513500785991e+01 1.021949091780737717e+02
2.339704889726081092e+02 3.081897237477647167e+01 1.022175960985709082e+02
2.340383079099820236e+02 3.086689067216498472e+01 1.022475324394326037e+02
2.340731783113464246e+02 3.086274254004416306e+01 1.022929773427772062e+02
2.340401788649963919e+02 3.086150053986173702e+01 1.022802996073539958e+02
2.340672695299490726e+02 3.086860783552565834e+01 1.022979464041390116e+02
2.340918358905173022e+02 3.089389860781431452e+01 1.023277416809321636e+02
2.341283205739292441e+02 3.093956094073824303e+01 1.023865738825710565e+02
2.341304768389769606e+02 3.090168364738649487e+01 1.023260616396947995e+02
2.340857086189085123e+02 3.090645543117876670e+01 1.022519202744067286e+02
2.340722916229155999e+02 3.086454985713285737e+01 1.022387875278150773e+02
2.340573027701589126e+02 3.088512081660186226e+01 1.022112726100246647e+02
2.340232045089591679e+02 3.083646537990781056e+01 1.021815483955818280e+02
2.340278288648903242e+02 3.085178514987792298e+01 1.021551280501127508e+02
2.340591100872476034e+02 3.090501933532307888e+01 1.022547309494566434e+02
2.340897368996026842e+02 3.096345167866241610e+01 1.022808182564481143e+02
2.341022099330317019e+02 3.099520488230165682e+01 1.023142133185693297e+02
2.341478743872198152e+02 3.107012156965064875e+01 1.023573852873358447e+02
2.341941232496918985e+02 3.112876497877675064e+01 1.023927605495771189e+02
2.341947575076842725e+02 3.110420710326526361e+01 1.023644947042639473e+02
2.341701964502765065e+02 3.109266848671133943e+01 1.023790836987210895e+02
2.342091025567597171e+02 3.108101850378751863e+01 1.024243090512221670e+02
2.342214313442239018e+02 3.108464056238956275e+01 1.024322213666456634e+02
2.342241221678471561e+02 3.105215128007687397e+01 1.024993561963187574e+02
2.342473956178924368e+02 3.100901006964110351e+01 1.025141361045528754e+02
2.342420691235148524e+02 3.101049495457312588e+01 1.024951316986871461e+02
2.341470545186109007e+02 3.093087012135752545e+01 1.023583303105318691e+02
2.339421828232753455e+02 3.078176009774785271e+01 1.021163566439055046e+02
2.336791842466436435e+02 3.063277098619693462e+01 1.018115691627582322e+02
2.335001771255597589e+02 3.056145302354391191e+01 1.015972896607462133e+02
2.334557843692527115e+02 3.051369594223373483e+01 1.015451733815284570e+02
2.334814580297274063e+02 3.058490359914894796e+01 1.015241389258342366e+02
2.335070797192294663e+02 3.061146394805448168e+01 1.015929697062261283e+02
2.335351101042177220e+02 3.059926137580952599e+01 1.016464648071664811e+02
2.335521852203038975e+02 3.063151837969356350e+01 1.015812507822161734e+02
2.335727158757533175e+02 3.065005504680569359e+01 1.016133168723232245e+02
2.336377495932476052e+02 3.066074833958045787e+01 1.017156636268950791e+02
2.336939164264335034e+02 3.068894842570378145e+01 1.017617311212790412e+02
2.336871495936718475e+02 3.076700670531609916e+01 1.017861044468061209e+02
2.336651732966778923e+02 3.077582904307651290e+01 1.017832184668775142e+02
2.336224658847686726e+02 3.076034593576387621e+01 1.017280751436626218e+02
2.336005882265594948e+02 3.070917149784585476e+01 1.016847228674400725e+02
2.336351701359942581e+02 3.076141717417912247e+01 1.017131223523971357e+02
2.337351898637512022e+02 3.072558053697681757e+01 1.018635390747469813e+02
2.338022069632618241e+02 3.071321144549305515e+01 1.019557037612135275e+02
2.338513704427290349e+02 3.069070483245194936e+01 1.020355046593567891e+02
2.339105091670431875e+02 3.074908732608285078e+01 1.020792748246244770e+02
2.339767117011053870e+02 3.077432400613469454e+01 1.021605383344257802e+02
2.340102552517198262e+02 3.078414970185631816e+01 1.022325085858168023e+02
2.340036284223945984e+02 3.083602309632448524e+01 1.021964831561017064e+02
2.340208700577196055e+02 3.088637554436942168e+01 1.021942346160617916e+02
2.340576527787500254e+02 3.093434369146636698e+01 1.022174051847939324e+02
2.340597581334572226e+02 3.094270253300156881e+01 1.022360627639648101e+02
2.341197230901728119e+02 3.095643665799069666e+01 1.023044067142254079e+02
2.341529601181119915e+02 3.108673637140790547e+01 1.023169762651750005e+02
2.341597524060439071e+02 3.113893431929692923e+01 1.022901125754904825e+02
2.341775243574160470e+02 3.124058954174329727e+01 1.023066860125960602e+02
2.342103922853864049e+02 3.123947481741218368e+01 1.023214383443957303e+02
2.343014189136157484e+02 3.128713644183387643e+01 1.024548775288120765e+02
2.343377179864111781e+02 3.127759923804190478e+01 1.025070054749828756e+02
2.343374337370099170e+02 3.122445944885313907e+01 1.025167590477220756e+02
2.343645318263872639e+02 3.123606594586109608e+01 1.025686038051237006e+02
2.344327495614286363e+02 3.124360491878740120e+01 1.026684601955381311e+02
2.345078709507718315e+02 3.130649722008327984e+01 1.027197109989669457e+02
2.345511383764268203e+02 3.128779933689281378e+01 1.028118555334236959e+02
2.345365557457622572e+02 3.123688157194161263e+01 1.028467747238644279e+02
2.345384627622678124e+02 3.125041947999329750e+01 1.028432926686988367e+02
2.345565179024091265e+02 3.124160456665754637e+01 1.028680011539677253e+02
2.345373978876451133e+02 3.115311815229404147e+01 1.028201337669197386e+02
2.342948504190557344e+02 3.092559559795255453e+01 1.024979126760384105e+02
2.339943871349569520e+02 3.073035762392955661e+01 1.021154455609364931e+02
2.337714093891395635e+02 3.058946962031492234e+01 1.018844950436662202e+02
2.337166775911772447e+02 3.059304607173691082e+01 1.018048659679222396e+02
2.337060129354690332e+02 3.065999847268978584e+01 1.017768833113782421e+02
2.337203632877049415e+02 3.067199634294053823e+01 1.017102989497621053e+02
2.337022986018747872e+02 3.067428518700004503e+01 1.016718064897956566e+02
2.336960843584342626e+02 3.064927654284847591e+01 1.017293585084967305e+02
2.337307352089551387e+02 3.064655283963030641e+01 1.017844031929268596e+02
2.337641366348689189e+02 3.070115205858083129e+01 1.018087701546613744e+02
2.338023809069252934e+02 3.067492050562453088e+01 1.018461659210422994e+02
2.338076480059056053e+02 3.067410169764773187e+01 1.018348723105021634e+02
2.337876370601823908e+02 3.066657863420283903e+01 1.018511328611399307e+02
2.337721677410869745e+02 3.068272463657441307e+01 1.018223335178833224e+02
2.337799570231875350e+02 3.066295445433660660e+01 1.017928776433603417e+02
2.337927036996968582e+02 3.066471722487733942e+01 1.017970989590956634e+02
2.338056158348129259e+02 3.068356359656100807e+01 1.018339113778247338e+02
2.338245438751678478e+02 3.066766153957112451e+01 1.018652785113816464e+02
2.338511699832632189e+02 3.068348192788974416e+01 1.018922631131248977e+02
2.338699251405867869e+02 3.070242799899027730e+01 1.018964070027173392e+02
2.339046120525988783e+02 3.077121423283420043e+01 1.019828591247239729e+02
2.339674088970062655e+02 3.080560098596359353e+01 1.020495993992579855e+02
2.339872151407352590e+02 3.081689141460745063e+01 1.021323456727271122e+02
2.340353211700044653e+02 3.083312757070703825e+01 1.021358648500160200e+02
2.340356637541709404e+02 3.081119369899685267e+01 1.021589070822647471e+02
2.340320533625219355e+02 3.077997929646151931e+01 1.022140451023191758e+02
2.341122689678140603e+02 3.080548749832950506e+01 1.022957837752987302e+02
2.341817541582081219e+02 3.087253323490667611e+01 1.023749037476374468e+02
2.342426609562234603e+02 3.090028043112573286e+01 1.024753700015060929e+02
2.342877781242509343e+02 3.093424399204950248e+01 1.025381212387334386e+02
2.342838018145293972e+02 3.094922329911734238e+01 1.025347600956265950e+02
2.343330405988753000e+02 3.098236805206430944e+01 1.025882032255943273e+02
2.343707036445439940e+02 3.101270212996137232e+01 1.026225761905064928e+02
2.344158823292329430e+02 3.108642666683636691e+01 1.026326670442516900e+02
2.344471540059013535e+02 3.114500325614053011e+01 1.026367462352863811e+02
2.344614873880237553e+02 3.117862317226574476e+01 1.026240971369297199e+02
2.344974247852750295e+02 3.117775027205213334e+01 1.026413461966793790e+02
2.345134329054743603e+02 3.122091905892235530e+01 1.026335728240602236e+02
2.345542025425472445e+02 3.124121637531102991e+01 1.026908161988218495e+02
2.346349145236595177e+02 3.132003618876705886e+01 1.027725697206507220e+02
2.347230477475356167e+02 3.136000610924086374e+01 1.028367453867807058e+02
2.346989427619284072e+02 3.130214968912873275e+01 1.028100376100140636e+02
2.344948686619277680e+02 3.116243686587458583e+01 1.025807162236406356e+02
2.342288334956100471e+02 3.100219550843520722e+01 1.022637452616261129e+02
2.340300784655623261e+02 3.090514448991020657e+01 1.020109616326946167e+02
2.339236419136348388e+02 3.081555501816862730e+01 1.019476885644768913e+02
2.338993078314952641e+02 3.079600438677434227e+01 1.019460498878911920e+02
2.339605869113757137e+02 3.082473266768063169e+01 1.020497033412032266e+02
2.340274820381954726e+02 3.085519402142901058e+01 1.021020688689631442e+02
2.340910032943232864e+02 3.083545035499356146e+01 1.022235844273753429e+02
2.341540143864137349e+02 3.090851623933799530e+01 1.022967224347021897e+02
2.341989491257209579e+02 3.095660529849369169e+01 1.023545311263700768e+02
2.342202126779475577e+02 3.096609901636979600e+01 1.023858685622283389e+02
2.342730735208955082e+02 3.098753014846727893e+01 1.024353534132201418e+02
2.343017964986413233e+02 3.101277213167959701e+01 1.024597978010975368e+02
2.342874779653682538e+02 3.097575819285261289e+01 1.024013315175311902e+02
2.342843830409170778e+02 3.096172921214126816e+01 1.023498558600983870e+02
2.342933273513683332e+02 3.100012091205875109e+01 1.022888705753080671e+02
2.343481821826535736e+02 3.102010958450798483e+01 1.022998194804175540e+02
2.343824692363660915e+02 3.101988897303236925e+01 1.024712409607629695e+02
2.344388184982722407e+02 3.103930808604696168e+01 1.025918995284429656e+02
2.345053572527083361e+02 3.108431388770451775e+01 1.027453295065727303e+02
2.345665514820212252e+02 3.110983269589344502e+01 1.028527736589898183e+02
2.346275325242831684e+02 3.111279928386121085e+01 1.029088991275240375e+02
2.346822664435096613e+02 3.116050227293457908e+01 1.029726462982879269e+02
2.347299598868941928e+02 3.123822115027671842e+01 1.029584412526489245e+02
2.347976515484167805e+02 3.127893881637700702e+01 1.030092476512302255e+02
2.348454765101810153e+02 3.135945033802344994e+01 1.030274258246944896e+02
2.348447913418480937e+02 3.134524635301654527e+01 1.030290634406480876e+02
2.349235252441044679e+02 3.135201530704238593e+01 1.031239847099277256e+02
2.350314689542379654e+02 3.132872276561939984e+01 1.032944463182278128e+02
2.351707893436172299e+02 3.138068207128720388e+01 1.034423726764202343e+02
2.352250661304110793e+02 3.134788202377088595e+01 1.034855382813941844e+02
2.352314150741275682e+02 3.138486838616341856e+01 1.035443185120604426e+02
2.352184530893030967e+02 3.148352944420756927e+01 1.035360954314333100e+02
2.351569661255321648e+02 3.151396216088940250e+01 1.034381375724676815e+02
