1.264785275781205343e+02 8.481752969438142031e+01 8.278473718327582276e+01
1.263729480848792264e+02 8.469838515948218571e+01 8.268033021296066920e+01
1.262144215553564237e+02 8.454880984156640977e+01 8.256150740691312251e+01
1.258748021963356223e+02 8.422734075613429638e+01 8.231258221959542709e+01
1.257042644563497333e+02 8.404440096470992216e+01 8.188774999523364784e+01
1.261523874663972151e+02 8.431481525614383088e+01 8.116627662008350796e+01
1.266903133400697783e+02 8.459098253608129880e+01 8.082267497283179125e+01
1.265909587043145024e+02 8.446718604030428423e+01 8.048540304283999092e+01
1.266100455663381013e+02 8.439247106823511047e+01 8.026705877866962169e+01
1.269586733332062352e+02 8.477087901088634680e+01 8.039332662866294754e+01
1.270243298507178196e+02 8.489194915254236662e+01 8.036385626584812769e+01
1.267375026214943432e+02 8.465652227793559348e+01 8.007660006482240078e+01
1.268423814607919837e+02 8.475087700901794108e+01 8.011162322929972390e+01
1.272633553221101579e+02 8.512049817925301909e+01 8.043852834073706504e+01
1.271090803797830375e+02 8.493640493031591632e+01 8.028718947207870826e+01
1.263890249947570084e+02 8.430712951135345179e+01 7.968086881089016060e+01
1.258050037177556248e+02 8.374743570189319541e+01 7.921594917160778948e+01
1.257902184896379509e+02 8.369642618825189118e+01 7.918951497588224697e+01
1.258886270042515889e+02 8.381090684638996890e+01 7.931456740576919628e+01
1.258689848620617369e+02 8.382035852509962126e+01 7.932608768183638404e+01
1.254859964538330956e+02 8.351848391832376706e+01 7.903959886370135735e+01
1.256648729290194666e+02 8.370463384873501411e+01 7.918632151913213590e+01
1.262976611504070519e+02 8.434130188175630849e+01 7.978798545308954715e+01
1.263415020685973644e+02 8.445302520447656036e+01 7.986909925454233417e+01
1.262587963051228712e+02 8.445903080970811061e+01 7.985477159634706368e+01
1.261383195744599703e+02 8.436757163829098261e+01 7.976615317153152773e+01
1.262839888657985483e+02 8.452404148633962677e+01 7.989183237688509109e+01
1.261817482030847799e+02 8.432151674896570626e+01 7.972621827991839893e+01
1.260044756058035063e+02 8.403870755562334693e+01 7.951946102076223610e+01
1.266054722502907453e+02 8.447271024384663463e+01 7.995741024956626575e+01
1.269914491620750852e+02 8.474070084459781071e+01 8.024228327391278981e+01
1.266944838992583584e+02 8.446930230119539829e+01 8.000858658557510239e+01
1.265925887971630601e+02 8.444764399153496015e+01 7.998055089512115501e+01
1.265234218604030474e+02 8.442927684886846862e+01 7.995041085965948469e+01
1.263403700596747399e+02 8.432029417932928084e+01 7.981323044365217356e+01
1.259195368057806377e+02 8.400198518617376919e+01 7.948623715467769557e+01
1.259028116718461092e+02 8.402009256258222081e+01 7.948757649997139652e+01
1.262733336828659105e+02 8.437547663533584341e+01 7.978883386398733535e+01
1.261454071419038740e+02 8.426429906007511761e+01 7.969769403824521703e+01
1.260781515128405630e+02 8.420311576519036123e+01 7.964798812224742619e+01
1.260950625345560638e+02 8.420018922422832475e+01 7.966995147852280468e+01
1.259543168862366826e+02 8.407592562582219387e+01 7.953777573354177832e+01
1.258730672437131801e+02 8.394916684143295527e+01 7.948304608110426273e+01
1.258921302739699968e+02 8.390571438104134927e+01 7.949528369335189382e+01
1.260757826352214437e+02 8.400627013784293240e+01 7.963655364054069707e+01
1.260135817238946885e+02 8.393650025738308784e+01 7.959623982383557461e+01
1.254620288459705222e+02 8.342748231682904247e+01 7.913615326685858520e+01
1.250746768412423080e+02 8.318959362071267094e+01 7.878479676269279253e+01
1.250198566280909773e+02 8.323728813559321793e+01 7.872076795485310186e+01
1.248180158624239766e+02 8.311858210520294676e+01 7.856055651941812812e+01
1.242612914911059789e+02 8.266701302167737708e+01 7.810764332424548684e+01
1.241381384530323544e+02 8.255890259480277393e+01 7.798936149930410977e+01
1.244844307067548783e+02 8.280285170921430904e+01 7.831325189224227756e+01
1.249133977426550501e+02 8.312220215057863015e+01 7.872280080456044971e+01
1.251998150654897017e+02 8.337622733598978186e+01 7.900704467026368150e+01
1.251257459343005820e+02 8.332542754189624645e+01 7.895366151264990151e+01
1.252459509828220661e+02 8.345877819298011957e+01 7.906732712436368615e+01
1.253620736496920927e+02 8.357169787039332221e+01 7.917059970257955115e+01
1.251837977350288895e+02 8.342116213227583899e+01 7.900397275552420240e+01
1.248935220491506328e+02 8.313654887418734063e+01 7.872489800003812377e+01
1.252778712512630790e+02 8.342093811366800082e+01 7.896853491830469807e+01
1.257125102476597220e+02 8.378726573373243980e+01 7.934180234885893412e+01
1.258647380412194252e+02 8.394316361937808324e+01 7.948729051876989615e+01
1.254690973480009859e+02 8.361519561114182864e+01 7.917131465558330206e+01
1.249505181026100615e+02 8.316741577853615297e+01 7.877170359001735278e+01
1.247504814016891999e+02 8.297707384034622180e+01 7.855457474595336009e+01
1.250246277478027110e+02 8.317434843949591539e+01 7.877664391527329713e+01
1.256205696745533942e+02 8.367976778326438136e+01 7.924171131150978908e+01
1.257107967436273839e+02 8.378021391393872364e+01 7.926662980686735693e+01
1.255729681035633263e+02 8.366757068502030847e+01 7.913014527845035673e+01
1.248444977216830978e+02 8.305165297134468005e+01 7.855852605288745849e+01
1.247366851918933861e+02 8.292605241082152645e+01 7.845321109225753275e+01
1.248677622924253114e+02 8.301005700558616240e+01 7.855855941736096781e+01
1.247196144973403733e+02 8.286148977140568661e+01 7.844286095593983532e+01
1.253512659434519776e+02 8.338924424701149007e+01 7.892059731940287293e+01
1.258430320680253942e+02 8.378920087319593790e+01 7.930777058588014938e+01
1.255827796419515323e+02 8.355793740824769600e+01 7.909052019980553894e+01
1.253075036700920890e+02 8.335479542811386011e+01 7.896659501248784352e+01
1.256628233970753712e+02 8.371285104192484994e+01 7.927410821528664542e+01
1.259423414234237697e+02 8.399090103143886665e+01 7.951818363806219736e+01
1.262686555070446701e+02 8.429147680692456390e+01 7.981954109549864995e+01
1.270161007416445784e+02 8.495572057730072402e+01 8.043876189205163030e+01
1.272023364664162699e+02 8.519801815027358316e+01 8.059469314217078306e+01
1.272167308535585590e+02 8.522378505652895342e+01 8.064542620731729983e+01
1.272130536119425699e+02 8.524961154220129345e+01 8.063649644430039132e+01
1.271353000896074406e+02 8.518529913633676642e+01 8.057016310461192177e+01
1.268670187413014077e+02 8.497741701778802792e+01 8.037291948675907349e+01
1.268991058321099672e+02 8.499819831843053919e+01 8.032925015728966400e+01
1.273190716096928554e+02 8.537158729099540722e+01 8.063586251930372839e+01
1.274434186192827525e+02 8.549743093553983897e+01 8.067125030981296163e+01
1.267754308783435988e+02 8.490621008179061846e+01 8.009782701950392436e+01
1.269454133381632346e+02 8.508431440773293275e+01 8.021537959238146698e+01
1.279899000972336154e+02 8.592445806562315624e+01 8.107044193628338746e+01
1.282317067358105760e+02 8.611345350898933759e+01 8.130306857829212674e+01
1.278975496177384628e+02 8.581072572496233875e+01 8.106098787439705688e+01
1.277085946883758112e+02 8.564852910335361003e+01 8.091772320832777154e+01
1.281215038798116268e+02 8.597972393281348502e+01 8.121964309546052618e+01
1.281308054183905085e+02 8.601140826676326867e+01 8.123246220281787089e+01
1.278815346704543288e+02 8.586767411488817459e+01 8.105115965377208909e+01
1.277455053287830538e+02 8.578560942594040739e+01 8.094043011572705382e+01
1.277668776572419915e+02 8.581206268707937568e+01 8.098043888581723593e+01
1.276421207412632697e+02 8.575279546624469162e+01 8.087845560618481500e+01
1.273560894930506606e+02 8.546317038759985962e+01 8.062616060704276322e+01
1.272309465024499104e+02 8.526147022935691666e+01 8.046645202188709334e+01
1.271432718155993200e+02 8.511728565708946803e+01 8.035513622237898801e+01
1.271566271377094779e+02 8.510086080341652348e+01 8.033107567062592125e+01
1.268974590570246477e+02 8.485103477531410476e+01 8.013253560465958003e+01
1.266614101733046027e+02 8.464001877943222496e+01 7.992663867228461072e+01
1.262731954586185168e+02 8.428900068635488196e+01 7.963938485443556203e+01
1.260049593906693843e+02 8.401248069626889503e+01 7.940973718327582276e+01
1.257399167794703629e+02 8.375126070046329119e+01 7.920479828792586829e+01
1.257136970696459599e+02 8.373582248193551436e+01 7.918906455548989243e+01
1.259167127414157932e+02 8.392716058797735457e+01 7.931832567539227341e+01
1.256768603077157707e+02 8.369766067377170771e+01 7.912295285123258282e+01
1.248231516081676205e+02 8.297137566490629013e+01 7.847851566223712894e+01
1.243549574841280503e+02 8.256708880669577866e+01 7.812270261768127000e+01
1.246912165640311940e+02 8.282207202913194521e+01 7.840110770052048395e+01
1.247868319955768186e+02 8.273854883605650912e+01 7.834843234638043441e+01
1.248134091819031113e+02 8.265919858534631715e+01 7.830609759585136942e+01
1.251593296600636762e+02 8.289406303025681666e+01 7.856893100226878346e+01
1.252853615755657728e+02 8.297272692608339639e+01 7.865170349469028110e+01
1.255672413300032417e+02 8.317818297077272405e+01 7.885352757812053426e+01
1.256935806752969427e+02 8.327520924291243887e+01 7.895962898705458599e+01
1.256691554975119658e+02 8.323297696898056586e+01 7.894761539341480727e+01
1.252502740653181093e+02 8.290035699986654549e+01 7.862740700844598507e+01
1.249532659053211603e+02 8.265037368210329305e+01 7.838671807973156547e+01
1.245158600407999785e+02 8.221331099502393158e+01 7.798279108119959346e+01
1.241065494461497423e+02 8.182739366265657566e+01 7.764521410459285278e+01
1.240358668090217549e+02 8.169579702960858469e+01 7.753875521915692559e+01
1.238533965034031752e+02 8.153623381823034322e+01 7.738821948103944237e+01
1.236088992583554216e+02 8.132876160607042948e+01 7.719012745228880590e+01
1.236639601723513380e+02 8.136387056490819703e+01 7.721396875178737673e+01
1.236216730853558516e+02 8.133522478122438315e+01 7.714743045890449480e+01
1.233336399687327258e+02 8.110519818497263600e+01 7.697194047777925618e+01
1.233508894015366764e+02 8.114557396427142066e+01 7.702246858973137478e+01
1.235115607900707317e+02 8.128964891041162844e+01 7.718872614440144275e+01
1.233993870469581111e+02 8.117352862671826585e+01 7.712302434653295791e+01
1.233956526091018304e+02 8.115714428704886529e+01 7.712715439171797982e+01
1.234115293321385707e+02 8.113752121027243902e+01 7.711781710548893898e+01
1.236347710243846620e+02 8.130943880955558711e+01 7.728927713484966944e+01
1.236082963146555898e+02 8.124957102819774946e+01 7.728033307277267738e+01
1.237427861241921079e+02 8.136424234047015602e+01 7.740631970791785932e+01
1.233781863072200764e+02 8.104740138414901196e+01 7.713249032430267960e+01
1.232565871003412639e+02 8.092372404720596535e+01 7.698813654649100613e+01
1.230343820899506255e+02 8.075938256658595549e+01 7.685961897771252893e+01
1.231581571371375219e+02 8.087656098072486088e+01 7.693183161426856032e+01
1.234244413833863945e+02 8.109473365617432705e+01 7.715408428819279152e+01
1.232844631179577135e+02 8.093759651865551064e+01 7.699472603000896243e+01
1.232856999866542083e+02 8.084796762692799632e+01 7.690180835446416552e+01
1.240522749804579519e+02 8.142964624125373518e+01 7.744544193628338746e+01
1.245048330823053959e+02 8.174592476787859141e+01 7.771519132142380215e+01
1.246155030409334472e+02 8.182237230939352912e+01 7.775274541953442053e+01
1.245446845627347443e+02 8.190959657585175080e+01 7.777499475701129938e+01
1.245161078911746131e+02 8.199889182284417188e+01 7.780268965320013308e+01
1.246177908905454643e+02 8.217665535452135828e+01 7.794488665611713429e+01
1.248795304188671338e+02 8.247169262740462159e+01 7.817807572782216141e+01
1.250650988541686530e+02 8.267164591714171706e+01 7.832176698251701907e+01
1.249272725972812736e+02 8.259990038321481620e+01 7.821344445291795466e+01
1.248079993708413582e+02 8.251087443518713371e+01 7.810112056967454919e+01
1.246882209109454607e+02 8.241794007740557504e+01 7.801130340698938426e+01
1.251348901832186300e+02 8.282480076642961819e+01 7.842053773998588895e+01
1.254585541743722672e+02 8.313260233360659868e+01 7.868546119235095659e+01
1.252993055423156790e+02 8.295479352157251185e+01 7.852381031820175394e+01
1.250849888467331397e+02 8.274445196469085317e+01 7.834919734609445641e+01
1.251923080589502604e+02 8.281625231168138157e+01 7.841196068711749945e+01
1.256902108634725721e+02 8.323866561171378464e+01 7.880390745648318784e+01
1.257389420602085721e+02 8.327772111113229414e+01 7.883727192999180033e+01
1.255593339497817027e+02 8.313714943471049423e+01 7.868573764084574407e+01
1.255898695925721142e+02 8.323141122190234853e+01 7.873837963051228428e+01
1.255488670378067155e+02 8.324111313416331370e+01 7.874394434805819287e+01
1.256298187832453124e+02 8.334375178738251577e+01 7.886874654439381516e+01
1.255474228327391302e+02 8.326773321766982860e+01 7.880615002573830452e+01
1.256197999084860157e+02 8.336386579855484058e+01 7.888231158605174187e+01
1.256283936435911670e+02 8.341432718155992632e+01 7.889171560122781557e+01
1.257996844674076726e+02 8.361323425673485588e+01 7.901397018169339503e+01
1.258604483231968914e+02 8.372283416903395903e+01 7.904549722598234496e+01
1.257488060284837275e+02 8.366922699281234088e+01 7.896127099578654907e+01
1.255693814226611522e+02 8.351483527482793079e+01 7.881626899391812913e+01
1.252827424643953407e+02 8.321411650874149757e+01 7.856085918285637604e+01
1.250779322605860671e+02 8.302343377628643850e+01 7.841466559264837599e+01
1.252479862157060921e+02 8.304008741492059187e+01 7.858744590188938162e+01
1.254355136222378917e+02 8.319130474156831667e+01 7.870791071666889138e+01
1.254428013765228513e+02 8.317855474633466883e+01 7.869778221578235389e+01
1.251591437722827038e+02 8.293662179939371981e+01 7.849612495471964735e+01
1.255591051648204939e+02 8.325721387580789212e+01 7.881115946311795994e+01
1.262719705058054132e+02 8.385900411812930599e+01 7.935855608091361546e+01
1.262555885493126908e+02 8.381025862233322243e+01 7.933280347371832875e+01
1.259986153743493986e+02 8.367842128844064575e+01 7.909779365503041504e+01
1.261067472498141058e+02 8.383348267907189211e+01 7.916122666870030855e+01
1.263014075041467237e+02 8.403967750853176710e+01 7.932338039312882927e+01
1.261517297096337558e+02 8.393432680025166803e+01 7.916818316142685319e+01
1.259617500142990565e+02 8.378199176374140222e+01 7.904487521686907314e+01
1.259992350002859780e+02 8.382805618577339146e+01 7.912266448685440423e+01
1.261638958265809976e+02 8.402776877466587280e+01 7.929312119883319099e+01
1.262670254141961124e+02 8.415630302568111176e+01 7.939690854321176516e+01
1.264787825780252035e+02 8.439136765743265300e+01 7.959134477893653070e+01
1.266677899372747902e+02 8.460889687517874336e+01 7.977140092657909065e+01
1.269759704295437643e+02 8.489664877695372525e+01 8.004564498293645158e+01
1.270811018855693817e+02 8.505598320337077212e+01 8.022913528817372253e+01
1.270139392003965639e+02 8.503622666870030855e+01 8.024756677661055448e+01
1.268375293130731478e+02 8.490331452212541308e+01 8.015254713923471286e+01
1.269245128786867696e+02 8.500573153991344100e+01 8.027996844674076726e+01
1.274673337972583909e+02 8.550189939181331056e+01 8.072166641246116114e+01
1.277735314865302882e+02 8.589381517988218206e+01 8.109838706602351976e+01
1.278900092467255121e+02 8.616055699605345808e+01 8.127678928905073974e+01
1.284669810871098719e+02 8.678579293054470156e+01 8.184195963851976785e+01
1.286062872967150383e+02 8.697454528988960476e+01 8.199344864730892368e+01
1.285937112733789718e+02 8.700934681893576794e+01 8.200062439228995004e+01
1.280908514613639397e+02 8.667321404739661261e+01 8.167651236392060810e+01
1.279658657604240091e+02 8.660938066004460723e+01 8.160705467960572435e+01
1.283799355589025879e+02 8.700955177213018032e+01 8.196540580732492742e+01
1.284141246115422064e+02 8.706710548893252621e+01 8.200263579340717968e+01
1.284026114850050533e+02 8.707893796114468898e+01 8.197891126956588437e+01
1.286205315437265142e+02 8.722672589655107345e+01 8.218160759566070794e+01
1.287837600808373395e+02 8.728635297706431118e+01 8.227358868277057979e+01
1.287612366780423656e+02 8.724769070179786468e+01 8.224552677737317197e+01
1.289999475701130507e+02 8.744821357076128265e+01 8.246013898686392452e+01
1.289345269870927098e+02 8.734985748603457978e+01 8.236068664086481306e+01
1.287663962555527917e+02 8.717080227259728531e+01 8.220100188747592540e+01
1.289857533698118175e+02 8.734290575966139158e+01 8.236533621856590059e+01
1.292198242168881563e+02 8.752126746868505336e+01 8.257115212293378192e+01
1.292422070122590583e+02 8.753011382051819567e+01 8.259346818935767942e+01
1.291059893996301184e+02 8.740643171722179261e+01 8.246349449962822575e+01
1.289739399630130947e+02 8.733475291224189618e+01 8.236020523917561320e+01
1.286773679243484310e+02 8.708060141846675606e+01 8.212764532611389257e+01
1.284012149434710466e+02 8.684385664715640019e+01 8.192523736439724757e+01
1.281771939524508639e+02 8.665448704505156741e+01 8.175273112047435120e+01
1.281247735982154836e+02 8.651991382433128308e+01 8.168588778097652892e+01
1.279756367848086853e+02 8.632064450630112162e+01 8.151691340489217907e+01
1.278207279174848878e+02 8.615952031419801926e+01 8.136823892776115486e+01
1.275622533412137045e+02 8.590342891460601038e+01 8.115314769975786646e+01
1.270261482145240279e+02 8.537717107395474159e+01 8.072418066385769464e+01
1.267912313397266075e+02 8.504155068540161722e+01 8.037296476711597393e+01
1.264409806295399505e+02 8.462666822367542352e+01 7.996009370650702408e+01
1.262826471373281692e+02 8.441032821109226347e+01 7.977673685916379043e+01
1.266004270652609165e+02 8.463995920001525519e+01 7.998821757449810832e+01
1.267632123315094077e+02 8.473630150044803599e+01 8.006200549083906992e+01
1.264292482507483157e+02 8.447560580351185422e+01 7.983911650874149757e+01
1.263394477702998984e+02 8.443920754609064261e+01 7.977884835370154804e+01
1.264226945148805612e+02 8.453283540828583398e+01 7.984427846942861606e+01
1.263660654706297350e+02 8.457927398905644623e+01 7.978855503231586965e+01
1.261724752626260653e+02 8.439573125393224018e+01 7.962797658767230757e+01
1.257255343082114791e+02 8.394357590894358623e+01 7.926087205201044128e+01
1.255926579092867570e+02 8.372937598901832246e+01 7.913421097786505243e+01
1.253674381803969453e+02 8.343449123944252221e+01 7.891435816285675742e+01
1.252475786924939456e+02 8.327129606680520624e+01 7.876332672399000501e+01
1.252847800804560450e+02 8.326670606852110268e+01 7.873262664200872507e+01
1.252661436388248148e+02 8.323299841757068407e+01 7.872426645821815328e+01
1.254600960896837023e+02 8.342164115078836062e+01 7.890233741968694403e+01
1.259528107185754351e+02 8.384673075823148736e+01 7.931089731368324180e+01
1.258104635755276348e+02 8.372792940077405888e+01 7.919659539379611601e+01
1.256006653829288240e+02 8.357739604583325388e+01 7.903626241635049610e+01
1.255607376408457441e+02 8.352525690644601752e+01 7.897444757964576922e+01
1.256867409582276736e+02 8.365975386551257031e+01 7.910175687784789034e+01
1.257501000934205280e+02 8.373316047358487424e+01 7.914838611275285984e+01
1.258873210234313973e+02 8.383957169548722277e+01 7.929468217955806608e+01
1.259089245200282221e+02 8.385071781281577330e+01 7.929406493679815071e+01
1.261044308020819500e+02 8.403179157690034629e+01 7.941862881546586550e+01
1.265712212350574788e+02 8.442514203733007605e+01 7.979733703837867154e+01
1.268086261463079865e+02 8.461862023602981253e+01 8.001865074069131367e+01
1.271518155039942002e+02 8.493511801490915047e+01 8.033899020037749494e+01
1.273880264437284353e+02 8.515972765056909566e+01 8.049554584278659775e+01
1.273552696802730111e+02 8.514418695544412685e+01 8.043729862157060495e+01
1.272078606699586345e+02 8.505675773579150700e+01 8.032660959752912788e+01
1.273585727631503630e+02 8.522949991420563265e+01 8.045767478217764790e+01
1.273467998703551842e+02 8.523630626680139244e+01 8.044962917770871513e+01
1.270247302243999172e+02 8.500373920420963714e+01 8.021567033993632378e+01
1.269585208098987579e+02 8.492709147585365770e+01 8.015712522163542531e+01
1.269637018359993164e+02 8.489172990028788490e+01 8.011611075098663548e+01
1.270913400125831743e+02 8.495954080951744913e+01 8.016895531067090985e+01
1.276574088196602474e+02 8.540552611008369865e+01 8.059387332939314774e+01
1.280006529904100887e+02 8.571454786372042634e+01 8.086520276067186330e+01
1.278199819831843058e+02 8.566743007759623652e+01 8.085237412060780571e+01
1.276131246306076150e+02 8.554792091666507758e+01 8.075646794150731012e+01
1.275733470286553199e+02 8.558715992068788125e+01 8.078510657566108932e+01
1.277034112790985887e+02 8.578213237116547418e+01 8.095764856723418745e+01
1.276615817620255058e+02 8.579219890945834948e+01 8.097173790776153623e+01
1.275559069417170264e+02 8.568920277973727195e+01 8.081166946292729847e+01
1.275668957693847574e+02 8.572393757983641649e+01 8.075979008979810203e+01
1.277559698575813627e+02 8.587820775581018040e+01 8.089689186097500340e+01
1.278059331566605010e+02 8.591840956321138378e+01 8.088959219080665264e+01
1.278652242092619815e+02 8.595399277420830231e+01 8.092328792587366593e+01
1.275679372175935669e+02 8.570540838115574900e+01 8.069548483346360968e+01
1.274680511334388342e+02 8.561658976949915711e+01 8.062777163447789519e+01
1.277404077138662757e+02 8.586877514251396804e+01 8.082329459876837063e+01
1.280628824998570110e+02 8.613392976301690851e+01 8.107972679262549320e+01
1.279707107586127961e+02 8.607022268402890575e+01 8.100664906293492606e+01
1.278768922422832759e+02 8.594583277725877224e+01 8.090184886846770951e+01
1.276584907818726009e+02 8.575396083964081129e+01 8.071002459438332721e+01
1.278999113458275332e+02 8.594082572305580925e+01 8.088180873577243801e+01
1.284087600808373395e+02 8.634718832815389078e+01 8.126040256620464675e+01
1.290002597662580399e+02 8.685287458771043134e+01 8.176272378029017318e+01
1.291389916302834990e+02 8.697632552286896157e+01 8.184930220586834082e+01
1.289723694495815209e+02 8.692442946750300337e+01 8.171307982688604454e+01
1.290922480028979464e+02 8.709905435549369201e+01 8.183389258546071687e+01
1.290045280356904414e+02 8.706315418199844203e+01 8.178926998531963477e+01
1.287024889897237472e+02 8.681601399401345986e+01 8.156069951001887830e+01
1.285091633143314596e+02 8.668140979199634444e+01 8.145132838268098396e+01
1.284813492593087005e+02 8.667162208537492063e+01 8.145930964137957631e+01
1.288380273969991094e+02 8.698753836914453075e+01 8.176851489962059816e+01
1.288661989285237723e+02 8.694268936721893226e+01 8.185462622256963527e+01
1.288000347943795134e+02 8.689439905816857390e+01 8.180384787706621808e+01
1.288838844826599939e+02 8.698201416560218036e+01 8.185331309221940899e+01
1.293995562525023217e+02 8.743193885721912295e+01 8.227256153362185387e+01
1.294967398143028845e+02 8.756780614287620779e+01 8.232950754037101149e+01
1.292830236792434846e+02 8.741737764770928720e+01 8.217535175687784488e+01
1.290791834283426454e+02 8.726022859430706546e+01 8.203090026882233587e+01
1.289798502411774734e+02 8.722604192484413943e+01 8.198567472498140773e+01
1.286862762387752355e+02 8.697608958837771809e+01 8.177366256124764732e+01
1.287368829955577496e+02 8.701604831175764332e+01 8.179025662046481671e+01
1.286388176583859320e+02 8.694445530113820553e+01 8.169369745095421820e+01
1.285785161388724589e+02 8.687525023355131282e+01 8.164430134792472415e+01
1.284408948351795061e+02 8.677545471011039524e+01 8.152930115727059501e+01
1.286122285561762340e+02 8.689154639568359073e+01 8.166145545366151737e+01
1.286597276505690957e+02 8.684517692703666114e+01 8.167935549369887838e+01
1.285175640121256038e+02 8.671516748965701993e+01 8.154993708413566367e+01
1.284067176984232788e+02 8.658934529370269217e+01 8.143274198776001072e+01
1.284168867133133745e+02 8.667112400144897322e+01 8.143061381098549134e+01
1.286072429505633750e+02 8.689541667461058694e+01 8.161662313397266644e+01
1.283027921297973251e+02 8.667329984175707125e+01 8.137371546776991238e+01
1.280204023755505034e+02 8.644408352557624653e+01 8.118688156565174552e+01
1.279805699605345950e+02 8.641212512630836784e+01 8.116746820842310228e+01
1.280278641017330585e+02 8.644007740557853481e+01 8.120763188499742569e+01
1.279755748222150231e+02 8.631507263922517836e+01 8.120520819431469306e+01
1.276783569426703053e+02 8.598166860498369601e+01 8.100058149510972783e+01
1.276512054107643337e+02 8.588294551104840480e+01 8.095386884902099212e+01
1.276164706106651892e+02 8.580534212884406031e+01 8.093691254694857662e+01
1.273879930792549260e+02 8.554084049875120854e+01 8.073894920973860678e+01
1.273974399916112219e+02 8.557184086099407239e+01 8.075566957731977880e+01
1.273362400144897180e+02 8.550769527749709198e+01 8.067047577739222675e+01
1.271196640674153002e+02 8.528161522182608678e+01 8.047635888734247089e+01
1.271181126193971522e+02 8.530328544736993024e+01 8.048169005357381423e+01
1.274605608091361404e+02 8.562563869135001937e+01 8.074343434824884014e+01
1.277435058435492152e+02 8.572248622523879646e+01 8.087665869096871063e+01
1.278938390116489643e+02 8.565139368172198431e+01 8.091436292921011386e+01
1.279331566605021777e+02 8.557557529885035308e+01 8.087396808449791763e+01
1.281940739928695336e+02 8.576758069436235132e+01 8.105377161541248654e+01
1.284795475777392255e+02 8.598950925625821640e+01 8.125331738193742126e+01
1.285838830527540040e+02 8.606473184496006468e+01 8.126517606909305869e+01
1.285413671807973230e+02 8.603844063983527235e+01 8.118108806314464232e+01
1.287256224857486018e+02 8.624002640559760380e+01 8.129653629101447621e+01
1.288709414501153390e+02 8.635304855960801262e+01 8.141844292768489311e+01
1.290079335951650137e+02 8.647486463556462866e+01 8.152822872776496865e+01
1.289628844063983593e+02 8.643691731330193306e+01 8.153038550265962670e+01
1.290341556881660949e+02 8.652560485024118009e+01 8.160967379077615647e+01
1.292615131265371531e+02 8.673893967703189389e+01 8.183897590131742561e+01
1.296206602352671950e+02 8.707357819679319277e+01 8.214407256296352955e+01
1.300406212464967268e+02 8.746166183676193384e+01 8.250607471735524712e+01
1.300680921240777081e+02 8.758782482698137528e+01 8.257758669996758272e+01
1.300344178376008131e+02 8.760499799813159427e+01 8.257705763474480420e+01
1.302019813730910869e+02 8.782644039198490304e+01 8.273924472364683425e+01
1.302425382738174733e+02 8.789772120645936582e+01 8.280711282911670423e+01
1.300975243560656622e+02 8.780765381022287386e+01 8.271165945358525562e+01
1.300675964233284390e+02 8.785736210939734292e+01 8.272689748527196230e+01
1.301786310079884004e+02 8.804150302186802435e+01 8.288467093096413407e+01
1.301720891880040369e+02 8.809027949896093901e+01 8.296275094850432197e+01
1.301856208651884685e+02 8.817634554155306148e+01 8.302569064460162451e+01
1.301662098911364751e+02 8.817386465463003731e+01 8.304743236544584306e+01
1.302270666908162013e+02 8.819185287220453517e+01 8.306858544165029912e+01
1.302993698880860336e+02 8.821119235095612510e+01 8.305381689576938697e+01
1.303735057482221578e+02 8.817261348687345901e+01 8.309669501058129981e+01
1.304490381498922886e+02 8.822726926083392129e+01 8.313211378238736415e+01
1.307094478656269700e+02 8.849413261901584349e+01 8.336494537759051582e+01
1.308997397571066301e+02 8.871185964042629735e+01 8.351231149072467019e+01
1.304447317496329788e+02 8.833671664982554717e+01 8.316159129473223288e+01
1.301054174372271177e+02 8.807182417875731062e+01 8.292903376484719047e+01
1.304427894606394602e+02 8.837935883014623073e+01 8.319258450744504785e+01
1.315995262244761648e+02 8.944214123658271376e+01 8.417787554098110547e+01
1.321520228403653050e+02 8.992490610283884678e+01 8.455175783111856447e+01
1.312033326342681789e+02 8.891974414215172828e+01 8.359033192884787411e+01
1.301212679453203975e+02 8.790767811862500025e+01 8.268729147204057028e+01
1.301421874702103025e+02 8.783441450115346072e+01 8.264869830889783486e+01
1.304154472745991598e+02 8.809288907742464403e+01 8.291921269375225734e+01
1.302254008503174418e+02 8.799397532935502397e+01 8.278731578044269668e+01
1.304354802577643966e+02 8.826808592781834761e+01 8.302686078435111483e+01
1.302526596251739761e+02 8.810744790375778734e+01 8.282323978570475731e+01
1.298851261177098593e+02 8.779782558959790606e+01 8.254859297248860628e+01
1.299127042382414174e+02 8.777632933595164388e+01 8.255314007359250184e+01
1.298704600484261391e+02 8.768745114487808223e+01 8.253002802615775124e+01
1.295829607633791625e+02 8.743688156565174552e+01 8.230016348592019426e+01
1.294154854054260113e+02 8.725504041867647231e+01 8.214059074183523990e+01
1.295702608148557715e+02 8.736428762082705646e+01 8.222985739070752231e+01
1.298906956016091101e+02 8.764325513336257245e+01 8.246980753465139458e+01
1.305363720424777512e+02 8.820246039160359430e+01 8.297935692360488247e+01
1.309182570399039207e+02 8.855519437188995369e+01 8.328813559322033200e+01
1.304055785399706338e+02 8.813496406169568331e+01 8.288889630321634172e+01
1.300014775695410947e+02 8.780441745629254058e+01 8.254357400240223797e+01
1.302176674419934841e+02 8.798627051915120489e+01 8.271971697393757950e+01
1.304823454271605954e+02 8.822149244056357986e+01 8.295221254122895971e+01
1.303521358029398982e+02 8.807814674648719233e+01 8.282324216888143553e+01
1.298599192579740986e+02 8.764966587862957681e+01 8.239315027358868804e+01
1.297080465577396069e+02 8.751237821967168884e+01 8.226911307696707354e+01
1.297629215839545509e+02 8.754237288135593076e+01 8.234034622790795765e+01
1.297864935844883689e+02 8.750049331757259097e+01 8.233613038836247711e+01
1.293093816133152814e+02 8.697835837257630942e+01 8.189265933919277529e+01
1.291593773235972549e+02 8.680014680368343249e+01 8.176134868734628469e+01
1.292469137862004516e+02 8.682405244895235796e+01 8.178866704161980294e+01
1.293723022439991723e+02 8.689925120588739560e+01 8.185562000724485188e+01
1.293715586928752543e+02 8.686383720043468770e+01 8.179882414062649332e+01
1.291187155630969983e+02 8.659214790947741847e+01 8.151587672303674026e+01
1.293708437398715034e+02 8.679635516958684605e+01 8.168525147280318777e+01
1.296855017063545006e+02 8.703904120035842595e+01 8.196492440563574178e+01
1.295736711406836719e+02 8.692337848658748101e+01 8.184929982269164839e+01
1.296894482469352283e+02 8.707964099826504878e+01 8.197674496196449923e+01
1.302262540275685865e+02 8.758176679186287572e+01 8.244534422603953772e+01
1.302875088177537179e+02 8.768101895102095966e+01 8.246928800213532895e+01
1.299395149758822470e+02 8.740639835274828329e+01 8.219772740271872635e+01
1.300815308573716322e+02 8.755196993384301152e+01 8.232991506358315803e+01
1.306760547939982189e+02 8.811699967588796767e+01 8.285075117728928262e+01
1.306093496787477761e+02 8.810542220358048837e+01 8.283246267945320085e+01
1.301504404110503117e+02 8.770226020476253836e+01 8.247623972850851715e+01
1.302911240967760307e+02 8.783862557434558482e+01 8.259407351623420368e+01
1.304458256277287376e+02 8.801351737812434806e+01 8.275578158662371209e+01
1.303473265524012845e+02 8.797621827991839893e+01 8.268061857733884779e+01
1.303513565041658069e+02 8.804253493737012093e+01 8.272542944843759471e+01
1.307450263102705321e+02 8.839842662675640383e+01 8.304659348725476775e+01
1.309614568835675072e+02 8.858524861299117958e+01 8.322922108253418116e+01
1.306321662122743135e+02 8.837382986025052389e+01 8.302463728050942393e+01
1.304462260014108494e+02 8.819869020609712607e+01 8.285781967931974634e+01
1.308798807458389604e+02 8.863064812872967480e+01 8.320068492497759394e+01
1.318195124973784971e+02 8.959682846847533710e+01 8.396219805151474702e+01
1.320628967989170803e+02 8.980439839087910059e+01 8.416493489161312880e+01
1.317066381003222091e+02 8.949587948752169098e+01 8.389521410459285278e+01
1.315128786867743145e+02 8.933025109149491527e+01 8.382844940992545446e+01
1.316997292711292573e+02 8.953602409868257439e+01 8.405285885874435792e+01
1.322083468380011766e+02 9.004244914300966229e+01 8.454747287944938705e+01
1.324587519780366449e+02 9.029082381651446099e+01 8.480351184915444662e+01
1.321159320127356978e+02 9.000247373739298951e+01 8.457966006367847456e+01
1.319876313130350240e+02 8.991423900402280367e+01 8.446447636842005124e+01
1.320610498369907191e+02 8.998537921107319448e+01 8.449923976663933445e+01
1.321038779050923608e+02 9.002325027168214433e+01 8.447447141141255145e+01
1.320058816800442401e+02 8.993048750262148872e+01 8.437809574650626132e+01
1.321435506472707857e+02 9.006187441612171085e+01 8.446298211664219480e+01
1.323655101904634819e+02 9.016109082762959304e+01 8.464111980705801841e+01
1.321312606051362195e+02 8.986035061295304160e+01 8.442096909496481771e+01
1.318213832910716690e+02 8.954106451735906091e+01 8.414924167318068271e+01
1.316219257020838427e+02 8.930350469962441196e+01 8.394641903872185651e+01
1.314352633886865931e+02 8.909452631980325066e+01 8.375738308135211696e+01
1.310479852624354180e+02 8.878846685477874701e+01 8.339499485233837106e+01
1.312081061371565909e+02 8.897447856094260032e+01 8.353730863091266201e+01
1.313538731387390044e+02 8.911614649863682303e+01 8.366768031114754933e+01
1.314182498903738860e+02 8.921589912489751839e+01 8.371662361060799640e+01
1.311274904196297371e+02 8.895119254161026845e+01 8.346393777049055984e+01
1.312326886046024015e+02 8.910083220529637060e+01 8.362408247697851493e+01
1.313600908466950159e+02 8.924056976988046586e+01 8.377708003660559655e+01
1.310846528188213824e+02 8.903758031305409304e+01 8.360061056986521066e+01
1.305299708299174597e+02 8.855617624068177918e+01 8.316876703971325924e+01
1.307866318087357627e+02 8.878531629520885815e+01 8.339198728336924660e+01
1.310277711578425510e+02 8.895667623114907485e+01 8.352527358868276508e+01
1.309605703418428675e+02 8.889932270118777069e+01 8.342740605517531094e+01
1.308190430115727168e+02 8.874195201235438901e+01 8.326164658443119038e+01
1.308844016319993955e+02 8.877194429086195271e+01 8.330588072677356593e+01
1.308471930945072472e+02 8.872036043164095531e+01 8.328655554708204534e+01
1.309220844216506805e+02 8.877879830699129116e+01 8.328095269870927098e+01
1.307885860136127008e+02 8.863808363996872686e+01 8.313411803397457334e+01
1.301921460029360844e+02 8.805464624125373518e+01 8.262185182360678937e+01
1.303462541228956582e+02 8.817496091590246010e+01 8.270788688490209495e+01
1.303984528416998785e+02 8.820951459457398869e+01 8.275964709919735185e+01
1.302951349831270988e+02 8.814467074031000493e+01 8.268216287582696111e+01
1.300843644544432038e+02 8.798126823130159835e+01 8.251968503937007426e+01
1.301314012125602915e+02 8.805554946521515092e+01 8.258626384625650019e+01
1.297657289660826336e+02 8.774861775752607684e+01 8.231288726621036744e+01
1.290343034451202016e+02 8.711493107853043227e+01 8.175890354807343385e+01
1.289832820155955062e+02 8.697653285924005218e+01 8.166221092066881226e+01
1.293152346952393543e+02 8.713058616613601259e+01 8.187309822501001122e+01
1.292181035633257693e+02 8.694054927456102178e+01 8.180611904444147342e+01
1.290458165716573546e+02 8.670174305542315096e+01 8.166675802177270782e+01
1.292090522582982146e+02 8.684897332748660403e+01 8.182467445806562978e+01
1.290607424071990863e+02 8.673372290328116208e+01 8.174603916035918871e+01
1.289333854454633865e+02 8.664528798306990609e+01 8.170537263350556145e+01
1.290096828468475394e+02 8.670213866275190639e+01 8.175517864292386605e+01
1.288390116489676132e+02 8.655195325160626396e+01 8.164302873157804186e+01
1.283784031762978657e+02 8.623881575184458370e+01 8.133599216411508337e+01
1.280169014890088022e+02 8.599142056395493228e+01 8.110490743741777919e+01
1.279709609921641089e+02 8.598227631503689850e+01 8.105899553869325302e+01
1.280751058130445585e+02 8.609590617910049559e+01 8.115779251110559755e+01
1.279384997426169122e+02 8.596743150750224061e+01 8.105909801529045922e+01
1.277202484223370362e+02 8.572491944862824198e+01 8.085814855770146892e+01
1.277216926274046216e+02 8.563178967035899802e+01 8.076942288993537034e+01
1.275138391069760360e+02 8.537076271186440124e+01 8.053644115460143382e+01
1.274970210291510142e+02 8.517475834588472594e+01 8.046977655335456348e+01
1.277192737030752454e+02 8.532172170216010443e+01 8.062330794455778005e+01
1.275012845322300876e+02 8.528651264990180891e+01 8.049161836761929578e+01
1.268095150712093186e+02 8.481123095841833504e+01 8.002167499189719990e+01
1.265947837028845981e+02 8.467095002955139194e+01 7.986429238718041290e+01
1.264656679567596456e+02 8.456439820022497145e+01 7.973722617299955573e+01
1.262593396694057333e+02 8.440511382051819567e+01 7.961514794760824998e+01
1.262147170692646512e+02 8.429922451430859098e+01 7.953845732207203412e+01
1.263573406608072247e+02 8.437759766258031391e+01 7.964712541228956866e+01
1.267010733827763005e+02 8.462982593277534704e+01 7.989564545957179575e+01
1.269625650607233354e+02 8.481151932279651362e+01 8.009279136718079428e+01
1.272321261749060994e+02 8.504279708680482486e+01 8.031228670568721384e+01
1.274658538445406180e+02 8.522473356084726959e+01 8.048592972488609121e+01
1.278829526605784395e+02 8.558320623057710463e+01 8.083408800594840216e+01
1.286301834092772367e+02 8.619894282282511710e+01 8.142110255285885501e+01
1.288327939410116016e+02 8.640140083125201897e+01 8.161290299517645508e+01
1.285166941526377116e+02 8.609246010562239348e+01 8.134314169415263507e+01
1.282420497225982388e+02 8.592320928104325617e+01 8.114238527387466604e+01
1.286563554555680469e+02 8.633241501591962219e+01 8.151998055327830173e+01
1.289759751958971208e+02 8.664708728146270289e+01 8.178128872662104243e+01
1.286888596022954800e+02 8.642309727173933709e+01 8.154275180644792442e+01
1.282928042363348595e+02 8.614635326304551199e+01 8.127691321423804993e+01
1.287288445406188657e+02 8.646349211645154753e+01 8.161040065966329848e+01
1.292729404587138333e+02 8.686447350860802885e+01 8.204896951440392172e+01
1.293548287925873694e+02 8.687970915711807152e+01 8.206467226554308070e+01
1.292496020094945663e+02 8.677324312215210966e+01 8.197508865417246682e+01
1.296729090007816865e+02 8.712670397132562528e+01 8.228011382051819567e+01
1.300961659453585355e+02 8.746931421707880361e+01 8.261741434863014888e+01
1.299684944043011683e+02 8.736111799584374182e+01 8.246585384454061796e+01
1.299341814264742254e+02 8.731827324550532410e+01 8.237913004518503612e+01
1.297800756896913299e+02 8.718528245410001887e+01 8.225109626127242279e+01
1.294318196983851692e+02 8.689874120607805708e+01 8.197879687708527285e+01
1.295784494099254402e+02 8.705464624125373518e+01 8.206094736039351289e+01
1.299422127318831031e+02 8.738693256563269074e+01 8.237128939391050153e+01
1.301472827019503882e+02 8.760890402470877802e+01 8.251611265752798374e+01
1.301617890983966106e+02 8.759823454271605669e+01 8.251858877809765147e+01
1.299664329564736533e+02 8.744049446149739424e+01 8.238411803397457334e+01
1.296805089512116069e+02 8.725164200873196307e+01 8.223353939867685369e+01
1.296206006558502111e+02 8.724752864578368872e+01 8.229025423728813848e+01
1.298843396694057333e+02 8.753421288440640069e+01 8.255546128767802827e+01
1.299977097672112905e+02 8.765795456711978773e+01 8.271208127585747150e+01
1.299939157499380258e+02 8.768873567710815564e+01 8.271250071495300915e+01
1.300681564698480486e+02 8.772028893634058022e+01 8.269218651693961419e+01
1.301187060303902570e+02 8.777557625212102721e+01 8.266548302224933309e+01
1.299356089493050774e+02 8.764242102152485359e+01 8.248708556557548377e+01
1.296239347200244083e+02 8.738967798516711127e+01 8.227062401098167754e+01
1.295233050847457719e+02 8.729978217765152237e+01 8.215687737126079071e+01
1.298534370174067192e+02 8.762516682236754662e+01 8.246116613601266465e+01
1.300248875140607367e+02 8.780884778173914640e+01 8.262262635602752425e+01
1.300118348553888268e+02 8.781200072448571348e+01 8.259550342224170549e+01
1.298798998112524146e+02 8.765520438123201075e+01 8.248243360469771801e+01
1.295063821471468657e+02 8.731762502144859184e+01 8.216873367523974991e+01
1.294918876665840628e+02 8.734415931059464810e+01 8.214418218909077041e+01
1.300647914243770344e+02 8.783522478122438315e+01 8.257612581266324980e+01
1.302078201559550905e+02 8.797972154963680680e+01 8.274328182494137707e+01
1.301967550666336138e+02 8.797490038321481620e+01 8.273841299498579360e+01
1.300868953880764991e+02 8.788207565156049839e+01 8.261462603191550613e+01
1.299839993517759353e+02 8.775654896951439810e+01 8.248026253074297642e+01
1.301714433471239829e+02 8.787660626108177553e+01 8.263415139844806845e+01
1.304413500219252171e+02 8.808604697717869669e+01 8.281680520867095652e+01
1.305185911612743439e+02 8.807200291700824835e+01 8.280651703494690707e+01
1.306085513145602590e+02 8.816034251015233281e+01 8.287636317706049738e+01
1.305591051648204939e+02 8.813169672646851893e+01 8.281858544165029912e+01
1.306574255018969950e+02 8.822815818573525348e+01 8.295238651312654099e+01
1.306582143333778276e+02 8.823847972393281225e+01 8.295559665211339961e+01
1.304194653104802626e+02 8.803828096699777461e+01 8.274871546776991238e+01
1.302700305999885586e+02 8.792119073039599186e+01 8.266401736859164373e+01
1.301647895178356862e+02 8.781422422832739016e+01 8.258343739871499167e+01
1.299975786924939598e+02 8.769871880421726473e+01 8.245453852166784259e+01
1.299051948485252979e+02 8.762675401803588215e+01 8.238510943547311172e+01
1.296408719566833838e+02 8.741285914472555874e+01 8.214853625288364469e+01
1.294335999313645118e+02 8.721873272196907578e+01 8.200427541896246453e+01
1.291960448799832193e+02 8.695294179329279416e+01 8.182119025376064769e+01
1.290591623610607996e+02 8.675300041943908980e+01 8.170537501668223967e+01
1.289437784789613204e+02 8.661914215172255638e+01 8.160240271872795859e+01
1.287312420163581237e+02 8.634842758002707797e+01 8.142196287964004853e+01
1.287521520085413158e+02 8.634650673962364920e+01 8.141107176221616726e+01
1.286418061619416164e+02 8.629083096604449565e+01 8.138439448246934660e+01
1.282368663133210021e+02 8.597043669329470106e+01 8.113193027778306998e+01
1.280374516215134122e+02 8.584068702217307134e+01 8.101474471411412992e+01
1.278876904158166639e+02 8.572854187718060359e+01 8.093321862309583992e+01
1.277088592209872076e+02 8.557064450630112162e+01 8.077545471011039524e+01
1.278070556328763985e+02 8.565885064155116879e+01 8.088135354902671281e+01
1.277057086614173187e+02 8.556635955463194421e+01 8.076220901412747821e+01
1.274043011572705950e+02 8.530950792167928398e+01 8.048453794970544095e+01
1.271843291834283463e+02 8.509776267373358394e+01 8.028413662275266915e+01
1.271758927379840287e+02 8.508750548130636560e+01 8.024573888009761902e+01
1.272450835065108379e+02 8.516424615355283834e+01 8.031935282454099934e+01
1.272263755695792327e+02 8.509701673943298772e+01 8.030028264475414801e+01
1.269370197898991393e+02 8.480330451278335602e+01 8.007298478580007384e+01
1.269256353549026670e+02 8.473994776076719404e+01 8.008291548302224783e+01
1.268424481897389882e+02 8.466982040380545982e+01 8.000381784904006111e+01
1.262491063087453114e+02 8.408926188251892597e+01 7.947836790528302231e+01
1.259078640064059726e+02 8.369415025452326518e+01 7.912627738270003874e+01
1.262077486606547012e+02 8.386964261882519622e+01 7.930445797029608457e+01
1.264285690453947524e+02 8.398864416312368064e+01 7.944996997197384303e+01
1.265013250462336316e+02 8.400218298983813270e+01 7.943842824731653707e+01
1.262939433947875187e+02 8.379357161922555974e+01 7.926598396598730289e+01
1.258749547196430996e+02 8.349508588968751610e+01 7.900152999942804399e+01
1.261720772721206458e+02 8.375661331528473852e+01 7.923458323006234139e+01
1.264366503975138727e+02 8.401593391927704602e+01 7.945809898762654200e+01
1.262964052162971171e+02 8.392319021562983039e+01 7.932695754132429045e+01
1.261243660750033371e+02 8.382804188671330792e+01 7.919967445806562978e+01
1.262358510800556672e+02 8.395531305408857747e+01 7.926799536710453253e+01
1.263144244151684461e+02 8.403402937980210652e+01 7.932651188728527814e+01
1.264269532516062640e+02 8.415129597147813456e+01 7.940890783779146034e+01
1.266125836495014454e+02 8.432824207355436386e+01 7.959115412480220186e+01
1.268499385140416820e+02 8.459483374959485502e+01 7.984725029074755298e+01
1.268472669729843147e+02 8.465374349392766362e+01 7.986929705820671188e+01
1.264025042420544906e+02 8.432131417894797210e+01 7.956262511677566351e+01
1.262355269680273011e+02 8.417429839278564430e+01 7.942092858096127372e+01
1.263065361003603329e+02 8.426555499418505235e+01 7.948177584793425865e+01
1.263628172008159964e+02 8.436682093763702994e+01 7.957341375760233859e+01
1.263530819240815219e+02 8.438627480886923138e+01 7.960703323101562034e+01
1.263355989399630062e+02 8.441896246020094452e+01 7.962923490495892054e+01
1.272030585689500697e+02 8.521337295761757957e+01 8.037878448456655178e+01
1.273431726754494662e+02 8.534970257955043849e+01 8.048308421193114270e+01
1.265157813959695687e+02 8.458475052906521796e+01 7.980828296886618034e+01
1.256330456044689328e+02 8.370946931421707404e+01 7.905656469848048573e+01
1.256122023412327735e+02 8.362218308516520437e+01 7.899148967607862915e+01
1.265582019408590924e+02 8.429755867380984569e+01 7.968256563268575121e+01
1.267870893786581803e+02 8.450439696097309650e+01 7.983516281863072095e+01
1.262537987836266211e+02 8.410383024155878218e+01 7.941865741358601838e+01
1.256339416789003138e+02 8.359428561895865073e+01 7.893514661302930335e+01
1.261160273398028693e+02 8.400642981068044435e+01 7.928709176183485852e+01
1.266068425768812773e+02 8.442468208423099441e+01 7.968349507159062739e+01
1.265790475872719298e+02 8.440605755848315539e+01 7.963560513622238091e+01
1.257531028960362960e+02 8.368071152122934109e+01 7.907606146689290938e+01
1.258914582181464539e+02 8.374513117004441654e+01 7.917248241215611415e+01
1.261028769708871096e+02 8.389635087986883377e+01 7.935618958647118859e+01
1.262694014413452521e+02 8.402701330765857790e+01 7.947255295418581511e+01
1.267051772130178620e+02 8.437728070008198245e+01 7.986354406970315267e+01
1.267753069531562744e+02 8.444677174887037552e+01 7.988771663076013851e+01
1.263858458370669808e+02 8.415721339917256216e+01 7.955109530800174866e+01
1.262468923376103476e+02 8.403718232254865939e+01 7.942624068177919128e+01
1.262403505176259699e+02 8.401577901279289051e+01 7.936398972374216498e+01
1.262350455663381013e+02 8.401021667842367435e+01 7.936123953785437379e+01
1.262269475319822334e+02 8.407470067300909022e+01 7.939157737698042183e+01
1.259788326247354604e+02 8.390339078377914461e+01 7.924924691616938333e+01
1.257886837238565505e+02 8.375427065260910808e+01 7.909652342186039675e+01
1.255742025890831428e+02 8.357631884997425686e+01 7.893553983718136635e+01
1.254665664143676906e+02 8.350602228746829780e+01 7.886797916150311494e+01
1.254186002173457126e+02 8.340858134258641599e+01 7.881858305847362089e+01
1.250566099788373862e+02 8.308741015423919407e+01 7.852737316733713158e+01
1.251665745171683994e+02 8.314867209395436021e+01 7.863198032449334107e+01
1.254978861222855642e+02 8.340594316600255809e+01 7.888153943680768521e+01
1.255554922689748594e+02 8.342826876513316847e+01 7.889619120703132182e+01
1.254192913385826813e+02 8.332560389697050596e+01 7.873819850908466833e+01
1.253825999504299205e+02 8.331255362147528842e+01 7.868846637814341705e+01
1.254440835255762465e+02 8.336382766772797481e+01 7.873954023755504750e+01
1.255205096185010802e+02 8.346759356351643078e+01 7.880390745648318784e+01
1.255114201826466598e+02 8.345407141903872628e+01 7.880516100741644436e+01
1.255901412747135453e+02 8.357519399058168119e+01 7.888697069645955651e+01
1.256088801929419816e+02 8.362836504547101413e+01 7.895377352195382059e+01
1.260572081561838615e+02 8.409068702217307134e+01 7.939005214390573428e+01
1.264121656403119118e+02 8.444479609540333342e+01 7.971086347257440252e+01
1.261367728927951788e+02 8.424085098472860977e+01 7.950439219461974005e+01
1.258818706983661002e+02 8.396734094678842553e+01 7.928606699586281081e+01
1.262786815313340014e+02 8.423968322815579768e+01 7.957857095193608643e+01
1.264997616823320783e+02 8.439705630016587179e+01 7.975377018550646824e+01
1.263886842004918947e+02 8.430578778288307262e+01 7.967847848468093730e+01
1.265858134258641456e+02 8.447809383996491306e+01 7.984854435568435349e+01
1.266527687746658728e+02 8.446556548016243937e+01 7.984532945034412421e+01
1.263326223522907128e+02 8.415773531486530601e+01 7.958240786638958753e+01
1.264407470782253853e+02 8.422970248422336681e+01 7.962546233627575987e+01
1.267024580084269161e+02 8.439629606680520624e+01 7.981077815484928806e+01
1.268679529465596403e+02 8.449586280528492921e+01 7.993050656803492870e+01
1.269234213837677032e+02 8.457621160702369423e+01 7.995088511181864988e+01
1.272603811176145285e+02 8.486284818211282754e+01 8.019614020705039081e+01
1.275007530838306167e+02 8.505910278164381566e+01 8.037834359688089592e+01
1.272869416217040737e+02 8.487785504566166139e+01 8.017648614897714765e+01
1.268498050561476447e+02 8.452143190787592175e+01 7.983284637089855096e+01
1.268476744961964471e+02 8.459671645917141802e+01 7.982913338163237427e+01
1.270079049970448608e+02 8.479702245905701830e+01 8.001329097633981746e+01
1.271761453547120198e+02 8.500644410974051368e+01 8.019747001963737887e+01
1.273576314083620957e+02 8.519895950506186466e+01 8.034337047911384388e+01
1.273930215820480072e+02 8.523207136184248611e+01 8.034664496387104293e+01
1.272333463613658466e+02 8.510150902747325574e+01 8.022648281252979530e+01
1.276720439076471365e+02 8.547957855903605662e+01 8.058250319345674484e+01
1.281125860326781094e+02 8.582478408419287064e+01 8.090966330479876945e+01
1.281362748088692172e+02 8.586505023736440023e+01 8.093151226859355063e+01
1.279373772664010289e+02 8.568904072372309599e+01 8.076072667823301288e+01
1.276705162913957849e+02 8.549590570246515142e+01 8.061355836876322201e+01
1.273160187603668163e+02 8.517688890583592354e+01 8.035768622142570905e+01
1.269410616575470385e+02 8.483672618253227427e+01 8.008349936130865387e+01
1.269957293473908919e+02 8.488110808182875644e+01 8.015136031724847498e+01
1.273422194047777936e+02 8.518961983565613139e+01 8.050534308211473444e+01
1.282283988865798676e+02 8.607620922384701601e+01 8.134601342205105823e+01
1.282590393891441636e+02 8.606352357438370859e+01 8.137540514003546832e+01
1.278817134087052665e+02 8.571535814379134877e+01 8.107703856933137843e+01
1.276263393452937009e+02 8.544382614249489905e+01 8.083824188290023471e+01
1.277702665344798021e+02 8.556307315399133984e+01 8.090986349163981117e+01
1.275200663476387462e+02 8.528733484585613667e+01 8.067603096223142245e+01
1.273053921755543314e+02 8.510001954204876995e+01 8.046117566871937754e+01
1.270353711082724857e+02 8.480870240796171800e+01 8.018245124020513970e+01
1.265641384339669457e+02 8.437575308383061667e+01 7.977883405464147870e+01
1.262710220014870970e+02 8.408120674534326611e+01 7.953994919067319813e+01
1.256425616289489255e+02 8.356540390078359337e+01 7.910592743703647045e+01
1.255316223713561214e+02 8.346415940592171978e+01 7.906032535128024108e+01
1.257677880307334419e+02 8.364208975996643858e+01 7.924050542411012543e+01
1.260474919448628270e+02 8.388864845284169292e+01 7.948794112600332085e+01
1.258799355589025879e+02 8.375963280013726830e+01 7.937805761567939555e+01
1.258498336542677976e+02 8.374430659091342477e+01 7.939850765476349181e+01
1.256317372404720629e+02 8.362517873825093773e+01 7.930340222302720576e+01
1.254102757812053142e+02 8.340873148271720083e+01 7.913729719166460086e+01
1.252573282682885036e+02 8.328704171512458743e+01 7.901959209547959517e+01
1.249727483746735004e+02 8.305476778326438136e+01 7.883012001677757041e+01
1.248583725763093213e+02 8.294608301081008506e+01 7.866156984614211467e+01
1.248941678900307011e+02 8.293012525976625682e+01 7.864059789136527456e+01
1.247302243999161107e+02 8.275403710129454282e+01 7.846128767802329662e+01
1.247755595698842797e+02 8.275471154029474974e+01 7.845270585880155068e+01
1.247540752321214086e+02 8.272336085108005932e+01 7.842079273989055821e+01
1.245144754151493771e+02 8.254423652551905377e+01 7.823251701588148421e+01
1.239936083201464214e+02 8.210850603420335858e+01 7.780840689405349053e+01
1.234935582734361645e+02 8.168658605174353227e+01 7.739817401002841279e+01
1.237679786848677850e+02 8.190511620369487389e+01 7.760120398085832960e+01
1.239839564545957131e+02 8.209899715925340047e+01 7.779537091761834233e+01
1.241398162094145050e+02 8.219624030047091878e+01 7.790174639187050332e+01
1.243641184152828316e+02 8.239169653581437558e+01 7.805429591428189440e+01
1.250795885683780995e+02 8.302439419648814578e+01 7.862981640006863415e+01
1.251441988713275180e+02 8.307175983298698441e+01 7.868361661360125936e+01
1.250217083563707092e+02 8.299584612304818165e+01 7.858940010676631971e+01
1.251459242912432615e+02 8.319575174925168426e+01 7.875630350231644172e+01
1.261463055995119191e+02 8.417433175725915362e+01 7.967987025986158756e+01
1.262257106632857386e+02 8.430008484108978450e+01 7.976150597700711842e+01
1.259237931593296622e+02 8.410146374711635531e+01 7.957627833597071287e+01
1.257504146727421812e+02 8.399190673199748858e+01 7.945922861337247411e+01
1.257388395836113659e+02 8.396115183695258111e+01 7.934863729957484679e+01
1.265343034451202016e+02 8.466443442451048895e+01 7.989422031991763617e+01
1.269610708089454931e+02 8.502410106575661075e+01 8.020117109302015024e+01
1.268977664868162663e+02 8.498184496005795552e+01 8.011389201349831524e+01
1.269476082438847726e+02 8.502911288631294440e+01 8.016854778745877752e+01
1.270300399420411424e+02 8.514967541133628970e+01 8.027295237459723865e+01
1.273548001944672166e+02 8.546075622962383989e+01 8.059603487064117644e+01
1.280943308993155654e+02 8.609301538578864665e+01 8.123021963356275421e+01
1.282872323692589305e+02 8.626187536939238498e+01 8.140236840098377513e+01
1.278439805723437104e+02 8.592928876475185973e+01 8.106098310804370044e+01
1.282263040742788576e+02 8.627188947779832517e+01 8.132966721320852344e+01
1.286748560561285899e+02 8.660770767001582726e+01 8.165512335322490856e+01
1.286638100322205389e+02 8.658942632170978015e+01 8.160677584793425865e+01
1.288692946750300337e+02 8.670790595031553494e+01 8.164234952622447850e+01
1.288303202036186121e+02 8.667823540065965915e+01 8.159576795485310186e+01
1.287156870221730856e+02 8.657484128043316218e+01 8.146220281786810347e+01
1.289154544241291944e+02 8.677188232826829051e+01 8.166528760176164781e+01
1.293398433776286538e+02 8.719380231072810261e+01 8.203210853939867775e+01
1.295586642771348522e+02 8.740247087758098132e+01 8.223521000552896965e+01
1.293702169644048752e+02 8.723598692112638275e+01 8.208048940916283698e+01
1.293483060380164318e+02 8.716481096642580439e+01 8.203428914606013223e+01
1.294481778231110809e+02 8.721783903071438715e+01 8.208579197727402743e+01
1.296797129702007680e+02 8.739256877847896021e+01 8.227469685992640791e+01
1.294132714342910617e+02 8.712676593391927327e+01 8.204506110465005975e+01
1.287713413471621209e+02 8.654664591714171706e+01 8.152871489580751074e+01
1.289108358277249238e+02 8.672914243770375720e+01 8.161980229166269396e+01
1.292333916417227613e+02 8.706109750052429774e+01 8.185684019370459907e+01
1.290081075670625808e+02 8.687825303616709505e+01 8.164433947875158992e+01
1.281827705858801494e+02 8.615340031648585750e+01 8.095698842729404987e+01
1.278719638329107227e+02 8.586304121942384882e+01 8.070878295933347601e+01
1.277954328802120045e+02 8.579190577872681445e+01 8.062729499914205178e+01
1.277158180968904304e+02 8.570394987702808010e+01 8.059535328211092065e+01
1.274594526319803265e+02 8.547030085222398554e+01 8.039585994547292103e+01
1.270754871213132304e+02 8.513449457588987457e+01 8.014236859163790427e+01
1.269598124916588802e+02 8.501051695868524405e+01 8.004207975062439573e+01
1.271702160111342010e+02 8.514185620865188753e+01 8.016096928561896107e+01
1.273459800575775489e+02 8.531836380621913918e+01 8.029442717965339682e+01
1.274455968427675288e+02 8.538389163219004274e+01 8.034351108653791584e+01
1.277469209357304862e+02 8.563146079197727545e+01 8.055080456044689186e+01
1.278490781872604884e+02 8.572039617929114286e+01 8.063737583649501062e+01
1.276886403500409841e+02 8.557781310175211331e+01 8.050962565060723364e+01
1.270932298716897719e+02 8.506934090865760822e+01 8.008332538941107259e+01
1.265394916207507947e+02 8.458328487540752860e+01 7.961036729518978916e+01
1.263160306762502074e+02 8.432935740024022664e+01 7.937120598272673533e+01
1.257266067377171055e+02 8.382758669996758272e+01 7.889208499361308213e+01
1.252810003622428496e+02 8.340210386837237877e+01 7.857860193323291753e+01
1.248080827820251244e+02 8.297508627099578860e+01 7.824483327295952506e+01
1.250929200587214751e+02 8.318828525671578689e+01 7.847178795447179311e+01
1.252787530266343765e+02 8.330401469943375048e+01 7.864673457131418388e+01
1.254591213704219115e+02 8.341732998417570855e+01 7.876945863758555788e+01
1.252568349507159127e+02 8.320735067014928177e+01 7.858471239823835219e+01
1.248913033116623126e+02 8.297871823225486310e+01 7.835127547615870469e+01
1.245380664810966493e+02 8.275890116489675563e+01 7.816334531276810083e+01
1.241676803111475493e+02 8.250279308306801340e+01 7.793416712741415608e+01
1.242687651331719110e+02 8.261788145125926519e+01 7.804169605917904562e+01
1.245476444681702901e+02 8.286863930144325252e+01 7.825805037082228921e+01
1.249854793044937225e+02 8.319946950487121740e+01 7.854581180530399820e+01
1.252959953099082924e+02 8.345514384854435264e+01 7.874686373949019469e+01
1.252402027606718633e+02 8.340609092295666471e+01 7.866940334788660039e+01
1.253882623782196788e+02 8.353191073573430003e+01 7.876439438714228913e+01
1.255731373091075511e+02 8.369552773064384610e+01 7.886558168576385697e+01
1.255924601056223935e+02 8.373308659510782093e+01 7.878617423881337345e+01
1.256531429334045100e+02 8.382015595508188710e+01 7.881602829307352920e+01
1.256882518922422776e+02 8.389303349793139830e+01 7.887730453184877888e+01
1.254876670606852116e+02 8.373382061352499761e+01 7.874094154544241064e+01
1.253440353854073379e+02 8.365070256048502984e+01 7.863723284589426044e+01
1.259098348935196725e+02 8.417533984099445377e+01 7.910105145755085232e+01
1.261707331604735884e+02 8.445761996911403457e+01 7.936111084631370716e+01
1.261266443919086413e+02 8.443973661131342112e+01 7.930625011915883249e+01
1.265596485291033559e+02 8.483578244456731454e+01 7.966920792739890089e+01
1.275740500657756797e+02 8.579247297477645873e+01 8.051218279918400356e+01
1.281936926846008760e+02 8.635569150254522697e+01 8.099519313263807874e+01
1.279980386455930272e+02 8.622730024213075239e+01 8.086044355684353491e+01
1.281677375073878409e+02 8.652797849421364162e+01 8.105691025909897007e+01
1.286619606871174994e+02 8.691780900268823018e+01 8.145479590474919007e+01
1.291785833444548359e+02 8.731246067758479512e+01 8.187678738250939148e+01
1.294375274065318138e+02 8.749777411298164509e+01 8.205434119463880904e+01
1.294995972431412099e+02 8.749345818001563657e+01 8.206975796457646766e+01
1.294791472040571136e+02 8.744492478694400006e+01 8.205553278297840336e+01
1.295297944748431860e+02 8.742281844006787139e+01 8.207066118853786918e+01
1.294630845932394152e+02 8.735371584907818487e+01 8.200050046710262563e+01
1.294848715944405342e+02 8.733839202303101956e+01 8.202176316943432255e+01
1.294811371565842535e+02 8.727780452231606034e+01 8.201515938685629692e+01
1.292836194734132675e+02 8.709922832739127330e+01 8.186485720005337896e+01
1.292651522373262765e+02 8.708282015595507630e+01 8.184989800003812377e+01
1.299011410649939933e+02 8.763796209795809489e+01 8.237361060799602797e+01
1.303408085641837033e+02 8.807372118739394296e+01 8.272779832605669981e+01
1.301913738536920278e+02 8.797699281233913382e+01 8.258954548054374811e+01
1.301217803283064143e+02 8.792098339402490126e+01 8.256871175001430174e+01
1.303395645459571881e+02 8.816360984537949719e+01 8.276684905912185286e+01
1.306671464795714144e+02 8.848246935234790556e+01 8.304423175916569733e+01
1.304599912299098321e+02 8.829433185258622530e+01 8.284957388800975764e+01
1.299588377723970893e+02 8.780979390288078434e+01 8.241841909591809667e+01
1.297894010600369938e+02 8.760934729557109790e+01 8.228065956797773595e+01
1.300013441116470574e+02 8.778885054622409712e+01 8.245379497054393880e+01
1.301146665459190501e+02 8.787571018665039446e+01 8.255635497893271690e+01
1.297621494347104942e+02 8.762513584107071551e+01 8.229781129053783673e+01
1.293334922117786050e+02 8.730906941717030634e+01 8.196453833101371345e+01
1.290684758155230725e+02 8.711408981716267874e+01 8.175945406188633058e+01
1.289247678785914388e+02 8.702876970887113828e+01 8.162474500009533074e+01
1.285594483422623000e+02 8.671353501363176974e+01 8.129865255190559026e+01
1.286781067091189925e+02 8.679018274198776339e+01 8.139647242187946574e+01
1.287266162704238184e+02 8.679611923509561677e+01 8.139982555146708876e+01
1.285980462717583919e+02 8.667136231911689492e+01 8.128646975272158670e+01
1.282821657356389835e+02 8.637414682274885536e+01 8.103986339631275371e+01
1.282286515033078445e+02 8.633097557720539328e+01 8.097925683018436871e+01
1.282557768202703414e+02 8.636860593696974320e+01 8.103362662294331642e+01
1.283019770833730604e+02 8.643126918457227248e+01 8.109700482354959661e+01
1.282896727421784249e+02 8.644262502144859184e+01 8.108502459438332721e+01
1.282780285409239127e+02 8.644684324417075061e+01 8.108353272578216320e+01
1.285213318144554080e+02 8.667691512077939819e+01 8.124770500085794822e+01
1.285581399782654159e+02 8.667226554307829645e+01 8.125916569750815199e+01
1.279940825723055866e+02 8.614989466359078563e+01 8.081374282663819031e+01
1.270629492288040296e+02 8.530311624182570540e+01 8.004824026234008727e+01
1.269483851594821857e+02 8.518794207927399498e+01 7.993473432346380037e+01
1.269281114754723490e+02 8.514601961831041876e+01 7.996337295761757957e+01
1.269771548683533240e+02 8.519377609578464217e+01 8.005760138033593876e+01
1.268484895426207260e+02 8.507296572038664806e+01 7.998378724905150250e+01
1.269293030638119433e+02 8.515010914949191090e+01 8.007896655926484186e+01
1.273582272025318929e+02 8.548566995862805129e+01 8.043746306076147334e+01
1.272596613982574212e+02 8.537677070027262971e+01 8.030173876570513869e+01
1.271512816724180652e+02 8.526455882633314332e+01 8.017949848429962856e+01
1.272270166441059303e+02 8.531823511467845833e+01 8.019412880593316117e+01
1.269779627652475682e+02 8.509797954281138743e+01 7.996353024727841330e+01
1.263923304608110385e+02 8.460039131761072895e+01 7.949719023469523904e+01
1.263354059026519991e+02 8.452680358811080907e+01 7.943548025776439658e+01
1.263272268402890290e+02 8.455919572553430896e+01 7.941559503155325217e+01
1.262468971039637040e+02 8.451339345293702365e+01 7.938059331566604726e+01
1.262428528531391265e+02 8.451971125431354892e+01 7.936025766906254830e+01
1.263181469371413357e+02 8.459776982326361860e+01 7.941222521972889581e+01
1.262671850870336101e+02 8.456609263884386962e+01 7.938082448380393430e+01
1.260748269813730928e+02 8.439925358906407382e+01 7.922760767192237097e+01
1.265154239194676933e+02 8.481696249833177603e+01 7.958296314655582648e+01
1.269282044193628280e+02 8.515252807382128708e+01 7.986462126556214969e+01
1.269252349812205694e+02 8.512475453280204363e+01 7.985434977407484780e+01
1.268918609750052440e+02 8.508170482926922773e+01 7.984264361022668766e+01
1.269731868791824780e+02 8.514400345083983268e+01 7.992751568130255180e+01
1.269423366570704133e+02 8.510130407427885757e+01 7.988426340775200174e+01
1.268042339516882464e+02 8.496045594936225598e+01 7.977861956874035343e+01
1.271871842290900076e+02 8.529119559207641998e+01 8.008726239728508745e+01
1.271301071476234910e+02 8.524744523459990830e+01 8.009393052563345350e+01
1.270776963260948378e+02 8.521704543288021227e+01 8.003477054774933208e+01
1.270003312615584008e+02 8.517901231625707226e+01 8.001047406150502184e+01
1.269888753312615535e+02 8.518331395016301144e+01 8.000738784770547340e+01
1.269657823492402429e+02 8.517876208270575944e+01 7.999906102838839672e+01
1.270734733370193084e+02 8.528460372538178547e+01 8.006660025547654413e+01
1.270184910678538017e+02 8.521151884616118366e+01 8.001308602314540508e+01
1.269089864826218701e+02 8.511751444205067685e+01 7.991891003031400942e+01
1.267481172904234370e+02 8.498181159558444620e+01 7.979136718079730883e+01
1.266957183847781749e+02 8.494293006806353219e+01 7.977518302796896421e+01
1.266420683113763346e+02 8.489866017807095488e+01 7.971007464109359830e+01
1.269201826466606917e+02 8.509145678824044978e+01 7.990046900917046457e+01
1.269584636136584663e+02 8.506229385521724851e+01 7.987855093325198652e+01
1.268712178986101264e+02 8.492778498026729039e+01 7.979163886293873986e+01
1.272154105736782839e+02 8.522115879582848663e+01 8.007443137404435163e+01
1.279088363424910852e+02 8.580720815618386155e+01 8.062605813044555703e+01
1.280887280509427910e+02 8.606114993041124706e+01 8.082511057939791499e+01
1.279188433013669908e+02 8.602217784217650376e+01 8.075431831614268674e+01
1.280303926521896756e+02 8.620966473470477354e+01 8.089185382547520931e+01
1.286271281767745052e+02 8.681478904120035622e+01 8.145663571714553086e+01
1.288518974852719623e+02 8.704857629025185872e+01 8.163935625631542337e+01
1.289084097538654987e+02 8.706245829440811690e+01 8.168886198547215827e+01
1.290127785933538007e+02 8.710685687594136084e+01 8.176476616270423392e+01
1.292111995004861740e+02 8.724562210444032928e+01 8.189793569236049109e+01
1.295762092238470302e+02 8.754351203980858998e+01 8.217091666507788261e+01
1.293292072601094276e+02 8.730513717564964793e+01 8.197483842062115400e+01
1.293390164153209696e+02 8.730663381060418260e+01 8.199167318068292332e+01
1.293311519322796528e+02 8.728456559455491970e+01 8.200690644601628776e+01
1.294704390764713651e+02 8.741837143238451802e+01 8.211678518998684240e+01
1.293762607004632912e+02 8.734256258221959968e+01 8.202561914930124942e+01
1.292021887094621775e+02 8.716800442317591546e+01 8.188880097614917020e+01
1.290434000305046709e+02 8.704398152561438451e+01 8.175312911097977064e+01
1.288694614973975661e+02 8.691132914529751474e+01 8.161351785475967802e+01
1.288307730071876733e+02 8.688852214447770450e+01 8.157161684238623423e+01
1.287463728050942677e+02 8.681209128519951435e+01 8.151645345179309743e+01
1.285457879735372160e+02 8.663395597796038317e+01 8.134275085317725029e+01
1.282987383462660489e+02 8.646343492021124177e+01 8.114687279556157762e+01
1.283792730357857863e+02 8.654526605784445792e+01 8.113637966864311579e+01
1.284746596823702021e+02 8.667316876703971218e+01 8.117495138319574721e+01
1.287554789231854500e+02 8.693137642752283512e+01 8.135422823206421583e+01
1.290905273493355594e+02 8.724092486320566309e+01 8.164940134601819466e+01
1.290436026005224051e+02 8.719031095689310007e+01 8.164655583306324615e+01
1.290697388991630419e+02 8.721920220777487032e+01 8.171312034088958853e+01
1.292796252692989754e+02 8.744052782597090356e+01 8.188001420373301187e+01
1.293808935959276312e+02 8.750171112085565994e+01 8.199094869497244531e+01
1.297811838668471580e+02 8.786747392804713286e+01 8.233531057558482757e+01
1.300585141370040674e+02 8.808909506015137936e+01 8.255460572725019119e+01
1.305040847648281215e+02 8.839562162780499932e+01 8.285277211111322515e+01
1.306942241330003185e+02 8.855007054202970096e+01 8.301428476101504828e+01
1.306865193227965278e+02 8.850480686736192126e+01 8.297593229871689857e+01
1.306970672627786030e+02 8.852912003584297906e+01 8.297935930678156069e+01
1.305659067510628972e+02 8.845743408133304797e+01 8.290226830756324716e+01
1.305103024727841330e+02 8.841668176011896207e+01 8.283687393948638089e+01
1.303549288860078832e+02 8.836600589121275107e+01 8.275166107414538885e+01
1.302787387275743072e+02 8.830061628948924124e+01 8.267870250328878967e+01
1.307213137023126421e+02 8.868560418295170678e+01 8.306407170501992709e+01
1.313679362643228785e+02 8.923057949324130789e+01 8.359859916874798103e+01
1.313779670549655805e+02 8.921134487426360238e+01 8.361627519017750387e+01
1.308441068807076988e+02 8.871851346971459407e+01 8.321105889306210202e+01
1.305257383081352032e+02 8.842799946616842988e+01 8.295109721454309692e+01
1.305512645135459877e+02 8.840273541019236347e+01 8.294344006787287071e+01
1.303831909782463754e+02 8.820599702579549728e+01 8.276395588263331149e+01
1.299026543821852897e+02 8.773446883758174408e+01 8.234906150502374089e+01
1.295771410459285846e+02 8.741171998627289952e+01 8.206586385388267502e+01
1.295521296066805235e+02 8.735443080208194999e+01 8.205327353148652492e+01
1.293650216392442474e+02 8.718229871689767663e+01 8.189041676993765861e+01
1.291542153629101506e+02 8.696984328230158212e+01 8.170140226115803728e+01
1.288929906007511761e+02 8.673571047263159528e+01 8.146655449848429953e+01
1.290041586433051748e+02 8.683581104268746742e+01 8.152403433680959211e+01
1.291278955596652054e+02 8.695563001658690894e+01 8.164821929038531323e+01
1.291096523421860525e+02 8.692794941945815879e+01 8.163332205296372024e+01
1.293346123048178242e+02 8.708964080761091964e+01 8.181930277783074246e+01
1.293937031705782488e+02 8.710837972583935596e+01 8.185060580351185422e+01
1.293315189414882411e+02 8.701677756382147777e+01 8.181087109873978136e+01
1.288371241730376937e+02 8.656282053726334880e+01 8.141717984404492370e+01
1.283497454767306749e+02 8.610923528626717882e+01 8.104030428399839536e+01
1.284540070732683716e+02 8.622632790604563979e+01 8.108609225753561134e+01
1.283764108405940760e+02 8.616467989170844533e+01 8.098257659529846819e+01
1.281229719166460086e+02 8.597429028998493550e+01 8.080557091380526913e+01
1.279766162704238184e+02 8.585209052258298357e+01 8.066115993975328990e+01
1.282216544965777700e+02 8.605695792263254873e+01 8.087654191531143510e+01
1.283492807572782226e+02 8.618020867095002302e+01 8.100087939219461930e+01
1.282609721454309692e+02 8.609293912413490091e+01 8.093154086671368930e+01
1.282790866713694697e+02 8.608158805361193799e+01 8.097300099140150564e+01
1.284239051686335813e+02 8.621199309832033464e+01 8.107921202646279824e+01
1.286441488246172753e+02 8.641021620178833018e+01 8.127253531867837921e+01
1.290361813883434081e+02 8.676112466873844653e+01 8.157206249642523233e+01
1.290556161941621838e+02 8.676453499456636109e+01 8.156795151665363619e+01
1.293747545328020578e+02 8.704706773941393294e+01 8.182907380221540450e+01
1.296760166631713389e+02 8.733634725744028060e+01 8.206750586261462388e+01
1.297242616918647968e+02 8.739178947970486888e+01 8.207501763550742169e+01
1.293894873310327682e+02 8.709205734876360339e+01 8.177946083010810696e+01
1.291753684391146066e+02 8.687114163695639490e+01 8.153561895864712028e+01
1.291863930144325252e+02 8.685102285943071365e+01 8.152122933785818759e+01
1.295072186421612628e+02 8.711323187355817765e+01 8.174825313149415251e+01
1.294677603858839632e+02 8.708208613753788541e+01 8.170342796133533625e+01
1.292397428075727817e+02 8.685539360546033549e+01 8.157779165316199510e+01
1.292645969571600233e+02 8.685470010104668859e+01 8.165960372538178547e+01
1.294956292539703782e+02 8.705783969800384625e+01 8.189146536767650275e+01
1.295273969991039280e+02 8.705598558654745034e+01 8.192700806466987729e+01
1.297081371184534078e+02 8.724965205620483744e+01 8.213780480829726116e+01
1.296653710129454282e+02 8.726865789022134834e+01 8.210610617528740818e+01
1.297425096756973062e+02 8.740894120226496966e+01 8.217550428018532216e+01
1.296785046996243977e+02 8.743007282987932172e+01 8.207807763436349546e+01
1.298380464624125352e+02 8.761973794589235354e+01 8.220513193266096152e+01
1.298623929953671166e+02 8.765736353930334701e+01 8.217835455949362711e+01
1.297603000896074548e+02 8.756404072372309599e+01 8.210494556824464496e+01
1.296463556462221902e+02 8.747839888657985341e+01 8.206647156393586329e+01
1.296759022706907274e+02 8.749781224380851086e+01 8.209029856437436479e+01
1.296211773846065967e+02 8.743693876189205128e+01 8.203422003393643536e+01
1.292358629959390726e+02 8.712516920554422484e+01 8.173762654668166761e+01
1.291046881851632975e+02 8.696659739566452174e+01 8.163486873462851179e+01
1.290880226306457530e+02 8.692354530895502762e+01 8.159747907570876180e+01
1.292600450897027713e+02 8.692926016663170685e+01 8.172026510457379800e+01
1.294380469390478652e+02 8.708065623153038359e+01 8.186293874282664262e+01
1.296232602810241872e+02 8.724828172961430539e+01 8.201881994623553851e+01
1.293781219614497218e+02 8.712148243122152280e+01 8.187511915883395375e+01
1.293263641303311715e+02 8.707413824331280239e+01 8.185582972679262070e+01
1.292672327505671888e+02 8.703116480143371803e+01 8.185229309260071773e+01
1.292042811385864809e+02 8.696059655678632794e+01 8.180777773541019826e+01
1.290883658080875591e+02 8.689661541248021592e+01 8.174850574822214355e+01
1.292387871537244166e+02 8.710623486682808903e+01 8.190227307391660361e+01
1.294785061295304160e+02 8.736803159139006425e+01 8.214669167413394746e+01
1.295793049703532915e+02 8.753708461230482385e+01 8.221979800194466748e+01
1.298542901946578638e+02 8.782772254103829823e+01 8.248171388534061066e+01
1.300928032830641996e+02 8.807791319517264128e+01 8.269453632914529351e+01
1.300277520924291252e+02 8.800385359669024865e+01 8.258868515376255459e+01
1.294292982974585868e+02 8.745145230786829416e+01 8.208556795866618927e+01
1.292912790032601720e+02 8.728152704428894992e+01 8.194131427427504377e+01
1.292422951897961809e+02 8.724563163714705638e+01 8.188549551009514005e+01
1.293220243655983666e+02 8.727625784065126879e+01 8.193218432441707932e+01
1.289517168404796905e+02 8.690287125126307899e+01 8.162000724485710634e+01
1.291358124725934715e+02 8.707568015862423749e+01 8.171045356618557776e+01
1.296178647690225034e+02 8.747966911974985749e+01 8.210018159806296012e+01
1.298112476406550968e+02 8.766330003241120039e+01 8.224864635564621551e+01
1.294461640388171872e+02 8.732792034470267595e+01 8.193562086518846854e+01
1.295644911441154647e+02 8.741469419076852887e+01 8.205554946521515092e+01
1.299825742121217900e+02 8.772518159806296012e+01 8.238099368934815914e+01
1.302080441745629287e+02 8.795812520257001665e+01 8.258850403233493864e+01
1.302394949571981329e+02 8.798687822920440738e+01 8.261390154620502813e+01
1.302174767878591410e+02 8.796448828430344236e+01 8.259655440315722785e+01
1.295324302682503799e+02 8.741559741472994460e+01 8.206527044288955608e+01
1.291782639987798120e+02 8.714162027416064404e+01 8.178713704219175895e+01
1.295759971211225832e+02 8.751364368648833647e+01 8.211137299574841109e+01
1.300256548969514370e+02 8.792731549446149586e+01 8.249233808697641734e+01
1.298930048998112454e+02 8.779823072963337438e+01 8.240423442832357637e+01
1.298623000514766090e+02 8.779559016987283826e+01 8.239376751634858920e+01
1.300124401822653510e+02 8.794481516081675920e+01 8.250759756725324223e+01
1.306286581762025492e+02 8.850254999904673525e+01 8.305078549503346608e+01
1.315450015252330616e+02 8.936510028407465711e+01 8.383725524775505278e+01
1.322713913938723636e+02 9.005021353263045114e+01 8.442338086976415923e+01
1.325385860136127008e+02 9.026962069359973384e+01 8.465681064231377206e+01
1.326897652094335740e+02 9.038376532382604012e+01 8.477495900936111184e+01
1.326747964767116059e+02 9.035470725057672325e+01 8.474157308726239535e+01
1.326390392938170919e+02 9.030586166136012594e+01 8.470253665325732584e+01
1.326874725934681862e+02 9.033351366036872321e+01 8.476146546300356022e+01
1.330323754551867523e+02 9.065413671807972662e+01 8.499476892718918464e+01
1.333459419267506689e+02 9.097968580198661925e+01 8.517930068063526505e+01
1.333704076185392182e+02 9.096167375264532495e+01 8.518462469733655951e+01
1.331495419534422524e+02 9.078166526853634366e+01 8.501839097443327375e+01
1.333536896341347244e+02 9.094894997235515177e+01 8.515902223027205764e+01
1.335423252178223379e+02 9.114178947970486888e+01 8.531191016377189840e+01
1.334277277840269846e+02 9.105961278145316840e+01 8.524981887857238405e+01
1.333012097004823602e+02 9.095980534212884550e+01 8.512664677508531952e+01
1.330428900306953039e+02 9.073826285485500875e+01 8.493480820194085368e+01
1.327577238756172449e+02 9.051137966864311579e+01 8.468432203389831159e+01
1.331828087167070294e+02 9.085917332367353083e+01 8.502378410325827929e+01
1.332622042477741218e+02 9.087147766486816636e+01 8.507605908371623116e+01
1.331741315704180977e+02 9.074413023583916527e+01 8.501085536977369372e+01
1.329188361518369561e+02 9.050694696001983175e+01 8.480131694343292281e+01
1.329144225086270978e+02 9.052508770090179269e+01 8.482270833730530057e+01
1.328736773369430466e+02 9.049058645211721341e+01 8.480642409105641377e+01
1.326447064879601783e+02 9.035098472860383367e+01 8.462423023393262156e+01
1.320197160206669196e+02 8.981851871270328047e+01 8.416890288078397475e+01
1.318056471754590007e+02 8.961245734113744277e+01 8.396769365693694454e+01
1.318539517835694141e+02 8.967691035442604175e+01 8.402339564545957273e+01
1.321166993956263980e+02 8.987420640216582512e+01 8.415476349354635488e+01
1.327957593754170489e+02 9.042297334655202690e+01 8.473271958589921837e+01
1.328134187146098384e+02 9.039812634649481993e+01 8.469410735734304296e+01
1.328995753179157759e+02 9.046679996568225590e+01 8.476225667766105687e+01
1.331933566566891045e+02 9.064323368477245424e+01 8.499223561037921115e+01
1.331695463384873506e+02 9.057493422432365549e+01 8.498244790375778734e+01
1.326504189624602077e+02 9.005377638176584298e+01 8.456647394711254151e+01
1.324342314731844965e+02 8.981971506739623123e+01 8.440575727822157148e+01
1.325567196049646270e+02 8.990645554898857483e+01 8.446114468742254644e+01
1.324655440315723354e+02 8.981738670378067013e+01 8.438227583840155432e+01
1.325280404568073038e+02 8.988688013574574143e+01 8.450643934338715724e+01
1.325867071171188343e+02 8.997279127185373682e+01 8.461880374063412091e+01
1.325500181121427659e+02 8.996221235057481636e+01 8.463168481058511361e+01
1.323614278088120386e+02 8.982659529846904434e+01 8.450906083773426758e+01
1.326309126613410569e+02 9.009772930926007461e+01 8.476963260948313916e+01
1.331073430439839171e+02 9.058382585651369823e+01 8.513004041867647231e+01
1.329708275342700858e+02 9.049029332138567838e+01 8.502611723322719683e+01
1.328005281119521044e+02 9.038053611942575571e+01 8.490552134373034221e+01
1.329931841146975273e+02 9.058994108787248933e+01 8.503345980057576980e+01
1.331184629463689930e+02 9.073276963260948946e+01 8.514452536653257653e+01
1.332571376141541748e+02 9.088433251987569861e+01 8.528193218432441824e+01
1.335183885912566097e+02 9.112587939219461930e+01 8.548827477073839987e+01
1.343867871918552623e+02 9.187975205429829373e+01 8.620469342815198388e+01
1.344589068845207862e+02 9.194368315189414886e+01 8.623449743570189696e+01
1.338907051343158514e+02 9.145240081218661032e+01 8.577950611046500740e+01
1.337015690835255839e+02 9.128681054698671460e+01 8.561492631217707583e+01
1.336856732950754179e+02 9.126063850069589023e+01 8.559067987264303667e+01
1.335135221444776903e+02 9.107148100131551871e+01 8.548073916607881984e+01
1.331903896017235240e+02 9.074398247888505864e+01 8.517102867438180169e+01
1.331711954967493341e+02 9.070259623267430982e+01 8.515335980248231351e+01
1.332640631255838741e+02 9.079172704047587672e+01 8.525971621132104872e+01
1.334222679262549889e+02 9.094908343024918906e+01 8.541507073268384431e+01
1.335932084230996679e+02 9.111033869706965049e+01 8.556093067815675113e+01
1.337888195649272518e+02 9.131349974261691216e+01 8.571179529465597113e+01
1.336930420773674371e+02 9.122633028922231802e+01 8.562466397208822855e+01
1.336296209795809489e+02 9.119552058111379722e+01 8.552854569026330012e+01
1.338052134373033937e+02 9.139028331204362132e+01 8.568930525633447814e+01
1.341071595393796088e+02 9.171045594936225598e+01 8.594840184171893327e+01
1.340604635755276490e+02 9.165597176412271097e+01 8.587411822462870248e+01
1.339371317992030583e+02 9.154920783207184343e+01 8.574522888028826628e+01
1.340568196983851692e+02 9.169610207622352505e+01 8.589912966387676363e+01
1.340687093668376235e+02 9.175490219442909279e+01 8.593701502354578281e+01
1.338430273016720378e+02 9.161118234161408225e+01 8.579131236773369551e+01
1.339501177289279497e+02 9.172088473051037738e+01 8.590419868067338882e+01
1.341382147146860859e+02 9.189526415130312387e+01 8.604238241406264365e+01
1.341969767020647737e+02 9.190825008102800098e+01 8.608328010905415795e+01
1.342576285485500875e+02 9.196901631999389792e+01 8.614711587958285577e+01
1.346057510819622109e+02 9.224481420754608507e+01 8.642889077424644029e+01
1.346868148367047411e+02 9.230371441917218078e+01 8.648878238737107438e+01
1.346402666298068596e+02 9.224481182436940685e+01 8.642427456101886207e+01
1.343889534994566475e+02 9.201337438752359787e+01 8.621890907704333529e+01
1.344185835351089509e+02 9.199075565766143825e+01 8.623366809021753454e+01
1.346644153590970632e+02 9.221049646336581418e+01 8.642592610245753804e+01
1.351019213170387729e+02 9.261863215191321785e+01 8.678440592171740775e+01
1.350425349373701067e+02 9.254985605612857569e+01 8.669517263731863466e+01
1.345797291758021856e+02 9.216965119826123498e+01 8.632536796247926247e+01
1.346925773579150132e+02 9.228811414463022800e+01 8.641840718003470556e+01
1.348289570265581290e+02 9.236734523650645201e+01 8.649203304036147699e+01
1.345575275018588854e+02 9.212376074812682702e+01 8.628117433414043091e+01
1.339201040018302820e+02 9.156822319879506722e+01 8.574792425311242994e+01
1.333409086576042455e+02 9.104612876780232966e+01 8.526059560351566802e+01
1.337769346628281539e+02 9.139369125469485766e+01 8.561764313359135770e+01
1.341290847648281215e+02 9.171224809822500390e+01 8.590766858591828736e+01
1.340761567939600809e+02 9.166965358143791320e+01 8.584381613315284199e+01
1.343906765361956843e+02 9.199694715067396089e+01 8.614194915254236662e+01
1.349106404072372243e+02 9.249238336733331778e+01 8.659173323673523726e+01
1.348635941164134238e+02 9.246393538731386741e+01 8.655940544508207779e+01
1.347021577281653322e+02 9.236150645364244838e+01 8.642101914167508880e+01
1.354375846027721195e+02 9.304729652437512755e+01 8.707433128062382366e+01
1.358034689519742244e+02 9.340436311986425721e+01 8.737485939257592804e+01
1.355808325866046289e+02 9.320350898934243844e+01 8.719880936493107981e+01
1.350127237802901732e+02 9.269882128081447092e+01 8.671058464090293683e+01
1.342162685172827992e+02 9.197798898019102865e+01 8.606683380679109518e+01
1.340854702484223253e+02 9.181278717278983947e+01 8.596226954681512211e+01
1.342725972812720556e+02 9.199509065604087255e+01 8.613892966768983683e+01
1.340468055899792148e+02 9.176301691102172242e+01 8.596868505843549713e+01
1.339281734380660112e+02 9.165316438199462823e+01 8.588309326800251142e+01
1.339252754952241276e+02 9.163063859602294770e+01 8.588960410669005796e+01
1.340399134430230106e+02 9.173619187432079514e+01 8.598545308955024780e+01
1.342400550037177425e+02 9.190595269870927098e+01 8.613797878019484244e+01
1.343400959943566306e+02 9.196364940611236705e+01 8.615207288707556188e+01
1.342049627271167367e+02 9.181986997388038674e+01 8.603613849116318590e+01
1.341008036071762319e+02 9.173726430382642150e+01 8.592256105698652391e+01
1.343577076700158273e+02 9.197555099044822668e+01 8.611172570589693009e+01
1.346177456101885639e+02 9.220465529732511811e+01 8.632378553316428338e+01
1.346158914987321396e+02 9.223637537892508931e+01 8.633158805361193799e+01
1.344836299593906688e+02 9.212923252178222810e+01 8.624419696478618391e+01
1.343360469771787109e+02 9.200732111875845476e+01 8.614659396389011192e+01
1.343402199195439550e+02 9.202687984976454061e+01 8.617553287830546083e+01
1.342716511601304035e+02 9.198482154773026309e+01 8.611406598539589652e+01
1.345417413395359461e+02 9.224747621589673940e+01 8.635172589655107345e+01
1.346096737907761565e+02 9.232067072124459628e+01 8.636272902327887380e+01
1.345936183294884643e+02 9.232781786810546976e+01 8.633769375226401621e+01
1.347959643286114613e+02 9.257549188766658688e+01 8.651160368725095395e+01
1.351533097557720566e+02 9.285383024155878218e+01 8.684998856075193885e+01
1.352704309736706705e+02 9.291111465939638947e+01 8.694293483441688863e+01
1.352309012220929958e+02 9.282469352347905556e+01 8.690589311929228700e+01
1.350634020323730624e+02 9.263667041619797260e+01 8.673723093935292638e+01
1.346604354540428119e+02 9.226513317191283647e+01 8.643130731539913825e+01
1.347064379134811531e+02 9.228862891079293718e+01 8.650815761377285185e+01
1.346549827458008508e+02 9.229126232102342442e+01 8.644798001944671739e+01
1.343820923337972602e+02 9.208848496692151286e+01 8.618823521000553001e+01
1.343975901317420210e+02 9.212079845951458879e+01 8.620077786886808724e+01
1.350770719338048877e+02 9.272947131608549398e+01 8.677732550380355292e+01
1.352750757850184016e+02 9.291880040418676856e+01 8.695308955024690079e+01
1.354120131170044488e+02 9.302499475701129938e+01 8.708214333377819116e+01
1.356965524966158796e+02 9.326652256391679430e+01 8.728931526567653520e+01
1.355734518884291901e+02 9.315089559779603690e+01 8.720372585842024193e+01
1.355211363939677085e+02 9.309592047816056493e+01 8.719055165773770000e+01
1.355729967016834792e+02 9.315717050199233995e+01 8.716991573087261713e+01
1.357749685420678247e+02 9.334544384282473573e+01 8.734001019999618620e+01
1.355664477321690811e+02 9.314766639339573828e+01 8.714087910621341848e+01
1.352779904100970327e+02 9.289954195344226662e+01 8.694444100207813619e+01
1.355633591351928544e+02 9.316373853692017803e+01 8.718258469809917699e+01
1.358166669844235628e+02 9.336575089130808180e+01 8.737124173037692287e+01
1.358122080608567899e+02 9.332471497206917377e+01 8.731606880707708740e+01
1.355979914586947928e+02 9.311492154582371938e+01 8.712698995252712564e+01
1.356172022459057018e+02 9.309419982459819209e+01 8.709580131932661118e+01
1.359337834359688202e+02 9.336918981525614925e+01 8.734420459095154854e+01
1.359908438351985751e+02 9.353029970829916806e+01 8.748515280928866389e+01
1.358922208346837976e+02 9.353344788469237869e+01 8.744804436521705782e+01
1.356537363443976290e+02 9.338340784732416466e+01 8.729303778764942479e+01
1.356350951364130424e+02 9.344040866713694982e+01 8.731614030237746249e+01
1.356642461535528525e+02 9.350387742845703087e+01 8.731978179634324988e+01
1.358491210844407249e+02 9.365680825913709384e+01 8.747746944767497723e+01
1.360497917103582495e+02 9.382133086118471965e+01 8.765321204552820689e+01
1.358720639263312364e+02 9.364976120569674833e+01 8.753538779050923324e+01
1.356077458008426788e+02 9.339294532039427565e+01 8.729289956340203105e+01
1.351646250786448320e+02 9.300010962612724086e+01 8.690395321347543245e+01
1.351351642485367393e+02 9.297286991668414657e+01 8.685169014890088590e+01
1.347117357152389729e+02 9.256017521114945623e+01 8.647834645669291831e+01
1.344929028998493834e+02 9.236690911517416680e+01 8.629836895388076812e+01
1.344648123963318085e+02 9.232611151360316626e+01 8.625796219328516656e+01
1.345333311090350890e+02 9.237955901698728667e+01 8.631051362223789170e+01
1.344226992812339176e+02 9.222775542887647759e+01 8.617912909191436199e+01
1.345722674496196589e+02 9.233939295723627083e+01 8.625334121370421769e+01
1.346673442832357921e+02 9.241631951726373018e+01 8.630022068216048581e+01
1.344951287868677525e+02 9.224785037463537662e+01 8.613724237860097332e+01
1.346353549026710539e+02 9.238806695773197930e+01 8.626187298621570676e+01
1.346591723704028425e+02 9.238889153686297107e+01 8.629538521667842588e+01
1.341887666584050010e+02 9.194798955215344449e+01 8.592664582181464539e+01
1.337679095727440881e+02 9.152694181235820281e+01 8.560637785742883921e+01
1.337913028350269826e+02 9.154845713141789076e+01 8.561613934910678836e+01
1.336262273359897677e+02 9.137852948466186831e+01 8.546613505938876187e+01
1.332953733007950348e+02 9.106719843282301952e+01 8.519756772988122862e+01
1.330720434310117923e+02 9.081418371432384617e+01 8.499060551753065340e+01
1.328174200682541937e+02 9.053150559569884592e+01 8.474677317877637961e+01
1.325475586738098457e+02 9.027907952183943507e+01 8.451175382738175301e+01
1.323291119330422703e+02 9.007622828926045599e+01 8.432421212178985570e+01
1.316909329660063577e+02 8.953676050027644351e+01 8.383441926750681716e+01
1.316127743036357742e+02 8.945353043793254244e+01 8.380382881165277809e+01
1.318178418905264095e+02 8.965606232483651183e+01 8.400392985834398019e+01
1.318362376313130255e+02 8.966531619988180069e+01 8.400775962326743240e+01
1.316926011896817954e+02 8.952328125297897543e+01 8.389534279613353362e+01
1.312844106880707784e+02 8.915383167146480048e+01 8.354406255362147249e+01
1.308784651388915279e+02 8.871893529198680994e+01 8.320395940973480720e+01
1.302476525709710131e+02 8.812227841223237590e+01 8.266930325446607242e+01
1.301376165373396248e+02 8.799353920802272455e+01 8.255007769155973563e+01
1.300811566986330092e+02 8.792032087090808545e+01 8.249547673066290088e+01
1.298331395016300860e+02 8.769156927417971303e+01 8.228932718155992632e+01
1.300312386799107855e+02 8.788902976111036480e+01 8.247207870202664992e+01
1.302706335436884046e+02 8.810309622314160549e+01 8.266624087243332042e+01
1.300534427370307640e+02 8.791852633886865931e+01 8.247903042839983812e+01
1.302994509160931216e+02 8.814812872967149815e+01 8.270381880231072103e+01
1.306749656822558165e+02 8.845834445482449837e+01 8.299875359859679236e+01
1.306817458199081159e+02 8.844117843320432826e+01 8.297620159768165138e+01
1.305654563306705427e+02 8.831554689138434355e+01 8.283718613563135591e+01
1.315298206897866464e+02 8.916348830336886522e+01 8.365468961506930157e+01
1.324667380030886079e+02 9.001096022954757814e+01 8.442801614840517743e+01
1.327277744942899176e+02 9.029929839278564430e+01 8.465184648529103129e+01
1.332312872967150383e+02 9.084082762959714330e+01 8.508747688318621272e+01
1.333028731578044130e+02 9.095423347505290224e+01 8.514672742178413500e+01
1.334924024327467578e+02 9.113385826771653342e+01 8.533749594859963850e+01
1.337534389239480674e+02 9.140191083106137171e+01 8.557702665344797310e+01
1.335663333396884696e+02 9.123514804293530744e+01 8.543019675506663191e+01
1.335870526777373186e+02 9.119731749632990159e+01 8.534632323501935502e+01
