1.042460248272537342e+02 6.811459505061867503e+01 6.927133818094166884e+01
1.042600273180138259e+02 6.812448778724088072e+01 6.928985417001446478e+01
1.043275108468584307e+02 6.815406958058814268e+01 6.935768720874176552e+01
1.036372890888638949e+02 6.756427165354330100e+01 6.872867387112324877e+01
1.032372810541539394e+02 6.733306484010927306e+01 6.805409569339546749e+01
1.031072252129198148e+02 6.758073879157961983e+01 6.685738791579623808e+01
1.031366764422304385e+02 6.793012614494617196e+01 6.630127350152659460e+01
1.035243973967539830e+02 6.837836252611280941e+01 6.652086212437731660e+01
1.034979431142535731e+02 6.858237988108629679e+01 6.651210027318013829e+01
1.028477241684075238e+02 6.822178812469870479e+01 6.597068736943596434e+01
1.025307307568696729e+02 6.794873654186083911e+01 6.570566647919009995e+01
1.026385404949381268e+02 6.803702996946810799e+01 6.579682829824842827e+01
1.028988630885424982e+02 6.828944239112968262e+01 6.600782580748834505e+01
1.030825445926402040e+02 6.841292383094970830e+01 6.611280130162300850e+01
1.031124136268680758e+02 6.843096978949060372e+01 6.608779125823558331e+01
1.033300056242969589e+02 6.859724409448818960e+01 6.624948376988591292e+01
1.041176482403985233e+02 6.927102884460870769e+01 6.688919532379881616e+01
1.052244616744335559e+02 7.025504378916920700e+01 6.776035071508918861e+01
1.065557347742246463e+02 7.144727623332798316e+01 6.882207737425679284e+01
1.067060621886549825e+02 7.156667403181745613e+01 6.893862485939257567e+01
1.071627530933633352e+02 7.199613128716053723e+01 6.932695444319459455e+01
1.071820544753334445e+02 7.203585288446086565e+01 6.935407158926562943e+01
1.071428953077293897e+02 7.199463080507793222e+01 6.929519725212919923e+01
1.079422806524184466e+02 7.276101759601478136e+01 6.998063835770528840e+01
1.084602784026996574e+02 7.316011770850072082e+01 7.038175116503293793e+01
1.085563494295356008e+02 7.327694239112967978e+01 7.046333761851197153e+01
1.082867246504901146e+02 7.301681463924151672e+01 7.023659810380844704e+01
1.079807468262895753e+02 7.276108187369436564e+01 6.999028201831913520e+01
1.076931222882853945e+02 7.264148722481118625e+01 6.983118471798168514e+01
1.075546621404467231e+02 7.260830989876265562e+01 6.970378434838502812e+01
1.076140968986019573e+02 7.271568977984894389e+01 6.978233769885906668e+01
1.075874035834806364e+02 7.273126104772617850e+01 6.976918086132090480e+01
1.075289912421661569e+02 7.262489153141571308e+01 6.965140808291820917e+01
1.077174775028121445e+02 7.273913707215169211e+01 6.979792302747870281e+01
1.079988871926723419e+02 7.296576209223846377e+01 7.003277960790614998e+01
1.080329443194600714e+02 7.296030451550699070e+01 7.002736220472441175e+01
1.081197573517596027e+02 7.303207857946328829e+01 7.007733810059457369e+01
1.082608589104933259e+02 7.315640366382773152e+01 7.017827414430338706e+01
1.088535433070866105e+02 7.363982403985215797e+01 7.062657882050457658e+01
1.090523461353045178e+02 7.381932749477743982e+01 7.078998875140607083e+01
1.087148220311746769e+02 7.354070986662381415e+01 7.051458500723123279e+01
1.087480596175478098e+02 7.357592399164390429e+01 7.055218544110557843e+01
1.092163285392897336e+02 7.400057649043868935e+01 7.092655270769725462e+01
1.095349509882693297e+02 7.426919090470833851e+01 7.115572874819218896e+01
1.101422866784509011e+02 7.476920295677325612e+01 7.162932468262896180e+01
1.101702816165836367e+02 7.479227261770850532e+01 7.162838462156516073e+01
1.097349288928169670e+02 7.443246826289571061e+01 7.128813273340831813e+01
1.093983689538807624e+02 7.414388357705287547e+01 7.103129318656596070e+01
1.100705085971396500e+02 7.463235979431142653e+01 7.149429937329261975e+01
1.103050076329744513e+02 7.477877028764261524e+01 7.165897075365579383e+01
1.101896251807809790e+02 7.465138397878835974e+01 7.154542021533022478e+01
1.090456913867909350e+02 7.359945564840109000e+01 7.060030933633295547e+01
1.071898642134018900e+02 7.184771211634260624e+01 6.904855576088702662e+01
1.068647657882050481e+02 7.164239916439017009e+01 6.878319138679093214e+01
1.070747007070544754e+02 7.190196046922706330e+01 6.898488671058974830e+01
1.070276253414751721e+02 7.193280170335850698e+01 6.897885666077453948e+01
1.066366041298409186e+02 7.170900289249557602e+01 6.873159247951149098e+01
1.068366262252932728e+02 7.193302466655953253e+01 6.889527759922866323e+01
1.070818013819701093e+02 7.217194681022014890e+01 6.913414952595211105e+01
1.069444178852643432e+02 7.208110838823718325e+01 6.903763659006909847e+01
1.066408866302426475e+02 7.192135023300659213e+01 6.882959987144464264e+01
1.063654909207777592e+02 7.168143178531255444e+01 6.858285995500563104e+01
1.063039691467137970e+02 7.156894182869999099e+01 6.852781415715892877e+01
1.072452956773260553e+02 7.226355857303551034e+01 6.922217379077615362e+01
1.079607504419090418e+02 7.287435722320424247e+01 6.980468222722159055e+01
1.078526213241201930e+02 7.278144182869998247e+01 6.973131929937329687e+01
1.073709364454443147e+02 7.236468945846054623e+01 6.935381246986983683e+01
1.079739032620922359e+02 7.286313273340832097e+01 6.983637915796239781e+01
1.085955246665595411e+02 7.332590390486903686e+01 7.029795315764100394e+01
1.085990478868712898e+02 7.331778081311264827e+01 7.027384701912261278e+01
1.083986180298891213e+02 7.314032219186887573e+01 7.011835931222883289e+01
1.078243532058492633e+02 7.261612566286356696e+01 6.961887755102040387e+01
1.088680339064759721e+02 7.348083721677647873e+01 7.042798489474529333e+01
1.104060200064277666e+02 7.486196970914349436e+01 7.168765065081150567e+01
1.109811345010445081e+02 7.545583721677647304e+01 7.218928772296320062e+01
1.104016511328941021e+02 7.500325405752852248e+01 7.177404989554877091e+01
1.097319881889763735e+02 7.445129559697895161e+01 7.120392897316406788e+01
1.095918929776635053e+02 7.432255744817612708e+01 7.109099108147195523e+01
1.098784187690824297e+02 7.450423027478707638e+01 7.131536437409609164e+01
1.103771633456532157e+02 7.488181142535754020e+01 7.167360196046922738e+01
1.103636951631046088e+02 7.479726819861802767e+01 7.162068736943597003e+01
1.096675216937168500e+02 7.412888076490438038e+01 7.103763458139161457e+01
1.092298670255503765e+02 7.384060541539450639e+01 7.073358107022336583e+01
1.099256267073758693e+02 7.458980596175477729e+01 7.143559175638759484e+01
1.101412662702876446e+02 7.481438012212758792e+01 7.163109633617226280e+01
1.099443757030371245e+02 7.464398401092721258e+01 7.145022698055599619e+01
1.096160493331190793e+02 7.436300819540414864e+01 7.118450305318978621e+01
1.096927426482403973e+02 7.438369958219507794e+01 7.119447613691146159e+01
1.100503013016230085e+02 7.473676683271733623e+01 7.149234091274304603e+01
1.103498372971235710e+02 7.509590430660453819e+01 7.180902498794793587e+01
1.104262855535915122e+02 7.518378997268199271e+01 7.184369677004660559e+01
1.105886951631046173e+02 7.535182387915796198e+01 7.200504579784669090e+01
1.109403543307086579e+02 7.564071187530130658e+01 7.218484251968503429e+01
1.113021573196207612e+02 7.573254860999517746e+01 7.226641089506668436e+01
1.121699682628957078e+02 7.630291860838823936e+01 7.281972722159730438e+01
1.142216133697573497e+02 7.802307568696770090e+01 7.439677808131126824e+01
1.145855857303551346e+02 7.835875783384220483e+01 7.467545396111199807e+01
1.141695805881407750e+02 7.816752771974931591e+01 7.447794672987305376e+01
1.141245219347581497e+02 7.827328458942632494e+01 7.448432628957094437e+01
1.140865760083561042e+02 7.830608428410734234e+01 7.450353125502169860e+01
1.139161899405431484e+02 7.821862044030210370e+01 7.438604170014463079e+01
1.139037140446729808e+02 7.825805278804435261e+01 7.441448256467941746e+01
1.130405752852322081e+02 7.755599389362043894e+01 7.373659207777599534e+01
1.097544793507954353e+02 7.446878515185602510e+01 7.097535553591515622e+01
1.074165233810059448e+02 7.229569339546841888e+01 6.891735497348545891e+01
1.058803330387273007e+02 7.089516913064439052e+01 6.760646191547485273e+01
1.057496324120199205e+02 7.074543829342761114e+01 6.744902177406395083e+01
1.066016029246344203e+02 7.143638719267234194e+01 6.817892897316406220e+01
1.066624256789329905e+02 7.158551140928813084e+01 6.840833601156998611e+01
1.068477382291499254e+02 7.185731359472923430e+01 6.871723445283625153e+01
1.067211955648401158e+02 7.180880403342439422e+01 6.873425598585890839e+01
1.048861140125341507e+02 7.038335208098988005e+01 6.750900490117307129e+01
1.013041037281054173e+02 6.701419532379881616e+01 6.442433512775188831e+01
1.003192752691627874e+02 6.601509119395790037e+01 6.355666479190101370e+01
1.008713863892013478e+02 6.648300056242969447e+01 6.395255302908564943e+01
1.002261429374899535e+02 6.590213522416840419e+01 6.342107303551341602e+01
1.011435159890727959e+02 6.671013980395308351e+01 6.422331672826611282e+01
1.043687449783062817e+02 6.972788847822593539e+01 6.713578458942632210e+01
1.045895870159087195e+02 6.996956652739835647e+01 6.738172505222561881e+01
1.031183934597461018e+02 6.868092760726337076e+01 6.632495982645026800e+01
1.025978025068295096e+02 6.816847782420055069e+01 6.595583922545395694e+01
1.025863671058974802e+02 6.816299614333922818e+01 6.591322914992768744e+01
1.023128555359151477e+02 6.790763498312711022e+01 6.555292463442069106e+01
1.028563494295355980e+02 6.831273099791097536e+01 6.582835650008034634e+01
1.059639723605977792e+02 7.100794231078258179e+01 6.820759681825485643e+01
1.065322452996946794e+02 7.150641772457014156e+01 6.862362807327654934e+01
1.057631789329905132e+02 7.089381126466334138e+01 6.804156154587819572e+01
1.064769524345171163e+02 7.147920215330226767e+01 6.853495098826932974e+01
1.075458601156998242e+02 7.238487264984733827e+01 6.935933030692592638e+01
1.082358247629760513e+02 7.299532982484332422e+01 6.989112365418608874e+01
1.084001968503936979e+02 7.318364133054797094e+01 7.001195163104611652e+01
1.080708098987626613e+02 7.291455889442390514e+01 6.974538807649044259e+01
1.079887152498794762e+02 7.272784830467620054e+01 6.958443274947774171e+01
1.079689096898601974e+02 7.257755905511811534e+01 6.943133135143821733e+01
1.078048168086132108e+02 7.235305318977984257e+01 6.924799132251325773e+01
1.079836091917081831e+02 7.246122850715089214e+01 6.941077052868391206e+01
1.085640165515024904e+02 7.293889603085328588e+01 6.985337457817772133e+01
1.085184276072633764e+02 7.298172103487064533e+01 6.988273340832395775e+01
1.082346115217740703e+02 7.283292825004016890e+01 6.972244697091434773e+01
1.081311284750120478e+02 7.276450867748674511e+01 6.966856620600995598e+01
1.085995440302105095e+02 7.317481319299373865e+01 7.006074441587658441e+01
1.088663345653221910e+02 7.344865418608388552e+01 7.032329262413627191e+01
1.089065402538968357e+02 7.356061786919492818e+01 7.039049895548770053e+01
1.090316607745460402e+02 7.371566768439659256e+01 7.049060541539449787e+01
1.090795456371524921e+02 7.378899043869516561e+01 7.056867266591676469e+01
1.092516270287642612e+02 7.398807649043870072e+01 7.069207978466977238e+01
1.095945363972360553e+02 7.428587899726819899e+01 7.098343845412180997e+01
1.096834083239595117e+02 7.435235417001446478e+01 7.101819460067491718e+01
1.098865639562911838e+02 7.449823838984413271e+01 7.117856339386148079e+01
1.104480857303551318e+02 7.499272256146552706e+01 7.161539852161337194e+01
1.105620560822754328e+02 7.513551341796561189e+01 7.169631809416679857e+01
1.103911999839305764e+02 7.499495621083079300e+01 7.157487947935079831e+01
1.107944359633617211e+02 7.524941748352884474e+01 7.183740760083560417e+01
1.110522195886228474e+02 7.541311063795596681e+01 7.202654266430981522e+01
1.108025550377631419e+02 7.513932187048047240e+01 7.180251285553590890e+01
1.105877551020408163e+02 7.490370400128554706e+01 7.161293387433713065e+01
1.112168166479190035e+02 7.542657480314960594e+01 7.209416479190100802e+01
1.116330748834967039e+02 7.582856741121645427e+01 7.243786557930258141e+01
1.109287381488028217e+02 7.527245098826932690e+01 7.195444721195565307e+01
1.101513237184637575e+02 7.462127792061706089e+01 7.136872489153141430e+01
1.094634521131287102e+02 7.402402980877390348e+01 7.081807408002570980e+01
1.089423409127430489e+02 7.351665394504257733e+01 7.037227221597299831e+01
1.089846336172264216e+02 7.341379157962397528e+01 7.026290575285231910e+01
1.095640848465370425e+02 7.388912502008678018e+01 7.072093443676683933e+01
1.099786578017033634e+02 7.419076610959344009e+01 7.106303832556645261e+01
1.102215290053029122e+02 7.441688494295355838e+01 7.126428973164068736e+01
1.102605415394504291e+02 7.443312710911136776e+01 7.126647115539128663e+01
1.102553812469869854e+02 7.450129760565643267e+01 7.130508195404145511e+01
1.096604350795436318e+02 7.406317290695805866e+01 7.090596175478064822e+01
1.091449441587658669e+02 7.368390647597621523e+01 7.056415314157159457e+01
1.095480977824200579e+02 7.404919251165033245e+01 7.089484171621404585e+01
1.112139080829182092e+02 7.559271452675558578e+01 7.237614293748995919e+01
1.119890788205045737e+02 7.629299775028121644e+01 7.301732283464566819e+01
1.120638116663988484e+02 7.638165474851358283e+01 7.303336614173228725e+01
1.117327715731962030e+02 7.609720392093845476e+01 7.270958540896673128e+01
1.116560099630403329e+02 7.603303270126949087e+01 7.259084043066044956e+01
1.121071910654025459e+02 7.643963120681343071e+01 7.294622971235737907e+01
1.128294753334404561e+02 7.711851398039530636e+01 7.350429656114414456e+01
1.129891993411537783e+02 7.726953639723606670e+01 7.360459987144463412e+01
1.126342198296641470e+02 7.701054354812791303e+01 7.328430218544110630e+01
1.128690603406717088e+02 7.716438012212759645e+01 7.342533745781777554e+01
1.132519644865820396e+02 7.751561345010445336e+01 7.373539088863891777e+01
1.133326209223847059e+02 7.752283263699180793e+01 7.376778683914510282e+01
1.132194319460067504e+02 7.738516189940543200e+01 7.371603928973163988e+01
1.128563454121806160e+02 7.704180459585408869e+01 7.348968343242809453e+01
1.131190462799292931e+02 7.724183472601639266e+01 7.368523421179494903e+01
1.135900550377631362e+02 7.763235979431142653e+01 7.408688132733408338e+01
1.135823115860517447e+02 7.763500522256146041e+01 7.407702675558412864e+01
1.132028543307086608e+02 7.731200385666078034e+01 7.378326369918046623e+01
1.131216555519845741e+02 7.722510846858428124e+01 7.374440382452193887e+01
1.129364233488671090e+02 7.705160292463442318e+01 7.358192591997429588e+01
1.129309396593283026e+02 7.703806042101879825e+01 7.357549815201670640e+01
1.132875220954523598e+02 7.737558452514863916e+01 7.386092117949542057e+01
1.130185682146874484e+02 7.719181865659649588e+01 7.365735376827896630e+01
1.120213301462317190e+02 7.640896673630082603e+01 7.285160694198938813e+01
1.113894805560019279e+02 7.585143017837056334e+01 7.229239916439016156e+01
1.112959464888317598e+02 7.576225092399164396e+01 7.219746304033424167e+01
1.116000843644544460e+02 7.598226940382451744e+01 7.238730716696127843e+01
1.118429676201189125e+02 7.615495741603727708e+01 7.260443917724569474e+01
1.123351639080829187e+02 7.656114615137393287e+01 7.306038285392897080e+01
1.127206672826610969e+02 7.687383898441265728e+01 7.342637996143339763e+01
1.124799975895870148e+02 7.664616141732282983e+01 7.323275349509883370e+01
1.126680479672183850e+02 7.674976699341154074e+01 7.332736019604692501e+01
1.130419632813755442e+02 7.705647195886228928e+01 7.359721396432588847e+01
1.131171782098666228e+02 7.711076048529648119e+01 7.363434838502330138e+01
1.129884922866784507e+02 7.696681263056403566e+01 7.352434316246183243e+01
1.131534910814719552e+02 7.711494656917885493e+01 7.363383818094166600e+01
1.138443736943596321e+02 7.774302587176602231e+01 7.426616784509079139e+01
1.138931966093524011e+02 7.782051663184958556e+01 7.431186927526916008e+01
1.133262453800417831e+02 7.735835408966735827e+01 7.387104692270608552e+01
1.132928109432749437e+02 7.732193877551020478e+01 7.381213843805238639e+01
1.136809436766832704e+02 7.766510525470030757e+01 7.410297886871283879e+01
1.135822412823397087e+02 7.763732926241362975e+01 7.399834685842840543e+01
1.131065583319942220e+02 7.729660131769243492e+01 7.361694721195564739e+01
1.133063775510204039e+02 7.751758597139642859e+01 7.376875100433873911e+01
1.136873091756387595e+02 7.786856017997750712e+01 7.406553511168246473e+01
1.137907701269484164e+02 7.797716334565322427e+01 7.413865699823236355e+01
1.137289530772939088e+02 7.786410091595693928e+01 7.407351759601478136e+01
1.138290314157158889e+02 7.791845773742568326e+01 7.412446770046601330e+01
1.140924011730676568e+02 7.810814920456371624e+01 7.433862084203759935e+01
1.141166218062028008e+02 7.811572593604370240e+01 7.434713361722641878e+01
1.134620038566607718e+02 7.755713683111039813e+01 7.383113450104451658e+01
1.129648401092720604e+02 7.709729029407039036e+01 7.340279607906154524e+01
1.129947513257271368e+02 7.713920938454121767e+01 7.342886268680700823e+01
1.135024405431463919e+02 7.756763618833359430e+01 7.384414872248112260e+01
1.134650751245380036e+02 7.753890406556323001e+01 7.380313152820183120e+01
1.130255764904386950e+02 7.720121725855696582e+01 7.346853004981520030e+01
1.129843604370882275e+02 7.732664108950666559e+01 7.352603647758316185e+01
1.132631407681182765e+02 7.769425719106540384e+01 7.379922866784508528e+01
1.129638478225936069e+02 7.753891812630564573e+01 7.364241523381005550e+01
1.131862646633456535e+02 7.779898160051422451e+01 7.387322834645669900e+01
1.132522878836574023e+02 7.791038486260646323e+01 7.395758677486742272e+01
1.129842037602442559e+02 7.771621605335047889e+01 7.375633938614815577e+01
1.122020789811987811e+02 7.698378193797204005e+01 7.311259641651936647e+01
1.122090290053029094e+02 7.692035995500562251e+01 7.308805037763136170e+01
1.126136529808773901e+02 7.721365097219990048e+01 7.338607383898441583e+01
1.133706130483689520e+02 7.783056604531576284e+01 7.400704242326851556e+01
1.129855556001928392e+02 7.748717258556966669e+01 7.372565683753816757e+01
1.124206713000160676e+02 7.699582998553752589e+01 7.333274746906636210e+01
1.124440261931544285e+02 7.701325526273501509e+01 7.337976056564357918e+01
1.125230013659006971e+02 7.706026434195725017e+01 7.348350474047886394e+01
1.125020910332636959e+02 7.706280732765547725e+01 7.348905873372970632e+01
1.127378454925277254e+02 7.718186164229472013e+01 7.357375261128073873e+01
1.126680037763136681e+02 7.700606620600996166e+01 7.338424995982644816e+01
1.126649264824039847e+02 7.695787803310300035e+01 7.328189578981198338e+01
1.127550518238791568e+02 7.700926402056886388e+01 7.329450224971878924e+01
1.126749357223204271e+02 7.690427647436926861e+01 7.322163345653221711e+01
1.125178691949220564e+02 7.669630202474691316e+01 7.304437168568215100e+01
1.127476839948577805e+02 7.687897316406878190e+01 7.322846295998714083e+01
1.129778081311264657e+02 7.708933994857785876e+01 7.337184838502329853e+01
1.128313996464727609e+02 7.695698417162140004e+01 7.321646914671380557e+01
1.128910674112164543e+02 7.700915956933954476e+01 7.325978225936043486e+01
1.128807146874497818e+02 7.699072794472120052e+01 7.324065161497669862e+01
1.129810782580748878e+02 7.706901614976699477e+01 7.329214807970431877e+01
1.131619174835288391e+02 7.721873292624135843e+01 7.341881729069581297e+01
1.129605837216776507e+02 7.703425196850393775e+01 7.323415153462960347e+01
1.127267294713160908e+02 7.680028121484814108e+01 7.305273581873694866e+01
1.125585348706411679e+02 7.672623734533183892e+01 7.302666720231400177e+01
1.123273702394343587e+02 7.662261168246826060e+01 7.293719468102202086e+01
1.123032741443033871e+02 7.665963562590390268e+01 7.297244295355937993e+01
1.120574220633135099e+02 7.650810300498152117e+01 7.282461031656757200e+01
1.118360035352723827e+02 7.638064639241522968e+01 7.266684677808130743e+01
1.120622730194439924e+02 7.657734814398200740e+01 7.284935923188173490e+01
1.131495339868230730e+02 7.750691587658685933e+01 7.372553430821147913e+01
1.128441467138036387e+02 7.726717620118913032e+01 7.351755383255664356e+01
1.124556885746424513e+02 7.695421621404467771e+01 7.323651976538647546e+01
1.120684517113932230e+02 7.662629559697894877e+01 7.293134541218061884e+01
1.116915836413305527e+02 7.632625542342921676e+01 7.265571468744978745e+01
1.115226639080829187e+02 7.618874337136429631e+01 7.251782500401735376e+01
1.119863309497027188e+02 7.663916921099148283e+01 7.291722641812630457e+01
1.126399505865338284e+02 7.722693636509721671e+01 7.353087739032621073e+01
1.126484734051100816e+02 7.723076691306444275e+01 7.354128434838501960e+01
1.125010525470030558e+02 7.710373413144785104e+01 7.340063273340832950e+01
1.122306303229953386e+02 7.686788928169693236e+01 7.315598184155551564e+01
1.124501004338743400e+02 7.704442190261931955e+01 7.333231761208421062e+01
1.124626064599067945e+02 7.707213361722641309e+01 7.337938092559858205e+01
1.116730616262252909e+02 7.640765306122449374e+01 7.278564197332475771e+01
1.110685943274947789e+02 7.581578820504579141e+01 7.224390567250522110e+01
1.105452876426161026e+02 7.532091635866945012e+01 7.177678571428570820e+01
1.101562972039209427e+02 7.490853286196367833e+01 7.138817290695806150e+01
1.103013679093684658e+02 7.500437088221114834e+01 7.148336413305479198e+01
1.104350574481761242e+02 7.512833440462799217e+01 7.159615539129038098e+01
1.106402719749317072e+02 7.526618994054314271e+01 7.176534629599871096e+01
1.112507632974449621e+02 7.579777639402217915e+01 7.228459946970914984e+01
1.112650711071830330e+02 7.578028683914510566e+01 7.234429133858267846e+01
1.109134079222240103e+02 7.548016029246343805e+01 7.208486260645990740e+01
1.107893660613851807e+02 7.538088944239112266e+01 7.198273541700145017e+01
1.110177506829503500e+02 7.545671500883818794e+01 7.207726980556002161e+01
1.114282620922384694e+02 7.568122489153141430e+01 7.233830748834967039e+01
1.116955467620118867e+02 7.582551020408163822e+01 7.249559095291660071e+01
1.117330347099469776e+02 7.578355495741604386e+01 7.245566447051261605e+01
1.116017877229631949e+02 7.561811023622047401e+01 7.230268761047726400e+01
1.115066447051261491e+02 7.548293025871765849e+01 7.220727141250200987e+01
1.117822352563072457e+02 7.586497870801863996e+01 7.245824762976056377e+01
1.119281114414269638e+02 7.612808532861963329e+01 7.265504780652418049e+01
1.119905391290374439e+02 7.628834766189940808e+01 7.277594407841877455e+01
1.118015587337297063e+02 7.620250281214848087e+01 7.266154386951630784e+01
1.116625883818094138e+02 7.614871645508597453e+01 7.256455487706894303e+01
1.121270287642616097e+02 7.661910051422144363e+01 7.301378957094648570e+01
1.123534247951148899e+02 7.686492447372650361e+01 7.322943917724569474e+01
1.123674292945524655e+02 7.698190985055440194e+01 7.334175638759440119e+01
1.124002571107183002e+02 7.703070665273983764e+01 7.332907158926562374e+01
1.122222923027478743e+02 7.680505985858910378e+01 7.314135264341956599e+01
1.120342017515667692e+02 7.660035754459264012e+01 7.301461112003856613e+01
1.118104913225132577e+02 7.634518720874176267e+01 7.279736461513739698e+01
1.111898622047244061e+02 7.577338904065562986e+01 7.224193716856821368e+01
1.105462176602924700e+02 7.513653382612888265e+01 7.166105977824200579e+01
1.106141651936365093e+02 7.517779808773903483e+01 7.168087136429375050e+01
1.112347340511007587e+02 7.575433271733889740e+01 7.223545516631850205e+01
1.116668688735336588e+02 7.614471918688735741e+01 7.261778683914511134e+01
1.114257412019926079e+02 7.595141410895067224e+01 7.241739514703519376e+01
1.111069259199742874e+02 7.570430057849911520e+01 7.216226699341153505e+01
1.112949582195082741e+02 7.593067451390004408e+01 7.236814438373774294e+01
1.114874477743853447e+02 7.610735979431142084e+01 7.256588863892012853e+01
1.115213301462317190e+02 7.616466736300819207e+01 7.260544753334404788e+01
1.114418608388237146e+02 7.609469910011249283e+01 7.255905712678772090e+01
1.112993130322995370e+02 7.597729591836734642e+01 7.246248393058010606e+01
1.112117407199100114e+02 7.583068053993250146e+01 7.236105977824200863e+01
1.115317591997428934e+02 7.602854330708660768e+01 7.257039209384541323e+01
1.116956532219186897e+02 7.609933914510686748e+01 7.265895669291339232e+01
1.113762293106218806e+02 7.579649887514061390e+01 7.238022055278804601e+01
1.107664430339064694e+02 7.522106500080347757e+01 7.185471637473887085e+01
1.109595151052546953e+02 7.532001044512293220e+01 7.198014824039852044e+01
1.114075626707375903e+02 7.562250120520648977e+01 7.223259882693234601e+01
1.118242527719749262e+02 7.593718664631207105e+01 7.251459505061866651e+01
1.118679756548288537e+02 7.595181986180298850e+01 7.251401454282500936e+01
1.117580427446569189e+02 7.586689498634099493e+01 7.240797043226739049e+01
1.115370801864052765e+02 7.593263900048208370e+01 7.231725654828861138e+01
1.117616684075204887e+02 7.631228105415394225e+01 7.261925919974288490e+01
1.118359031013980456e+02 7.647068335208099654e+01 7.273895026514543360e+01
1.118224067973646214e+02 7.649542021533022762e+01 7.272828217901333403e+01
1.120468062027960769e+02 7.673232162943918411e+01 7.294477542985698904e+01
1.123809717981680905e+02 7.695999919652901156e+01 7.323169291338582809e+01
1.122694681022015146e+02 7.679996585248272822e+01 7.319467901333761972e+01
1.118377691627832178e+02 7.640982243291017539e+01 7.282216374738871423e+01
1.109369375703037122e+02 7.556772055278804601e+01 7.207675558412341843e+01
1.103834243933793999e+02 7.504255383255664924e+01 7.159994174835289016e+01
1.106134340350313323e+02 7.510013859874658237e+01 7.167002249718785833e+01
1.114268680700626675e+02 7.566064398200225583e+01 7.218956291177887863e+01
1.120449582195082741e+02 7.612142656275108266e+01 7.259042262574321569e+01
1.119175176763618822e+02 7.595363972360597415e+01 7.243798609995178595e+01
1.116149706733086902e+02 7.567450988269322920e+01 7.219740679736462141e+01
1.123940101237345317e+02 7.659414470512614059e+01 7.304791901012373501e+01
1.127858689538807653e+02 7.713109031013979688e+01 7.351734091274305172e+01
1.125751546681664763e+02 7.706550297284267970e+01 7.339420898280572203e+01
1.125778322352563094e+02 7.714590430660453535e+01 7.342370641169853229e+01
1.126757191065402566e+02 7.727093242808935258e+01 7.352976860035352047e+01
1.125259320263538427e+02 7.717384501044512035e+01 7.343035111682468141e+01
1.121387413626868010e+02 7.687495179174031534e+01 7.314134059135464838e+01
1.121298389040655650e+02 7.687643017837055481e+01 7.313955286839144776e+01
1.126064277679575838e+02 7.729612124377310067e+01 7.352237666720230891e+01
1.128087518078097418e+02 7.749489795918367463e+01 7.371194560501365345e+01
1.126537180620279628e+02 7.732231238952273600e+01 7.353062630564036795e+01
1.124498493491884972e+02 7.712207134822432408e+01 7.330509802346135473e+01
1.126934235899084058e+02 7.730811304836895204e+01 7.349077414430338706e+01
1.129322111521774019e+02 7.749142696448657830e+01 7.365396713803632167e+01
1.128741322513257330e+02 7.743076490438694748e+01 7.360468222722160192e+01
1.127538847822593624e+02 7.732969829664149586e+01 7.352032179013338009e+01
1.128410071508918548e+02 7.732242889281697273e+01 7.354830869355616585e+01
1.130793548127912516e+02 7.744557890085168594e+01 7.371960268359312352e+01
1.130095050618672730e+02 7.726765828378594847e+01 7.363571629439177002e+01
1.125523802828217867e+02 7.688875542342921676e+01 7.326852804113771356e+01
1.116914631206813482e+02 7.613538687128394145e+01 7.258585690181584482e+01
1.116637453800417745e+02 7.608372167764743210e+01 7.254044271251807174e+01
1.117327414430339019e+02 7.613013217097862650e+01 7.255024304997589013e+01
1.117033444480154287e+02 7.609734452836252672e+01 7.253929776635062865e+01
1.114441688092559843e+02 7.586214446408484946e+01 7.231686083882371463e+01
1.115778141571589259e+02 7.594162783223525537e+01 7.235075124538003877e+01
1.123343624457657057e+02 7.658538887996142819e+01 7.296140527076973115e+01
1.123620400128555303e+02 7.662330266752370278e+01 7.297629157962397528e+01
1.119701791740318129e+02 7.628573638116664313e+01 7.267147878836574648e+01
1.114530813112646683e+02 7.586545677326049031e+01 7.229144905993894099e+01
1.115595894263217076e+02 7.585607223204242189e+01 7.231039892334887043e+01
1.116378836573999678e+02 7.581238349670576326e+01 7.233638920134983152e+01
1.117093082114735694e+02 7.579295155069901568e+01 7.235119717178210408e+01
1.118204342760726320e+02 7.585761288767476174e+01 7.241630041780491922e+01
1.113185762493973954e+02 7.538585288446087418e+01 7.198686324923670554e+01
1.108300919974288945e+02 7.501511730676521950e+01 7.166370721516953779e+01
1.109363771492849082e+02 7.512505423429213636e+01 7.178797404788687686e+01
1.113303450907922212e+02 7.547866784509079707e+01 7.213581873694359103e+01
1.114181725052225573e+02 7.557900530290856977e+01 7.225065081150570734e+01
1.118772155712678824e+02 7.603144785473244838e+01 7.270959746103166310e+01
1.124961373131929889e+02 7.674502249718784697e+01 7.332859955005623931e+01
1.125179475333440422e+02 7.690100835609834462e+01 7.337937489956613035e+01
1.121228527237666697e+02 7.661776876104772782e+01 7.302672746263860404e+01
1.119205005624296945e+02 7.648284388558573710e+01 7.288920737586373377e+01
1.119987947935079546e+02 7.656828499116181774e+01 7.294209987144463980e+01
1.120773742567893265e+02 7.648822714125020639e+01 7.293429415073116218e+01
1.119929736461513698e+02 7.628964526755584075e+01 7.279471115217741328e+01
1.122193033906475961e+02 7.630789209384541039e+01 7.286472561465531328e+01
1.123570846054957428e+02 7.632700867748674511e+01 7.293638920134982584e+01
1.124223766672023146e+02 7.629085850875783592e+01 7.292369435963361468e+01
1.123082918206652749e+02 7.614872850715089214e+01 7.277642616101559270e+01
1.120922384701912193e+02 7.604570343885585260e+01 7.266433392254539569e+01
1.120621203599550029e+02 7.604933914510685611e+01 7.267628957094649422e+01
1.124344789490599368e+02 7.644090069098506035e+01 7.299829061545878517e+01
1.126372087417644252e+02 7.664048489474529902e+01 7.315881005945685445e+01
1.125261851197171836e+02 7.665716495259520968e+01 7.311722641812630741e+01
1.123961774867427295e+02 7.662738229149927349e+01 7.305714888317531575e+01
1.122833380202474700e+02 7.661227301944400381e+01 7.298509762172585624e+01
1.122668929776635025e+02 7.663504137875622746e+01 7.300280009641652157e+01
1.122790635545556768e+02 7.667483930580105778e+01 7.306333962718946395e+01
1.122870560822754271e+02 7.673882974449622907e+01 7.309576169050296812e+01
1.122920958540896663e+02 7.670192029567732561e+01 7.309132853928973361e+01
1.123620460388879962e+02 7.677441346617386841e+01 7.310824562108308555e+01
1.124219548449300987e+02 7.682938896030853471e+01 7.317275228989232971e+01
1.124737666720231459e+02 7.688073477422464919e+01 7.327202514864212901e+01
1.125051100755262752e+02 7.689645870159087337e+01 7.330743009802345966e+01
1.124341615780170400e+02 7.684886308854250103e+01 7.326935963361722770e+01
1.123153744174835253e+02 7.673069058331994086e+01 7.317102482725373136e+01
1.123506026032460170e+02 7.676410694198939666e+01 7.320084565322191850e+01
1.125124839305801032e+02 7.687613691145749328e+01 7.331052547003052666e+01
1.124582777599228649e+02 7.683497910975414413e+01 7.324076410091595335e+01
1.123879599871444697e+02 7.675204684235899322e+01 7.312438333601157581e+01
1.127097983287803373e+02 7.701658163265305745e+01 7.333303270126948803e+01
1.129287943917724562e+02 7.724177245701430650e+01 7.350605214526756015e+01
1.129180760887032022e+02 7.723012212759118711e+01 7.348431022015105896e+01
1.126555379238309484e+02 7.703211071830307333e+01 7.330148843001767034e+01
1.128481058171300049e+02 7.718984814398200456e+01 7.351098746585248023e+01
1.131175658846215697e+02 7.742238871926723220e+01 7.373779125823557479e+01
1.132476116824682606e+02 7.759263618833359999e+01 7.385333038727301869e+01
1.130436184316246226e+02 7.738503133536879375e+01 7.370851277518882227e+01
1.130212357383898478e+02 7.735755463602764337e+01 7.366516350634742594e+01
1.131562630564036596e+02 7.748756026032459943e+01 7.375372207938293911e+01
1.134360196046922766e+02 7.773041740318174675e+01 7.398974570143018070e+01
1.131414470512614514e+02 7.746546480797043444e+01 7.378662019926080973e+01
1.122655993893620376e+02 7.675802064920456758e+01 7.311808412341314067e+01
1.119203760244255221e+02 7.639419693074080442e+01 7.280663064438374477e+01
1.119354812791258240e+02 7.637702675558412579e+01 7.278062429696288405e+01
1.120183412341314408e+02 7.640475253093363506e+01 7.283125301301623722e+01
1.119137935883014592e+02 7.628376185119716979e+01 7.271142134018961656e+01
1.116787301140928861e+02 7.606945203278161216e+01 7.249202153302265117e+01
1.113342198296641499e+02 7.578080306925919274e+01 7.223766069419893654e+01
1.113956050136590079e+02 7.578371163426000123e+01 7.222420255503776332e+01
1.115145669291338635e+02 7.587617105897477643e+01 7.234665153462960063e+01
1.114223947452996981e+02 7.579150731158604515e+01 7.224507472280251363e+01
1.110172424875461985e+02 7.542990318174513220e+01 7.191816447051260752e+01
1.109916700144624713e+02 7.540161899405431711e+01 7.189860196046922169e+01
1.110745219347581525e+02 7.545170134983126786e+01 7.193783344046279637e+01
1.110916318495902289e+02 7.547841274304997228e+01 7.194479953398682426e+01
1.110764221436606078e+02 7.547132211152177206e+01 7.195144022175799137e+01
1.110303029085650053e+02 7.543841595693395163e+01 7.192407399967861181e+01
1.109881809416680056e+02 7.543086734693876849e+01 7.189421500883818794e+01
1.109219950184798336e+02 7.543367346938775597e+01 7.191967901333761404e+01
1.106117768761047699e+02 7.525769122609673900e+01 7.169909207777598681e+01
1.101743753013016232e+02 7.492836453479029046e+01 7.141773662220793994e+01
1.103094889924473705e+02 7.508005383255664356e+01 7.154786477583159865e+01
1.105139141089506722e+02 7.527018921741925794e+01 7.175039771814238065e+01
1.102936284750120564e+02 7.508552145267556455e+01 7.162116945203278817e+01
1.099819640848465383e+02 7.486325124538004161e+01 7.142203519202956841e+01
1.105001727462638570e+02 7.531969307408002123e+01 7.187447573517596311e+01
1.108954563715249861e+02 7.569733649365258543e+01 7.219649485778563758e+01
1.108164791901012336e+02 7.564093684717981603e+01 7.215858307890084689e+01
1.109416378756226891e+02 7.572956974128233298e+01 7.225691386790937543e+01
1.112358629278483022e+02 7.591991201992608751e+01 7.246102563072473401e+01
1.114624859392575900e+02 7.609614133054796525e+01 7.262930057849911236e+01
1.114911357062510007e+02 7.611170858107021786e+01 7.265257512453800359e+01
1.112489615137393599e+02 7.591348425196849803e+01 7.244572955166319161e+01
1.114563795596978935e+02 7.596947613691145307e+01 7.251432387915795630e+01
1.118561043708822069e+02 7.612830226578820714e+01 7.270475654828860002e+01
1.120791077454603908e+02 7.624834083239595373e+01 7.279611923509561677e+01
1.122984854571749906e+02 7.636105977824200863e+01 7.293360919170818590e+01
1.124535854893138378e+02 7.646710790615458109e+01 7.302312590390486946e+01
1.125146352241684014e+02 7.663718062027960798e+01 7.313979591836734073e+01
1.126182247308372126e+02 7.684503655793025700e+01 7.330453961112003469e+01
1.127225574481761186e+02 7.700847661899405239e+01 7.347124979913225218e+01
1.125904889121002697e+02 7.696811425357545033e+01 7.341471155391290893e+01
1.126711835127751868e+02 7.708235778563394547e+01 7.352387714928491391e+01
1.127005061867266562e+02 7.704001888156837197e+01 7.348784950988269316e+01
1.127049955809095252e+02 7.698789169210991190e+01 7.343642937489956068e+01
1.127184115378434797e+02 7.696187730997911558e+01 7.341298208259681246e+01
1.127533866302426446e+02 7.696589064759761811e+01 7.343936807006267031e+01
1.125700727141250184e+02 7.678562188654989029e+01 7.328050377631367951e+01
1.120557709304194134e+02 7.624693877551020194e+01 7.276720633135143146e+01
1.117953720070705401e+02 7.591485417001446478e+01 7.249344166800578648e+01
1.120428390647597610e+02 7.608726096737908051e+01 7.260210509400610590e+01
1.123823537682789606e+02 7.632689217419250838e+01 7.283302667523702212e+01
1.130034187690824297e+02 7.693847219990358610e+01 7.344067772778402059e+01
1.130522457014301807e+02 7.705520850072312555e+01 7.357480917563876233e+01
1.128052767957576776e+02 7.688978386630242312e+01 7.342719347581552825e+01
1.123516531415715889e+02 7.660640768118271637e+01 7.311721436606138980e+01
1.122463582677165306e+02 7.654383336011569838e+01 7.303695966575607201e+01
1.124989795918367292e+02 7.675661055760886597e+01 7.322582556644705676e+01
1.124726518560180040e+02 7.676721034870641347e+01 7.322247710107664886e+01
1.122821428571428584e+02 7.662955367186243905e+01 7.309003093363330095e+01
1.123042583962718908e+02 7.666467338904065798e+01 7.310611240559215673e+01
1.123311224489795848e+02 7.669205166318495515e+01 7.309486381166640001e+01
1.123495962558251620e+02 7.671407279447211636e+01 7.310302105094005753e+01
1.123654266430981892e+02 7.669133255664470994e+01 7.308857665113289670e+01
1.126455487706893734e+02 7.691048730515828424e+01 7.328666840752049438e+01
1.131725915956933903e+02 7.735574481761207721e+01 7.372000642776795587e+01
1.131646954844930093e+02 7.732472079382934282e+01 7.369203961112003753e+01
1.130353266109593449e+02 7.720044994375703595e+01 7.356173469387755404e+01
1.128471557126787701e+02 7.704925879800738642e+01 7.345161698537683037e+01
1.129243953880764906e+02 7.712558653382612306e+01 7.353975172746264377e+01
1.131762473887192613e+02 7.735747629760565758e+01 7.375732363811665948e+01
1.132610658042744660e+02 7.743397878836573511e+01 7.380448336815041444e+01
1.133422706090310186e+02 7.753282379881086683e+01 7.387809938936204901e+01
1.134482484332315551e+02 7.763072272215973157e+01 7.395785995500563104e+01
1.134577313996464767e+02 7.765588944239112834e+01 7.399225052225614263e+01
1.133693033906476018e+02 7.757729190101237293e+01 7.392982685200064452e+01
1.136380443515989072e+02 7.781928129519523907e+01 7.411442431303230194e+01
1.137754017354973541e+02 7.794301582837859144e+01 7.423209264020569265e+01
1.137271050940061059e+02 7.787533946649526229e+01 7.413161859231881579e+01
1.132969709143499983e+02 7.747287281054154562e+01 7.375470633135144283e+01
1.130892997750281239e+02 7.725504981520167291e+01 7.354247951148963125e+01
1.132454463281375610e+02 7.733088542503615770e+01 7.363828539289731623e+01
1.133225192833038761e+02 7.736650329423108019e+01 7.369059135465209920e+01
1.133840028924955874e+02 7.752523099791098105e+01 7.381466937168568165e+01
1.133081492045637191e+02 7.757423670255504078e+01 7.383339627189458554e+01
1.133876606941989422e+02 7.771198778724088641e+01 7.398788767475494410e+01
1.134382773581873636e+02 7.781411095934436162e+01 7.409610115699823041e+01
1.135170878193797250e+02 7.790696408484653546e+01 7.417181022015105896e+01
1.136255162301140871e+02 7.795196448658202826e+01 7.421036879318656077e+01
1.137225112485939320e+02 7.796127269805559479e+01 7.422321629439177570e+01
1.139143901655150302e+02 7.814021171460710491e+01 7.436480194439980096e+01
1.140289490599389381e+02 7.823950064277678962e+01 7.444206773260485477e+01
1.139390667684396590e+02 7.813679897155712695e+01 7.437048449300979769e+01
1.137522276233328000e+02 7.795913948256468018e+01 7.422551823879157951e+01
1.138885404949381268e+02 7.807424473726499059e+01 7.437116744335529006e+01
1.143018580266752338e+02 7.843147597621725708e+01 7.476911859231881863e+01
1.144991603728105360e+02 7.862633777920616751e+01 7.496703559376506121e+01
1.143462839466495211e+02 7.847182026353848983e+01 7.484336533826129312e+01
1.144141270287642556e+02 7.845431865659649873e+01 7.479597461031656280e+01
1.145112506026032406e+02 7.851024626385986949e+01 7.481348224329101981e+01
1.143336694520327796e+02 7.832094247147678345e+01 7.463320544753334218e+01
1.141874698698376989e+02 7.817712116342599415e+01 7.447583360115699236e+01
1.139403422786437403e+02 7.791561746745942685e+01 7.421730073919331971e+01
1.136080527880443469e+02 7.756418929776634741e+01 7.391937570303711880e+01
1.133637755102040785e+02 7.730069098505543934e+01 7.366507110718302442e+01
1.134672264181263017e+02 7.737827816165835770e+01 7.371058372167765071e+01
1.134505423429214233e+02 7.732333279768600676e+01 7.368113249236702700e+01
1.130964366061385249e+02 7.699388960308533569e+01 7.339755945685361382e+01
1.124984111361079897e+02 7.649295155069901853e+01 7.294174835288445990e+01
1.123413887996143359e+02 7.636212638598746594e+01 7.281326128876747816e+01
1.124185621886549882e+02 7.644685641973325119e+01 7.288377792061706373e+01
1.123446127269805572e+02 7.640198457335689852e+01 7.284040454764583217e+01
1.121126988590711875e+02 7.624552466655953253e+01 7.273758034709946685e+01
1.118473987626546631e+02 7.607863771492849025e+01 7.261883336011570123e+01
1.118005363168889659e+02 7.606177285874980498e+01 7.263732524505864774e+01
1.116383396271894526e+02 7.605522657882050908e+01 7.268084926884139918e+01
1.113436345010445052e+02 7.579968664631206821e+01 7.244309014944560943e+01
1.108768941828700036e+02 7.536901815844447583e+01 7.208870319781455294e+01
1.105999076008356070e+02 7.495600594568536224e+01 7.170903302265787715e+01
1.109295074722802497e+02 7.515336252611280088e+01 7.187635585730355103e+01
1.119929374899566170e+02 7.596725052225615116e+01 7.265668286999839154e+01
1.127787361401253463e+02 7.659681825486100593e+01 7.326179696287964305e+01
1.131041519363650991e+02 7.686917282661096351e+01 7.349019765386469771e+01
1.126907841876908236e+02 7.660555600192833481e+01 7.319138478225936240e+01
1.120077775992286746e+02 7.609804756548288651e+01 7.269440985055439342e+01
1.115336594086453488e+02 7.572341515346296603e+01 7.228189779848948149e+01
1.109084987144464094e+02 7.522334284107343194e+01 7.176273903262092801e+01
1.108617025550377662e+02 7.515250281214848371e+01 7.168080708661416622e+01
1.108856600514221498e+02 7.514422304354812354e+01 7.166956050136590761e+01
1.110702796079061585e+02 7.528956090310140326e+01 7.185624899566126089e+01
1.112418387433713605e+02 7.546127269805559479e+01 7.202720954523542218e+01
1.109476498473405144e+02 7.519503053189779962e+01 7.184935119717178509e+01
1.111875843644544375e+02 7.541657761529808113e+01 7.206666398843002241e+01
1.120244938132733381e+02 7.609462879640045685e+01 7.270316768439658972e+01
1.124414892334886673e+02 7.644426924313032146e+01 7.300869757351759404e+01
1.119767194279286571e+02 7.603013016230113408e+01 7.263992648240397898e+01
1.110469668969950163e+02 7.514792704483367913e+01 7.180564438373774294e+01
1.107185461192350999e+02 7.485720110878997957e+01 7.150558814076811132e+01
1.106602221597300399e+02 7.473712236863249814e+01 7.142028563393861873e+01
1.105537120359955026e+02 7.453877551020407566e+01 7.132192672344528717e+01
1.107438012212759162e+02 7.464131849590229706e+01 7.145206893781134738e+01
1.105441346617387097e+02 7.443408323959505424e+01 7.125149445605013909e+01
1.102362747067330844e+02 7.412592600032138535e+01 7.098271533022658275e+01
1.102180841234131492e+02 7.413855656435802644e+01 7.096540856500079997e+01
1.103048891210027307e+02 7.424024987947935017e+01 7.104853768278965731e+01
1.102943475815523016e+02 7.423752611280733049e+01 7.104420094809577790e+01
1.103136951631046117e+02 7.426647517274626864e+01 7.105219548449301215e+01
1.103929696287963935e+02 7.434147919010123928e+01 7.113185963361722486e+01
1.102780833199421551e+02 7.423951671219668924e+01 7.104888719267233910e+01
1.104898360919170841e+02 7.444997187851518561e+01 7.126158404306605121e+01
1.106985637955969821e+02 7.465943074080026065e+01 7.144096898601959822e+01
1.107015306122448948e+02 7.463166880925598434e+01 7.142210549574160439e+01
1.103832074562108261e+02 7.435614655310942567e+01 7.118403704001285348e+01
1.101870420215330171e+02 7.422462839466494700e+01 7.108369958219508078e+01
1.102976618994054263e+02 7.438586091917082399e+01 7.122744656917885209e+01
1.102836915474851338e+02 7.442583560983447910e+01 7.126471155391290324e+01
1.102729712357383960e+02 7.445845050618672190e+01 7.129095894263217303e+01
1.102675277197493102e+02 7.447603446890566659e+01 7.130932227221597941e+01
1.098086774867427238e+02 7.413994255182387860e+01 7.089926683271734476e+01
1.095174071991001057e+02 7.388291619797524845e+01 7.064293146392415679e+01
1.092006909850554450e+02 7.360728547324441706e+01 7.035950707054475117e+01
1.092585308532862030e+02 7.365874578177728438e+01 7.038793186565965243e+01
1.093789530772939145e+02 7.375685963361722486e+01 7.047875421822271846e+01
1.093710288446087162e+02 7.361167041619798113e+01 7.040552788044351473e+01
1.093221838341635817e+02 7.345936646312068774e+01 7.029345171139321735e+01
1.091376968503936951e+02 7.316265466816648200e+01 7.010385264341957168e+01
1.088627731801381913e+02 7.283063634902779881e+01 6.983352884460870769e+01
1.090540173549734817e+02 7.295135987465852168e+01 6.996043507954362894e+01
1.091311586051743490e+02 7.310746625421822387e+01 7.009677004660132127e+01
1.089967700466013127e+02 7.306017395147034676e+01 6.999537200707054296e+01
1.090019986340993086e+02 7.312043226739514523e+01 7.002032580748834789e+01
1.091877731801381941e+02 7.331755584123412461e+01 7.023188373774706861e+01
1.093563574642455478e+02 7.349786678450908539e+01 7.041310662060099901e+01
1.095535392897316456e+02 7.370615057046440199e+01 7.062712518078097901e+01
1.098624879479350795e+02 7.398303872730194541e+01 7.088412943917724363e+01
1.102525490117306788e+02 7.433571026835930695e+01 7.119243331190743618e+01
1.100784468905672497e+02 7.416508717660292405e+01 7.105769323477422006e+01
1.096833179334726083e+02 7.385619476136911032e+01 7.072939297766350819e+01
1.095495621083078959e+02 7.378549935722320186e+01 7.066379559697894308e+01
1.095859392575927984e+02 7.385052024746906341e+01 7.072991724248754508e+01
1.097567009480957694e+02 7.401329141892978214e+01 7.086336172264181243e+01
1.100851578820504528e+02 7.431925518238791994e+01 7.116461714607102351e+01
1.104245862124377311e+02 7.465281415715892877e+01 7.144794311425357591e+01
1.105452534950988337e+02 7.484069178852642779e+01 7.153203639723605534e+01
1.103806122448979607e+02 7.470528483046761892e+01 7.143787160533504732e+01
1.102062208741764380e+02 7.460757673147999469e+01 7.131707978466977238e+01
1.105201349831271074e+02 7.492032179013337156e+01 7.159417081793347393e+01
1.109488088542503590e+02 7.532077173389041036e+01 7.199456251004339435e+01
1.110157279447211920e+02 7.539906797364615443e+01 7.202425478065241293e+01
1.107019966254218275e+02 7.512802506829503102e+01 7.175762293106218692e+01
1.105406877711714628e+02 7.498931383577053111e+01 7.165530491724248918e+01
1.103767495580909497e+02 7.486786316888959902e+01 7.151916278322352127e+01
1.098635123734533181e+02 7.444818214687450109e+01 7.111633054796722320e+01
1.097874397396753920e+02 7.435732564679415191e+01 7.104355214526755447e+01
1.104739655310943220e+02 7.493452313996465364e+01 7.156553712035994863e+01
1.109846436606138553e+02 7.538388839787883455e+01 7.195162100273179817e+01
1.108631246986983712e+02 7.528769082436123483e+01 7.184399807166961693e+01
1.104336594086453545e+02 7.489669572553431465e+01 7.148468785151855798e+01
1.105791077454603908e+02 7.488813474208581056e+01 7.153702595211312598e+01
1.107022055278804373e+02 7.485138799614334459e+01 7.156984975092399281e+01
1.106221436606138582e+02 7.464739072794472463e+01 7.145737184637634698e+01
1.106535694198939410e+02 7.459550056242969163e+01 7.144641451068616789e+01
1.104224489795918345e+02 7.433489273662220853e+01 7.125173147999356615e+01
1.100987546199582141e+02 7.422684597461031331e+01 7.109834886710589785e+01
1.103974128233970760e+02 7.467819178852643347e+01 7.142727583159248184e+01
1.106716977342117900e+02 7.507232243291016971e+01 7.170509199742889450e+01
1.104914390165514959e+02 7.497703479029406992e+01 7.158862485939258136e+01
1.103218483850233014e+02 7.487472681986180589e+01 7.145065482886067798e+01
1.104894062349349184e+02 7.500682749477743982e+01 7.160385866945203759e+01
1.106552285874979873e+02 7.514280491724248634e+01 7.177227221597300399e+01
1.104488148802828249e+02 7.496016189940543484e+01 7.161045918367346985e+01
1.102443777117146055e+02 7.476896191547484705e+01 7.141731479993572407e+01
1.102490960951309660e+02 7.473545516631850205e+01 7.140355736782902341e+01
1.104511670416197973e+02 7.490903101398039610e+01 7.151980556001927880e+01
1.106585147838663090e+02 7.505271171460709922e+01 7.166810220151052135e+01
1.103435260324602325e+02 7.477816165836412665e+01 7.137051261449461492e+01
1.094693435641973309e+02 7.396224489795918089e+01 7.066404467298730196e+01
1.095678651775670858e+02 7.400696609352402788e+01 7.071178290213723017e+01
1.100054856982162903e+02 7.430739193315120872e+01 7.101361682468262870e+01
1.102544753334404675e+02 7.449960830789008526e+01 7.120395709464888512e+01
1.100611220472440976e+02 7.429968062027960229e+01 7.102353165675718571e+01
1.102226076651132871e+02 7.442997750281215019e+01 7.114402418447694743e+01
1.108705708661417333e+02 7.499591635866944728e+01 7.168165073115861219e+01
1.110239354009320323e+02 7.513216696127270211e+01 7.179813996464727666e+01
1.107603426803792388e+02 7.490824562108308271e+01 7.158709424714767522e+01
1.108278201831913918e+02 7.496714205367186423e+01 7.161768439659327612e+01
1.107960629921259823e+02 7.492632974449622907e+01 7.157816567571910582e+01
1.106285915153463009e+02 7.478468584284107123e+01 7.144620761690502775e+01
1.106586815040977001e+02 7.481788124698698539e+01 7.151321709786276415e+01
1.106759501044512319e+02 7.487352362204724443e+01 7.155200265145428773e+01
1.107713602763940202e+02 7.500517837056082726e+01 7.168241201992607614e+01
1.107273119877872460e+02 7.494965651614977276e+01 7.165161296802185120e+01
1.106254800739193342e+02 7.485447332476297788e+01 7.157774184476940604e+01
1.107073979591836803e+02 7.494523340832395775e+01 7.166360477261770257e+01
1.108752048851036420e+02 7.508980797043226119e+01 7.179943154427125762e+01
1.110756688896030795e+02 7.527261369114575018e+01 7.198649967861160803e+01
1.110195765707858016e+02 7.521620801864052908e+01 7.193147195886228928e+01
1.108914209384541181e+02 7.509882693234774820e+01 7.181928129519523907e+01
1.109372047244094546e+02 7.520462196689699397e+01 7.187778201831913805e+01
1.112671982966414959e+02 7.560930620279607695e+01 7.216842158123091622e+01
1.113479049493813307e+02 7.576808613209063026e+01 7.228122690020890673e+01
1.112437911778884825e+02 7.573344448015426167e+01 7.220288847822592970e+01
1.111155913546520964e+02 7.564392776795757811e+01 7.214802948738550015e+01
1.112828057207134833e+02 7.580519243130322593e+01 7.228913908082918738e+01
1.113502430499759015e+02 7.587140446729873133e+01 7.232344930098022928e+01
1.111984251968503941e+02 7.573711835127751613e+01 7.217941708179334626e+01
1.112544753334404675e+02 7.578498111843163088e+01 7.221283745781776986e+01
1.114283002571107204e+02 7.596163024264824060e+01 7.240165515024906995e+01
1.116246143339225512e+02 7.607043829342761398e+01 7.249813393861481359e+01
1.115415294070384107e+02 7.594546842358991512e+01 7.241163024264824344e+01
1.113482645026514604e+02 7.574160171942793340e+01 7.224690462799293300e+01
1.113297404788687146e+02 7.570532500401735376e+01 7.224037240880603861e+01
1.115580748834967011e+02 7.590387473887192016e+01 7.243488871926723505e+01
1.116134742085810672e+02 7.599841113610798971e+01 7.250075325405752835e+01
1.113458982805720723e+02 7.581488229149927349e+01 7.231538044351599126e+01
1.109854250361562009e+02 7.556282942310782857e+01 7.202107303551342454e+01
1.107380925598585861e+02 7.538904266430981238e+01 7.183031696930740395e+01
1.107377852322031231e+02 7.537864775831592112e+01 7.183546119235096228e+01
1.108044210991483141e+02 7.537172585569661010e+01 7.182009079222240189e+01
1.109026856017997744e+02 7.537282661095935055e+01 7.185235216133698088e+01
1.109412722963201077e+02 7.531467539771814756e+01 7.184157560662059439e+01
1.107104129840912776e+02 7.509571147356579957e+01 7.163718664631207389e+01
1.105727322031174680e+02 7.494839707536557682e+01 7.150711473565804965e+01
1.107665635545556739e+02 7.508795396111200660e+01 7.162382492367025577e+01
1.108989956612566345e+02 7.516908846215652318e+01 7.172423469387754835e+01
1.112691065402539010e+02 7.549149927687609818e+01 7.203440261931544342e+01
1.113926924313032316e+02 7.560828378595532229e+01 7.217401373935400954e+01
1.112841555519845684e+02 7.551446247790454436e+01 7.210481881729069187e+01
1.110046762011891417e+02 7.518081713000159993e+01 7.178833962718945827e+01
1.109322432910172012e+02 7.500372007070544100e+01 7.163420576892174552e+01
1.109543548127912516e+02 7.499541619797525982e+01 7.163209063152820022e+01
1.111092459424714747e+02 7.509766792543788938e+01 7.174807367829021132e+01
1.112213140768118222e+02 7.517142254539611201e+01 7.181691105576088319e+01
1.110658645347902933e+02 7.512753495098826306e+01 7.178661417322834382e+01
1.108512534147517243e+02 7.500617065723926657e+01 7.165867949542021620e+01
1.107774947774385339e+02 7.500083360115699804e+01 7.163784950988269884e+01
1.107632894102522840e+02 7.502574923670255203e+01 7.166394825646794686e+01
1.107526293588301485e+02 7.502566688092559843e+01 7.167076570785795298e+01
1.107796701751566815e+02 7.508350072312389045e+01 7.172190261931544342e+01
1.104230937650650759e+02 7.480422224007713794e+01 7.150108870319780863e+01
1.100046601317692421e+02 7.443474208581069718e+01 7.117958982805720325e+01
1.098644845733569042e+02 7.428493291017194622e+01 7.106098344849750958e+01
1.098177506829503471e+02 7.425096215651615239e+01 7.104073999678611528e+01
1.098566768439659285e+02 7.425602603246022682e+01 7.104220834002892104e+01
1.100056825486099967e+02 7.434177848304676672e+01 7.114118592318817491e+01
1.100338221115217721e+02 7.434682227221597373e+01 7.116044311425358160e+01
1.099940804274465762e+02 7.429577173389040468e+01 7.112381889763778986e+01
1.101665896673630129e+02 7.442458219508276329e+01 7.122947131608549398e+01
1.103198015426643082e+02 7.456867869194921639e+01 7.131519162783223464e+01
1.102504981520167178e+02 7.451454081632653015e+01 7.122120159087256752e+01
1.100334826450265098e+02 7.429152739836091257e+01 7.106557930258718159e+01
1.102203057207134833e+02 7.445978225936043771e+01 7.120499357223204129e+01
1.103125542342921364e+02 7.447653663827735215e+01 7.127388920134983152e+01
1.104255403342439337e+02 7.449113369757351677e+01 7.129463281375542749e+01
1.104132532540575227e+02 7.442808733729712856e+01 7.125339466495259444e+01
1.102227804113771441e+02 7.416264261610156439e+01 7.106546480797042875e+01
1.100801201189137117e+02 7.404341957255343232e+01 7.097316206009962514e+01
1.100463723284589435e+02 7.400715691788526840e+01 7.096075847661899161e+01
1.102745440302105067e+02 7.426540253896834543e+01 7.114659328298247942e+01
1.102571127269805515e+02 7.428492286678451251e+01 7.115223364936525741e+01
1.099473304676201195e+02 7.404421902619316143e+01 7.091756789329905075e+01
1.100219508275751252e+02 7.413412542182227583e+01 7.098737546199582482e+01
1.099378736140125312e+02 7.407882853928973077e+01 7.097355375220953988e+01
1.097099349188494273e+02 7.394591234131448232e+01 7.085118311103968836e+01
1.098344608709625589e+02 7.407147477101077016e+01 7.095892455407360444e+01
1.103895970592961646e+02 7.461142134018962224e+01 7.140376426161014933e+01
1.109271271894584601e+02 7.510360758476619480e+01 7.188274546038887536e+01
1.106553691949220593e+02 7.492806524184476302e+01 7.168062027960790772e+01
1.102730656435802672e+02 7.461431785312549891e+01 7.136814036638277514e+01
1.104407038405913539e+02 7.479319259199742476e+01 7.151946810220151463e+01
1.110652860356741058e+02 7.535752249718785833e+01 7.203360919170818022e+01
1.111918307086614135e+02 7.546921500883817657e+01 7.211451671219668924e+01
1.110692009480957694e+02 7.539300980234612837e+01 7.202330266752370846e+01
1.111495339868230730e+02 7.548858066848787018e+01 7.209503655793025700e+01
1.114807910171942780e+02 7.580092399164389860e+01 7.235053430821147913e+01
1.117923409127430432e+02 7.606710188012212370e+01 7.259299373292624580e+01
1.118183030692592013e+02 7.610075727141250468e+01 7.260216334565322427e+01
1.119364816005142274e+02 7.617041820665274088e+01 7.267102482725373136e+01
1.121464165193636546e+02 7.628427808131127108e+01 7.278697372649847352e+01
1.122678832556644721e+02 7.635357544592639556e+01 7.285239635224168353e+01
1.125564217419251207e+02 7.657109111361080522e+01 7.305625301301623153e+01
1.126996745942471421e+02 7.668313313514381946e+01 7.315936445444319247e+01
1.127162843483850168e+02 7.669118190583320427e+01 7.316501285553592027e+01
1.127053089345974541e+02 7.671832315603406016e+01 7.315217740639562294e+01
1.127877510846858371e+02 7.681236742728587785e+01 7.321748955487706212e+01
1.127051582837859485e+02 7.672934075204885573e+01 7.317766953237988048e+01
1.124836815040977029e+02 7.655869958219508931e+01 7.300839426321709880e+01
1.127059597461031615e+02 7.677899726819862281e+01 7.319170416197975726e+01
1.128860316567571971e+02 7.699129238309497225e+01 7.338561184316246511e+01
1.128241663988430048e+02 7.699288526434195035e+01 7.338588703197814311e+01
1.127799333119074419e+02 7.698185561626225137e+01 7.338437449783063471e+01
1.128128475012052121e+02 7.700082958380203024e+01 7.343453117467458924e+01
1.128773561786919544e+02 7.699125421822272131e+01 7.339599871444640655e+01
1.129157641009159505e+02 7.696318295034549806e+01 7.336718825325405646e+01
1.131357584766189888e+02 7.713856861642294405e+01 7.348833159247951130e+01
1.131306986180298821e+02 7.710680941668006483e+01 7.345432669130644854e+01
1.129917021533022705e+02 7.695513819701108105e+01 7.336769644865820794e+01
1.128980556001928335e+02 7.691687088221115687e+01 7.329840711875301906e+01
1.128156536236541854e+02 7.689127832235256221e+01 7.324763779527559393e+01
1.129346778081311271e+02 7.702259561304836666e+01 7.334879680218544706e+01
1.127180901494456009e+02 7.684671982966415271e+01 7.318480033745781554e+01
1.121429013337618557e+02 7.637230234613529944e+01 7.275884420697413191e+01
1.120257351759601505e+02 7.629213602763940116e+01 7.268658002571106636e+01
1.119258657399967802e+02 7.623505343082115360e+01 7.261601719427928003e+01
1.116614494616744366e+02 7.603119677004660559e+01 7.244667162140446237e+01
1.114311465531094285e+02 7.586648521613369667e+01 7.230150851679253776e+01
1.115659288124698634e+02 7.600843845412180144e+01 7.240959545235416783e+01
1.118322935079543612e+02 7.608344849750923800e+01 7.251962277036798810e+01
1.119682990519042249e+02 7.604639040655632698e+01 7.252406395629117242e+01
1.117901293588301428e+02 7.584782861963682876e+01 7.233206652739836784e+01
1.117110437088221175e+02 7.569710951309657787e+01 7.222538968343242516e+01
1.115780692591997365e+02 7.550608428410734518e+01 7.206686485617869664e+01
1.109672846697734201e+02 7.502359794311425389e+01 7.159387955969789630e+01
1.108070846054957457e+02 7.489892334886710046e+01 7.146920898280572487e+01
1.106347842680379188e+02 7.480431463924152524e+01 7.138016029246344374e+01
1.107260806684878673e+02 7.494081030049815695e+01 7.144850956130483155e+01
1.107198698376988659e+02 7.492546802185441379e+01 7.147070143017836585e+01
1.104131086292784829e+02 7.472690623493491557e+01 7.124877068937811941e+01
1.100423871123252439e+02 7.449838301462317247e+01 7.098613209063152851e+01
1.097617467459424745e+02 7.429752330065885246e+01 7.076067009480958347e+01
1.099362586373131876e+02 7.447993331190744470e+01 7.093322553430820676e+01
1.099830929615940818e+02 7.455484894745299584e+01 7.101360276394022719e+01
1.100628354491402803e+02 7.463025269162783104e+01 7.105909730033745575e+01
1.104043568214687383e+02 7.491462718945845722e+01 7.136102563072472549e+01
1.105476719427928600e+02 7.503008597139643143e+01 7.146914068777117279e+01
1.107671922706090299e+02 7.518037120359954883e+01 7.168125703037119933e+01
1.107788988430017696e+02 7.519288526434195319e+01 7.169161377149285386e+01
1.108159227864374117e+02 7.527465049011730969e+01 7.178583279768599823e+01
1.114136489635224194e+02 7.585288044351598558e+01 7.233921139321870442e+01
1.118742608066848732e+02 7.628963321549092313e+01 7.272763136750762669e+01
1.122755764904386950e+02 7.668374979913225786e+01 7.305104652097058704e+01
1.128633577052868446e+02 7.723419371685682222e+01 7.353838984412662683e+01
1.134904105736782896e+02 7.776754579784669374e+01 7.401660171942792488e+01
1.144019885907118805e+02 7.855669090470834703e+01 7.475303310300498083e+01
1.153390085167925463e+02 7.932027559055117649e+01 7.547686405270769683e+01
1.157473967539771849e+02 7.967160533504740272e+01 7.579258798007391817e+01
1.157743893620440332e+02 7.967814759762173082e+01 7.577849911618190504e+01
1.157350152659489027e+02 7.969640245862125028e+01 7.575903904869034022e+01
1.157967238470191234e+02 7.979532781616583748e+01 7.580095813916118175e+01
1.160060220151052590e+02 8.002268399485778616e+01 7.601393620440302357e+01
1.162697232042423252e+02 8.030235417001446763e+01 7.627647637795276125e+01
1.161824521934758110e+02 8.029549855375221057e+01 7.624230475654829320e+01
1.161152820183191352e+02 8.021116623814880597e+01 7.622709103326370439e+01
1.160446107183030762e+02 7.990244656917884924e+01 7.604085248272537001e+01
1.159847641812630599e+02 7.961320504579784085e+01 7.586175277197493472e+01
1.161930138197011075e+02 7.958913506347420252e+01 7.592516069419893654e+01
1.165503997268198617e+02 7.978219910011249283e+01 7.617732805720713429e+01
1.163531676843965954e+02 7.977137634581391978e+01 7.608189578981199475e+01
1.161628334404628049e+02 7.970887835449140368e+01 7.594706532219187523e+01
1.162425297284268026e+02 7.988302265788205148e+01 7.603908685521452071e+01
1.167661517756708918e+02 8.041300417804917799e+01 7.649496424554074281e+01
1.168744797525309309e+02 8.057320825968182021e+01 7.660780371203600225e+01
1.169758356098344905e+02 8.060333239595050259e+01 7.662883255664470994e+01
1.170806062188654977e+02 8.058831351438213630e+01 7.662894905993893246e+01
1.171955447533344028e+02 8.064620560822754669e+01 7.671013779527558540e+01
1.174743471798168031e+02 8.081525791418930282e+01 7.685538727301944562e+01
1.178735095613048429e+02 8.112887473887192868e+01 7.711495460388880474e+01
1.180679214205367202e+02 8.129029206170656607e+01 7.724318656596496169e+01
1.180417443355294864e+02 8.126023421179495188e+01 7.718685923188172637e+01
1.180334886710589757e+02 8.126775470030531778e+01 7.716364695484493552e+01
1.178969106540253904e+02 8.116928932990519741e+01 7.708977984894745816e+01
1.175231741121645541e+02 8.084441185923188300e+01 7.679205768921741537e+01
1.175082355776956433e+02 8.089438976377952883e+01 7.680032339707535982e+01
1.174338703197814624e+02 8.089040454764582933e+01 7.677360396914671981e+01
1.172087236863249302e+02 8.078000562429696174e+01 7.662457616905030022e+01
1.170471034870641205e+02 8.065471838341635191e+01 7.654096898601960675e+01
1.168060581713000090e+02 8.044010324602281514e+01 7.636741121645508201e+01
1.169280230596175443e+02 8.049993170496544792e+01 7.644477141250200702e+01
1.171340792222400751e+02 8.061457295516632371e+01 7.660836815040977399e+01
1.171786296802185490e+02 8.058602763940221791e+01 7.654799333119073879e+01
1.170048911296802174e+02 8.037023541700145302e+01 7.639305600192832912e+01
1.168370681343403561e+02 8.022709505061867219e+01 7.625136188333601694e+01
1.167635324602281912e+02 8.020709063152820306e+01 7.626285754459263444e+01
1.168480736782902198e+02 8.034381327334082812e+01 7.640576289570945789e+01
1.168851136911457473e+02 8.041748352884461326e+01 7.648639121002732111e+01
1.168265868552145292e+02 8.045489514703518807e+01 7.652494777438533902e+01
1.165152016712196712e+02 8.018940020890245535e+01 7.626516953237988616e+01
1.164672063313514343e+02 8.017117748674273514e+01 7.624025389683431797e+01
1.165077695645187248e+02 8.023929174031817979e+01 7.629049895548770621e+01
1.165922987305158216e+02 8.035928611602120952e+01 7.636532620922385206e+01
1.166784308211473586e+02 8.046714004499438033e+01 7.645257512453800075e+01
1.166286578017033548e+02 8.043013417965610756e+01 7.641660573678289836e+01
1.167588241201992645e+02 8.049197734211794852e+01 7.644647477101077016e+01
1.169563152820183234e+02 8.060875180780973892e+01 7.653661417322834382e+01
1.168385083560983446e+02 8.046357865981038060e+01 7.641006950024103617e+01
1.165332737425678999e+02 8.017350956130484008e+01 7.615472641812630172e+01
1.167542784830467610e+02 8.034042463442069959e+01 7.633170898280572203e+01
1.169297545396111246e+02 8.056120038566608343e+01 7.649686244576571426e+01
1.168441487224811226e+02 8.057562269002089295e+01 7.651382371846376884e+01
1.167160533504740414e+02 8.050711674433553355e+01 7.646738912100272501e+01
1.164834424714767778e+02 8.039825646794150771e+01 7.633517596014783635e+01
1.163640587337297063e+02 8.030874578177727585e+01 7.629513900048208086e+01
1.165756427767957604e+02 8.030943877551020194e+01 7.637979873051583013e+01
1.167561887353366501e+02 8.025072714125019502e+01 7.641988992447372198e+01
1.166537502008677478e+02 7.997293106218864978e+01 7.625531094327494941e+01
1.164102944721195598e+02 7.964511489635223995e+01 7.599082034388558782e+01
1.164074019765386510e+02 7.957696850393701027e+01 7.595649204563714818e+01
1.163885465209705927e+02 7.963079101719428365e+01 7.590272175799454146e+01
1.164018118270930415e+02 7.963895026514542508e+01 7.586661979752530272e+01
1.163700466013176964e+02 7.961994014141089337e+01 7.583466173871123317e+01
1.163628896834324280e+02 7.964634822432910255e+01 7.580590752048850334e+01
1.163139582998553720e+02 7.961413707215169211e+01 7.575712076169050135e+01
1.160648622047244061e+02 7.940345090792222038e+01 7.560184999196529532e+01
1.156723947452996981e+02 7.921298007391932572e+01 7.541915273983609325e+01
1.154710288446087105e+02 7.914628394664953248e+01 7.536302225614655015e+01
1.153415193636509741e+02 7.907629961433391941e+01 7.526376747549413437e+01
1.152660031335368842e+02 7.909573356901816510e+01 7.528440663667041122e+01
1.152379619958219479e+02 7.912018319138678635e+01 7.526806403663827894e+01
1.149915213723284637e+02 7.892009079222239620e+01 7.507072553430820960e+01
1.147524967861160263e+02 7.872549815201671208e+01 7.490153462959986541e+01
1.146924112164550849e+02 7.869299172424875621e+01 7.485320785794633025e+01
1.147807327655471568e+02 7.878348264502650977e+01 7.492011288767476174e+01
1.145209746103165713e+02 7.849336132090631679e+01 7.466278924955808804e+01
1.143230797043226801e+02 7.822845291659970712e+01 7.446470954523542218e+01
1.143609111361079869e+02 7.816954644062349189e+01 7.444392174192512357e+01
1.142945484493009758e+02 7.804931905833198869e+01 7.437970432267394472e+01
1.142173509561304883e+02 7.795424433552948074e+01 7.430124939739675938e+01
1.143225875783384282e+02 7.807477502812147918e+01 7.439051301623011625e+01
1.147270347902940699e+02 7.846195966575606917e+01 7.473694560501365913e+01
1.151002169371685682e+02 7.881248995661256629e+01 7.505757070544753162e+01
1.152465450747228033e+02 7.894228065241844661e+01 7.520762694841715756e+01
1.154571187530130203e+02 7.913677687610477562e+01 7.535007833842198011e+01
1.158819620761690459e+02 7.952403784348385329e+01 7.569592841073436773e+01
1.161921179495420233e+02 7.978333400289250221e+01 7.594944359633616671e+01
1.160119476136911487e+02 7.960316768439659540e+01 7.578245821950827121e+01
1.157537602442551758e+02 7.934922264181263074e+01 7.553608990840430693e+01
1.157492507632974394e+02 7.933054796721837931e+01 7.549371685682146449e+01
1.156911095934436702e+02 7.935807287481921435e+01 7.548455929615940363e+01
1.160570042583962760e+02 7.974885505383255691e+01 7.585483287803310759e+01
1.163625140607424129e+02 8.007160734372489230e+01 7.615867547806524840e+01
1.161808472601639011e+02 7.996432187048047524e+01 7.603210670094809132e+01
1.161810421018801236e+02 7.997254338743371704e+01 7.605891250200868114e+01
1.163865458781938003e+02 8.018412140446730518e+01 7.624950787401574814e+01
1.166164570946488794e+02 8.041805399325083670e+01 7.645906315282017829e+01
1.166771673630081949e+02 8.047737827414430001e+01 7.654124618351276865e+01
1.165048730515828339e+02 8.035411778884781597e+01 7.641923710429053074e+01
1.161469910011248601e+02 8.003493491884943012e+01 7.613858468584284367e+01
1.159154748513578710e+02 7.972499598264502652e+01 7.587232645026514888e+01
1.158728446890567199e+02 7.951003535272376155e+01 7.577616905029728400e+01
1.156888277358187338e+02 7.921673830949703188e+01 7.550257311586051401e+01
1.156514080829182092e+02 7.912147276233328341e+01 7.542739836091917027e+01
1.157257251325727196e+02 7.917700466013177163e+01 7.548403503133536674e+01
1.156167242487546218e+02 7.924526152980877214e+01 7.546074441587659010e+01
1.153493973967539716e+02 7.920532500401735376e+01 7.535900490117306560e+01
1.151759802346135331e+02 7.918171500883818226e+01 7.528351880122127682e+01
1.150645709464888284e+02 7.914844729230274822e+01 7.521231118431624907e+01
1.152996022818576307e+02 7.943168688735336502e+01 7.545355736782902056e+01
1.157078358508757816e+02 7.964212598425196177e+01 7.572459424714767806e+01
1.157992166157801677e+02 7.954805359151534105e+01 7.572924433552948642e+01
1.160314016551502476e+02 7.969921259842519135e+01 7.589577575124538100e+01
1.162958299855375230e+02 7.988608187369436564e+01 7.608945846054957940e+01
1.163895106861642290e+02 7.990920175156676919e+01 7.616222481118431631e+01
1.159156717017515632e+02 7.953929575767314475e+01 7.578695564840109000e+01
1.157756287160533475e+02 7.945797444962236966e+01 7.568408725695002204e+01
1.162282199100112479e+02 7.991287964004499145e+01 7.604403422786437261e+01
1.164262011891370747e+02 8.012384902780009099e+01 7.624211995821950438e+01
1.161399626385987460e+02 7.989561706572392552e+01 7.604053912903744106e+01
1.163991021211634234e+02 8.005909127430500405e+01 7.620441507311585383e+01
1.168923368953880697e+02 8.041731881729069187e+01 7.656884942953558948e+01
1.171234995179174092e+02 8.056219267234452275e+01 7.673900449943756996e+01
1.170268620440302101e+02 8.046704965450747693e+01 7.665165113289410215e+01
1.170669411859231843e+02 8.051424353205848661e+01 7.671182508436444891e+01
1.172342479511489586e+02 8.068813875944078973e+01 7.686793146392415110e+01
1.173720733569018222e+02 8.085154869034228398e+01 7.701982162943917842e+01
1.175236521774063903e+02 8.101378153623653589e+01 7.716694118592319285e+01
1.176581050136590108e+02 8.111998433231561023e+01 7.724960629921260136e+01
1.177763337618511912e+02 8.126618994054314271e+01 7.734244536397235947e+01
1.179212919813594738e+02 8.140262735015265605e+01 7.747734412662703107e+01
1.179712578338422020e+02 8.146821468744978745e+01 7.749778242005463369e+01
1.180228266109593420e+02 8.155407560662060007e+01 7.745912542182227867e+01
1.177467258556966101e+02 8.134391169853768133e+01 7.723491282339708164e+01
1.178652800096416513e+02 8.144125020086774214e+01 7.730608227542985844e+01
1.178917563875944126e+02 8.147910372810541446e+01 7.733742367025550379e+01
1.177057869998393045e+02 8.135647999357223625e+01 7.721320906315281718e+01
1.170700124538004161e+02 8.083666639884300764e+01 7.673474610316567635e+01
1.168667423268520054e+02 8.068057207134822306e+01 7.658192190261931387e+01
1.171963020247469132e+02 8.094280089988751570e+01 7.682990117306765399e+01
1.177812871605335090e+02 8.144605696609352208e+01 7.731486220472440607e+01
1.178255302908565056e+02 8.144958420376023867e+01 7.730041981359472913e+01
1.174595613048368961e+02 8.113058211473565962e+01 7.704245339868231213e+01
1.169334002892495619e+02 8.067307769564519049e+01 7.662177607263377865e+01
1.168251446247790426e+02 8.054052105094005753e+01 7.652625542342921960e+01
1.171025168728908881e+02 8.075818335208099086e+01 7.672520890245861835e+01
1.173564599067973688e+02 8.094193515989073262e+01 7.692834043066045524e+01
1.174492286678450910e+02 8.101686686485618338e+01 7.699665956933954192e+01
1.171181725052225602e+02 8.071476377952755854e+01 7.673344849750924368e+01
1.169997448979591894e+02 8.059206974128234435e+01 7.663285794632814429e+01
1.170570825968182618e+02 8.070101438213080769e+01 7.673512172585569147e+01
1.170890286035674137e+02 8.079003695966575549e+01 7.682937289088863508e+01
1.169303330387272979e+02 8.068359513096577018e+01 7.672944319460067675e+01
1.165571950827575165e+02 8.037119154748513949e+01 7.645182588783545441e+01
1.164743833360115701e+02 8.029340551181101659e+01 7.639229471316085096e+01
1.166311244576570800e+02 8.041515948899244393e+01 7.647792061706572042e+01
1.167513920134983181e+02 8.045352924634420333e+01 7.650047003053190053e+01
1.167076570785794587e+02 8.037959183673468999e+01 7.643257271412501552e+01
1.169685702233649351e+02 8.044846938775509670e+01 7.650970994697091498e+01
1.170905270769725206e+02 8.055989675397718486e+01 7.656366905029727832e+01
1.171811204403021094e+02 8.064712357383898222e+01 7.667234653704001346e+01
1.170239133054796667e+02 8.052084605495741698e+01 7.657694841716214285e+01
1.168276574803149543e+02 8.034312228828538593e+01 7.645979431142535532e+01
1.168519464084846504e+02 8.034507070544754015e+01 7.647872408806041733e+01
1.171522276233327915e+02 8.059458862285072200e+01 7.672270207295517253e+01
1.175745842037602387e+02 8.098181343403503263e+01 7.701500682950344867e+01
1.175674473726498519e+02 8.099944761369114588e+01 7.699345572874818799e+01
1.174366925116503353e+02 8.087338502330065637e+01 7.688000763297445417e+01
1.175738731319299433e+02 8.100037763136751323e+01 7.698243813273340663e+01
1.176589526755584103e+02 8.110007231238952841e+01 7.707404186083881825e+01
1.178299192511650375e+02 8.127359794311425389e+01 7.720642977663506201e+01
1.178774847340510945e+02 8.132487144464084849e+01 7.718592519685039122e+01
1.179063313514382116e+02 8.133104411055761318e+01 7.719780250682950395e+01
1.179494034227864319e+02 8.137278242005463369e+01 7.724400008034710652e+01
1.179948417162140402e+02 8.141161216455085992e+01 7.728298851036477402e+01
1.176228788365740030e+02 8.120126747549413437e+01 7.708921541057367222e+01
1.173120018479832822e+02 8.103313112646632987e+01 7.688004579784669090e+01
1.172841856821468696e+02 8.112114333922545484e+01 7.694962236863248961e+01
1.176285031335368814e+02 8.148337015908725789e+01 7.721393017837056050e+01
1.178172224007713282e+02 8.171657359794311049e+01 7.741641290374417395e+01
1.183885766511328939e+02 8.199734051100755039e+01 7.776448256467941178e+01
1.189407560662060064e+02 8.234136469548448645e+01 7.808692953559376804e+01
1.189632914189297708e+02 8.224599469709143307e+01 7.800731158605174187e+01
1.186851217258556943e+02 8.189508275751245492e+01 7.768377390326209309e+01
1.183981138518399518e+02 8.159015748031495718e+01 7.742412421661578037e+01
1.184318154427125194e+02 8.175707054475333280e+01 7.751103969146713268e+01
1.186076189137072134e+02 8.205671300016069836e+01 7.775166720231399609e+01
1.186394202956773256e+02 8.218945846054957372e+01 7.785767314799936401e+01
1.186884239916439014e+02 8.228865097219990332e+01 7.795407359794310764e+01
1.186781917885264335e+02 8.231336975735176509e+01 7.799125020086775351e+01
1.186704503454925259e+02 8.233533665434677573e+01 7.803536075847661380e+01
1.189268801221275851e+02 8.252022135625904298e+01 7.820499959826450720e+01
1.193879057528523191e+02 8.288970753655793544e+01 7.850667684396593415e+01
1.195757231238952301e+02 8.304989354009320834e+01 7.859234493009802236e+01
1.195130363168889573e+02 8.298043347260163216e+01 7.850177767957576691e+01
1.194709364454443232e+02 8.292599228667845068e+01 7.846208018640527371e+01
1.197255182387915795e+02 8.317515868552145264e+01 7.869299574160372401e+01
1.200701269484171689e+02 8.348931986180298281e+01 7.897753294231078769e+01
1.206960850875783393e+02 8.409983127109111933e+01 7.958330789008516604e+01
1.210452193475815506e+02 8.442425076329745082e+01 7.985836614173229009e+01
1.213095713482243241e+02 8.466117226418126052e+01 8.003168889603085745e+01
1.214587076169050306e+02 8.475014462477903976e+01 8.010034147517274050e+01
1.217329101719427911e+02 8.496491844769403201e+01 8.035936646312067921e+01
1.219394845733569070e+02 8.515389482564678758e+01 8.053675478065241577e+01
1.216244255182387946e+02 8.488080507793668517e+01 8.031792543789168803e+01
1.211026876104772612e+02 8.442383697573517054e+01 7.992237264984734679e+01
1.203658062831431721e+02 8.381179093684717429e+01 7.940577695645187362e+01
1.201885625903904895e+02 8.368219307408003260e+01 7.930102442551823572e+01
1.204995380041780493e+02 8.401930138197010933e+01 7.961656757191065026e+01
1.209577394343564265e+02 8.443104411055760750e+01 7.998799413466173291e+01
1.217134742085810757e+02 8.514134059135464838e+01 8.059761569982323692e+01
1.217840952916599662e+02 8.521709183673469568e+01 8.056339587015908421e+01
1.209703519202956841e+02 8.450175357544593169e+01 7.986325928008999142e+01
1.207279145910332687e+02 8.426702555037762465e+01 7.961552707697252629e+01
1.207465912743050040e+02 8.427770970592960964e+01 7.963434838502330138e+01
1.204402639402217545e+02 8.402025550377631191e+01 7.942648642134018644e+01
1.203459705929615922e+02 8.388980194439980664e+01 7.931818455728748063e+01
1.202216153784348336e+02 8.371805801060581587e+01 7.925247870801864281e+01
1.200651213241201987e+02 8.340827173389040183e+01 7.905340069098505751e+01
1.200150490117306816e+02 8.334538004178048709e+01 7.897485738389843846e+01
1.194793066045315726e+02 8.286889362044030349e+01 7.856372529326691279e+01
1.186677326048529579e+02 8.231417322834646200e+01 7.802310983448496984e+01
1.182815402538968357e+02 8.209511087899727499e+01 7.779236903422786042e+01
1.180685240237827429e+02 8.194993973967540057e+01 7.762873413144785673e+01
1.177417724570143065e+02 8.169519926080668881e+01 7.736767033585087461e+01
1.176518058010605756e+02 8.161595693395467777e+01 7.728681102362205024e+01
1.178429133858267761e+02 8.166837337297123156e+01 7.739579583802024842e+01
1.179791740318174504e+02 8.165290856500079997e+01 7.747262976056563843e+01
1.180527217579945329e+02 8.163323356901815941e+01 7.751276916278322915e+01
1.181872870801864082e+02 8.170285232203117687e+01 7.756492648240399035e+01
1.181436244576570829e+02 8.169009521131286533e+01 7.751989394182869830e+01
1.180023983609191731e+02 8.156415113289409646e+01 7.737616101558734272e+01
1.179384721999035861e+02 8.152002651454282045e+01 7.731747750281215303e+01
1.181038205045797866e+02 8.168399284910815084e+01 7.745956532219186386e+01
1.181599449622368638e+02 8.174683030692591501e+01 7.748803832556644977e+01
1.178355576088703174e+02 8.144391169853768986e+01 7.721733890406555645e+01
1.178116201992608012e+02 8.139274063956291627e+01 7.715431664791900346e+01
1.181513076490438721e+02 8.169294954202153747e+01 7.739233086935561801e+01
1.180643982002249714e+02 8.155015466816648484e+01 7.726693917724570326e+01
1.179780672505222583e+02 8.143832958380203024e+01 7.718190583319942277e+01
1.179815462799292902e+02 8.148932990519041653e+01 7.722701671219668640e+01
1.185812710911136065e+02 8.206346416519363629e+01 7.776876707375863873e+01
1.190552908565000791e+02 8.254356620600995598e+01 7.818548328780330792e+01
1.188907560662060092e+02 8.242029366864856854e+01 7.805910935240237336e+01
1.184414550859713984e+02 8.205571468744977892e+01 7.772498593925759280e+01
1.183870761690503031e+02 8.199303591515345602e+01 7.767569701108790525e+01
1.185254539611120066e+02 8.209335730355134331e+01 7.772133818094167168e+01
1.186774425518238729e+02 8.220178169693073755e+01 7.780050819540414864e+01
1.187683914510686094e+02 8.226797163747389163e+01 7.781564157158926776e+01
1.188129840912743020e+02 8.229111160212116260e+01 7.781962678772296726e+01
1.191681263056403708e+02 8.255747428892817652e+01 7.810892053671862811e+01
1.194373272537361430e+02 8.274031817451390225e+01 7.831590470834002815e+01
1.192860698216294395e+02 8.256724248754619566e+01 7.816914671380362734e+01
1.190426623011409220e+02 8.231379157962398097e+01 7.793251647115539527e+01
1.190458781937972077e+02 8.231740920777760095e+01 7.792592600032138250e+01
1.191345854089667426e+02 8.247347139643258629e+01 7.808281576410091418e+01
1.190331933954684303e+02 8.246081873694359388e+01 7.805157078579463814e+01
1.186127611280732737e+02 8.210310139803952723e+01 7.776779487385505263e+01
1.182717600032138847e+02 8.185566848786758953e+01 7.753101197171781678e+01
1.184349489795918373e+02 8.202219588622850210e+01 7.767816768439659825e+01
1.188785513417965660e+02 8.249816607745459862e+01 7.814439980716696255e+01
1.189576992608066917e+02 8.261577615298087096e+01 7.823073075686967570e+01
1.188207074562108261e+02 8.254183271733890592e+01 7.815516430981841722e+01
1.188453479029407021e+02 8.259111160212115976e+01 7.818608388237184670e+01
1.188702675558412380e+02 8.261158002571107772e+01 7.821635465209705274e+01
1.188457134822432977e+02 8.261655351116824875e+01 7.822263377792062045e+01
1.189098806845572938e+02 8.256639482564679611e+01 7.818295034549252875e+01
1.191028121484814335e+02 8.262206933954684018e+01 7.828567009480957495e+01
1.191088421982966423e+02 8.257947734211795421e+01 7.825319982323638612e+01
1.191468102201510533e+02 8.256682267395146368e+01 7.823163064438374192e+01
1.191518258878354430e+02 8.250509400610637556e+01 7.818462959987144245e+01
1.192807749477743897e+02 8.263350072312390182e+01 7.826576008356097702e+01
1.193149325084364420e+02 8.262831230917564085e+01 7.827301341796561474e+01
1.191491623814880256e+02 8.246105576088703515e+01 7.814984332315603410e+01
1.192043829342760688e+02 8.249855576088702946e+01 7.818651574803149629e+01
1.190094468102201546e+02 8.228457737425678431e+01 7.799976297605655873e+01
1.188706733086935543e+02 8.212960991483207351e+01 7.786038285392896796e+01
1.189028663827735812e+02 8.213361722641812435e+01 7.786614976699341639e+01
1.193330327012694880e+02 8.249190904708339644e+01 7.818514783866302764e+01
1.192428470994697136e+02 8.242351759601478989e+01 7.811977342117950229e+01
1.192065723927366179e+02 8.240216334565322143e+01 7.813069058331994654e+01
1.190640426643098237e+02 8.229567330869355146e+01 7.802003454925277026e+01
1.192919893941828633e+02 8.253237787240880152e+01 7.825289450425839277e+01
1.191544552466655915e+02 8.246606741121645712e+01 7.822241884942953050e+01
1.188437570303712079e+02 8.223899043869516845e+01 7.801547284268038140e+01
1.186049051904226275e+02 8.204840711875301906e+01 7.780727743853447009e+01
1.187832978466977352e+02 8.225992286678450682e+01 7.796033665434677573e+01
1.190860517435320531e+02 8.254965249879479927e+01 7.820136389201350369e+01
1.191612646633456478e+02 8.265809697894906094e+01 7.826072432910171983e+01
1.190033705608227592e+02 8.253394062349349269e+01 7.818400490117306845e+01
1.188985356741121677e+02 8.242443355294874152e+01 7.804013337618512480e+01
1.188839546842359027e+02 8.241349630403342985e+01 7.800383456532219384e+01
1.188131488028282234e+02 8.233904668166479723e+01 7.792909167604049969e+01
1.186536999839305793e+02 8.218365539129037245e+01 7.778439458460549361e+01
1.184578017033585127e+02 8.202652860356741371e+01 7.761085288446086849e+01
1.182474630403342388e+02 8.186008356098345473e+01 7.747710107665113810e+01
1.178800498152016729e+02 8.156070424232684957e+01 7.725362164550860200e+01
1.175998011409288182e+02 8.131605335047404992e+01 7.703633697573518191e+01
1.174026273501526560e+02 8.118208058814076367e+01 7.690479873051582160e+01
1.173106038084525125e+02 8.112368230756869991e+01 7.682974449622368240e+01
1.173527639402217631e+02 8.116312269002088442e+01 7.683947252129198091e+01
1.172532460228185727e+02 8.102804314639242023e+01 7.675011851197172064e+01
1.167867447372649821e+02 8.061892575928008853e+01 7.636121645508596600e+01
1.165599630403342388e+02 8.038870922384701601e+01 7.616880724730837926e+01
1.166554274465691776e+02 8.043342640205688099e+01 7.620583922545395694e+01
1.168613510364775863e+02 8.063172505222561881e+01 7.639450827575124947e+01
1.169814257592800857e+02 8.063537281054153993e+01 7.642005865338261117e+01
1.171810943274947761e+02 8.068591314478547361e+01 7.649794512293105697e+01
1.174848344849750958e+02 8.087134219829664517e+01 7.673243009802345682e+01
1.175176663184958983e+02 8.085998714446408542e+01 7.671024827253735623e+01
1.170832275429856963e+02 8.043718262895708904e+01 7.632320223364936851e+01
1.167193435641973309e+02 8.023759641651936647e+01 7.610882010284429100e+01
1.163608046762011838e+02 8.004524345171139998e+01 7.590868953880764991e+01
1.161975052225614604e+02 7.997160332636991598e+01 7.584335328619636130e+01
1.159320404145910288e+02 7.979820022497187892e+01 7.565320584926884351e+01
1.157850735175960182e+02 7.967116342600031942e+01 7.555267154105736438e+01
1.159877350152659545e+02 7.981143540093202660e+01 7.568847219990358610e+01
1.160625803470994697e+02 7.984188092559858774e+01 7.575072914992769313e+01
1.163417604049493832e+02 8.005820544753333934e+01 7.598533263699179940e+01
1.168998513578659839e+02 8.052851719427928856e+01 7.643955487706894303e+01
1.172946227703679938e+02 8.087703679897155951e+01 7.674162582355776863e+01
1.172938213080507808e+02 8.085399927687610955e+01 7.671956451872087257e+01
1.174062108307890071e+02 8.096173268520006161e+01 7.676334364454443460e+01
1.174565101237345317e+02 8.102412823397075670e+01 7.682772376667202252e+01
1.176319922063313470e+02 8.120555198457336132e+01 7.697667925437892222e+01
1.175682307568696814e+02 8.117703880764904056e+01 7.695178973164068736e+01
1.176101096737907739e+02 8.128593122288285144e+01 7.706406074240719306e+01
1.176226659167604112e+02 8.134614534790294726e+01 7.714909408645347355e+01
1.175189719588622808e+02 8.128916519363650650e+01 7.710305720713482458e+01
1.172583058814076793e+02 8.106744335529486989e+01 7.694965450747227464e+01
1.170311606138518385e+02 8.089578981198778251e+01 7.681514141089506609e+01
1.170003294231078286e+02 8.076340390486903686e+01 7.669777237666720282e+01
1.169944259199742902e+02 8.068906475976217507e+01 7.664284107343725339e+01
1.170319058331994171e+02 8.064847139643258345e+01 7.659397195886228360e+01
1.170984231881729016e+02 8.066343403503132947e+01 7.661520167121966551e+01
1.171642234452836249e+02 8.068377390326209309e+01 7.666140125341475198e+01
1.173848164068777180e+02 8.091652739836091257e+01 7.688221918688735457e+01
1.179523581873694411e+02 8.146075245058653991e+01 7.741051140928811947e+01
1.181513096577213560e+02 8.172382090631528229e+01 7.766525389683432934e+01
1.181397798489474553e+02 8.171175277197492903e+01 7.762929656114414456e+01
1.184991222079382993e+02 8.198045155069901568e+01 7.787521693716857385e+01
1.188587497991322550e+02 8.224711754780652484e+01 7.815602000642776659e+01
1.190522838663024316e+02 8.238802828217900753e+01 7.827678370560822430e+01
1.193303732122770384e+02 8.261699341153784815e+01 7.847054877068937628e+01
1.197785352723766721e+02 8.303122087417644082e+01 7.885271171460709638e+01
1.197272718142375112e+02 8.316105576088703799e+01 7.889089064759761527e+01
1.197231279125823562e+02 8.330475052225614263e+01 7.900135384862606713e+01
1.196585971396432626e+02 8.337016511328941704e+01 7.900606620600996166e+01
1.194614474529969499e+02 8.328560581713000488e+01 7.888727101076651138e+01
1.194174915635545489e+02 8.329172625743210290e+01 7.887752892495581136e+01
1.194386469548449270e+02 8.334673589908403812e+01 7.889657922224007791e+01
1.194164068777117080e+02 8.324966455085971972e+01 7.879103527237666071e+01
1.194139623172103484e+02 8.315391290374417110e+01 7.869421902619315290e+01
1.197428932990519002e+02 8.338394464084846902e+01 7.892939699501847883e+01
1.197531214848144003e+02 8.334359834484975238e+01 7.891933352080990005e+01
1.197351739514703581e+02 8.327750281214848371e+01 7.885352723766672511e+01
1.197625883818094223e+02 8.324461272698056291e+01 7.887088221115217834e+01
1.199212859553270079e+02 8.336161819058331446e+01 7.896708179334726196e+01
1.199368532058492747e+02 8.332362606459906829e+01 7.896949622368632049e+01
1.197406958058814013e+02 8.315292664309818349e+01 7.877934075204885289e+01
1.196660874979913274e+02 8.307398360919171409e+01 7.872597621725856243e+01
1.196512694841716211e+02 8.309350192833038307e+01 7.872875421822271846e+01
1.198218724891531366e+02 8.328034308211474013e+01 7.889641651936365463e+01
1.199533042744656939e+02 8.344357624939739537e+01 7.899643258878354857e+01
1.199155511811023587e+02 8.340938253254057599e+01 7.897086815040977115e+01
1.198797505222561455e+02 8.337869596657560578e+01 7.894366061385183286e+01
1.201019323477422489e+02 8.360050016069419598e+01 7.915355736782902341e+01
1.201006005945685331e+02 8.362902137232845234e+01 7.917723766672023089e+01
1.199635183994857783e+02 8.350839426321709880e+01 7.907247509239915928e+01
1.198334243933794028e+02 8.342898722481118057e+01 7.899277076972521172e+01
1.197791981359472970e+02 8.337713924152338052e+01 7.892608267716535408e+01
1.198892776795757698e+02 8.345757472280250511e+01 7.905538526434195035e+01
1.199311144142696435e+02 8.350406757191065310e+01 7.911484211794953580e+01
1.199467600032138819e+02 8.349127430499758873e+01 7.909846135304515258e+01
1.199173107825807421e+02 8.345711674433553640e+01 7.908697774385345269e+01
1.200569158765868565e+02 8.359702715731961575e+01 7.923468584284107408e+01
1.201582697252129179e+02 8.373982403985216649e+01 7.936390004820826505e+01
1.200683392254539541e+02 8.374909810380844988e+01 7.935542945524666436e+01
1.198409368471798189e+02 8.361471356259039567e+01 7.921903221918688587e+01
1.199181966093524068e+02 8.372324843323156074e+01 7.929065964968664559e+01
1.200569821629439247e+02 8.376466133697573468e+01 7.936925719106540100e+01
1.202677526916278339e+02 8.388653181745138454e+01 7.949847541378755977e+01
1.203137815362365473e+02 8.385997509239916781e+01 7.947121163426000123e+01
1.203054153945042515e+02 8.383441467138035819e+01 7.942798690342279144e+01
1.203439779848947495e+02 8.388572432910171983e+01 7.947034187690825036e+01
1.203490780170335910e+02 8.387913787562268908e+01 7.952189458460549076e+01
1.202455367186244644e+02 8.381822071348224767e+01 7.947417845090792810e+01
1.202226960469227066e+02 8.383122690020890388e+01 7.948254860999517746e+01
1.200905873372971229e+02 8.373621444640848210e+01 7.938799413466173860e+01
1.196870701430178343e+02 8.342584364454442891e+01 7.906285955327012971e+01
1.195717640205688639e+02 8.332131206813434687e+01 7.897226819861802483e+01
1.197116985376827927e+02 8.339643058010605614e+01 7.908841193957897531e+01
1.197858388237184641e+02 8.335790414591033937e+01 7.909726217258557313e+01
1.195784026996625471e+02 8.308092760726337644e+01 7.886261650329423389e+01
1.196161357062510007e+02 8.305594970271573629e+01 7.883196207616904871e+01
1.196307628957094664e+02 8.303592318817290163e+01 7.883774706733086646e+01
