1.581193240223314547e+02 6.286202371448634096e+01 1.122913221320076076e+02
1.579788192951868950e+02 6.272656519080789650e+01 1.121514688724004714e+02
1.576804858773051592e+02 6.241237227631835083e+01 1.118514320271053180e+02
1.566206923711549450e+02 6.136425712676116717e+01 1.107679854434384623e+02
1.561511805179166856e+02 6.136871460648957566e+01 1.103592656572479740e+02
1.552144276029999617e+02 6.174304011064268138e+01 1.094545094102349765e+02
1.548231345734356239e+02 6.214631320102846246e+01 1.085705360456454400e+02
1.546906543777817546e+02 6.226166834428457264e+01 1.082745668675358246e+02
1.544999652906639938e+02 6.216405367665316817e+01 1.078962124104565845e+02
1.541758575208456250e+02 6.195880669302795951e+01 1.074955091459100345e+02
1.544897620808513921e+02 6.229112322081278563e+01 1.077388736553469784e+02
1.547126107027572459e+02 6.248737114159006012e+01 1.078925679301755025e+02
1.547160122176862842e+02 6.247808505923281785e+01 1.078340533295598078e+02
1.548031727003062485e+02 6.251166500684841765e+01 1.078579573822752735e+02
1.549199015322836885e+02 6.259817802685434884e+01 1.078922275116877074e+02
1.548370503472268638e+02 6.252337940775193204e+01 1.078265814774963332e+02
1.543379354352951225e+02 6.208390047498391340e+01 1.073961910508651982e+02
1.545750762937904881e+02 6.231394460923962697e+01 1.076475734169205367e+02
1.548470706655381548e+02 6.259088105644539013e+01 1.078970547793420707e+02
1.549833875777956393e+02 6.273959988145426792e+01 1.080146393299496168e+02
1.552400871471328685e+02 6.298331815912361265e+01 1.082547638563674326e+02
1.551650615823719193e+02 6.288471961531375598e+01 1.082027532513303072e+02
1.554970376916689645e+02 6.315338856567673531e+01 1.085316428996713256e+02
1.560585639946707772e+02 6.366093651128453956e+01 1.090201781389922076e+02
1.559634964583127612e+02 6.351986041507026215e+01 1.089353578666040079e+02
1.555589284426988854e+02 6.310164629050646568e+01 1.085745449739546444e+02
1.549906938930258207e+02 6.256850821943775998e+01 1.081721756612795957e+02
1.543615417887055798e+02 6.199280582262461081e+01 1.075679021410320360e+02
1.538393905574586427e+02 6.159633442712240736e+01 1.071000363113053595e+02
1.535068297293472881e+02 6.130574519609439932e+01 1.068197050240428894e+02
1.531038503333431322e+02 6.093799310619187537e+01 1.065022761314576059e+02
1.531839221015702037e+02 6.101559250171543880e+01 1.065803667975831672e+02
1.533442552043979390e+02 6.119491695123872432e+01 1.067260792601037593e+02
1.538434261852570728e+02 6.190150024430032971e+01 1.072887790056576165e+02
1.541797276118107902e+02 6.224444717372556823e+01 1.076516838032888472e+02
1.541251244863685770e+02 6.227951695284069444e+01 1.076260122443857625e+02
1.536340995196761980e+02 6.180024510131121218e+01 1.071511778479677730e+02
1.532439599080469463e+02 6.135780386021215094e+01 1.068283903678922684e+02
1.531022376841931134e+02 6.107062014903655012e+01 1.066370711728284704e+02
1.535663255361924939e+02 6.147444992377295847e+01 1.070105195987600695e+02
1.537290041891498618e+02 6.164560032466578576e+01 1.071644141197578932e+02
1.533616005275819134e+02 6.132197314565372182e+01 1.068722389390690921e+02
1.530181516477589696e+02 6.102391873743455619e+01 1.065924630011827929e+02
1.532111662603894331e+02 6.124278379554598928e+01 1.067751769508649318e+02
1.533952245293547492e+02 6.146366066017156982e+01 1.069552623358315202e+02
1.533672714990962334e+02 6.145506475961114745e+01 1.069633269165560847e+02
1.530886035900133209e+02 6.126237721572386619e+01 1.067403007430467881e+02
1.530995757451159989e+02 6.127638243280406272e+01 1.067783301605440300e+02
1.531148905721433664e+02 6.128475272268041607e+01 1.067706727470303463e+02
1.528436157516306650e+02 6.103674383709039830e+01 1.065012508710708374e+02
1.526222956754837412e+02 6.082503557706940711e+01 1.063221800666953243e+02
1.524371494023319258e+02 6.065090551317753409e+01 1.061443868328798885e+02
1.522940935389906087e+02 6.054062060292786640e+01 1.060533896336563089e+02
1.519903975286952686e+02 6.041188634561420656e+01 1.058546279559672030e+02
1.515640694293518038e+02 6.011813723003479026e+01 1.055595652255172325e+02
1.515400065146753832e+02 6.013189948176291466e+01 1.055338629622015389e+02
1.515109574703836017e+02 6.011578900995623798e+01 1.054903748341294261e+02
1.516865226318220436e+02 6.030358520741498296e+01 1.056337457514437688e+02
1.519552276264955140e+02 6.060105623179428846e+01 1.059265603848998438e+02
1.521880084583982011e+02 6.085212621382552811e+01 1.061187633330574442e+02
1.522652380659957885e+02 6.094604834209521727e+01 1.061998269873097342e+02
1.521916222342666458e+02 6.089136511818529129e+01 1.060936751579942268e+02
1.521586456951078503e+02 6.088916775022093475e+01 1.060587922753037731e+02
1.517929668205447342e+02 6.052681830196588209e+01 1.057424593967517410e+02
1.514358651568995526e+02 6.015512002755387044e+01 1.054162116628708930e+02
1.517045421171092983e+02 6.034213126002899230e+01 1.056337484213926956e+02
1.520838363962097333e+02 6.068862788654853091e+01 1.059739920275325176e+02
1.524174652038906572e+02 6.096137117896934399e+01 1.062109152851905947e+02
1.525042091744784898e+02 6.107626709101054985e+01 1.063154704850496159e+02
1.527679240346132303e+02 6.135408729131011540e+01 1.065696482876282545e+02
1.526124141945164467e+02 6.124587826634876819e+01 1.064730909197706978e+02
1.521541308114775859e+02 6.086150440942064677e+01 1.061210367945661233e+02
1.518815570608134351e+02 6.062510045682826387e+01 1.058759474981243613e+02
1.520417446514248070e+02 6.071599753296719371e+01 1.059616221541681966e+02
1.525063825129025190e+02 6.106610526540627149e+01 1.062914542944793510e+02
1.530482352972587705e+02 6.156179196291974876e+01 1.067357311254635732e+02
1.534219613978784480e+02 6.187231236266450196e+01 1.070477600463503194e+02
1.536337724509330087e+02 6.207800389278553155e+01 1.072006827059398404e+02
1.537338394666510055e+02 6.208721254662398081e+01 1.072625347427103719e+02
1.541506612128509914e+02 6.239629651384768749e+01 1.076707832829157923e+02
1.542066273472188414e+02 6.240301277036570582e+01 1.077226537156344222e+02
1.542751689410181655e+02 6.244106354745433407e+01 1.077631021068566923e+02
1.543982402366642646e+02 6.244124243403224028e+01 1.078520567951535156e+02
1.547136760123778743e+02 6.267874240065787461e+01 1.081186431853558645e+02
1.548767057636187303e+02 6.274382240567737767e+01 1.082108925906247379e+02
1.546562253864083516e+02 6.248300444012505750e+01 1.080526540627277825e+02
1.545776341048595839e+02 6.238233268097581430e+01 1.079919621187646612e+02
1.544151810625862709e+02 6.216218204245753043e+01 1.078358742347258925e+02
1.541615052104053234e+02 6.183004707119953025e+01 1.075663842750688133e+02
1.541465054373509815e+02 6.177571094064970225e+01 1.075326868497005677e+02
1.542930068697785941e+02 6.191835429688229908e+01 1.076767159094246580e+02
1.542874373563233803e+02 6.193170938139953563e+01 1.076632647067461619e+02
1.542823858129594043e+02 6.194639410048085892e+01 1.076762780378011399e+02
1.541627213721401404e+02 6.189421795861045439e+01 1.075391734906111196e+02
1.541683803288842967e+02 6.193966182426930089e+01 1.075218842363545519e+02
1.541302668079959517e+02 6.193409765071194073e+01 1.074138741225880409e+02
1.540435001428422765e+02 6.185840593369449181e+01 1.073587143127952004e+02
1.538783144078453802e+02 6.173236431987056250e+01 1.072033326302467771e+02
1.542576954602858450e+02 6.208306745091966405e+01 1.074853940444119331e+02
1.545794416602810486e+02 6.235299795214917395e+01 1.077716940024937315e+02
1.544889343966849822e+02 6.229571019306400359e+01 1.076941199714849517e+02
1.542079596517318691e+02 6.204314370466092754e+01 1.074506046099338050e+02
1.540104755446028264e+02 6.185805617038545989e+01 1.073234095781747754e+02
1.537852600129759537e+02 6.164844916016756571e+01 1.071560411599326130e+02
1.535097453135721537e+02 6.139669433623734562e+01 1.069149794814425150e+02
1.532841292896066818e+02 6.121032389150395403e+01 1.067668613949415146e+02
1.528719452446874811e+02 6.086647985924029314e+01 1.064058282315059358e+02
1.529142505853862986e+02 6.089294439297376016e+01 1.064487263008658715e+02
1.530632991490872712e+02 6.111481581357348603e+01 1.066384008073925571e+02
1.530767436768934715e+02 6.112496829435652757e+01 1.066481074067053072e+02
1.530039395096371777e+02 6.107462640739682769e+01 1.066361139961392581e+02
1.529435786393406431e+02 6.104855836107855538e+01 1.066387532406505017e+02
1.527940815242204451e+02 6.092514397699572015e+01 1.065408288589439252e+02
1.527465550984009610e+02 6.092564726236786754e+01 1.065064706212170194e+02
1.531696685792400672e+02 6.135324091750124609e+01 1.068180710153014843e+02
1.538746191985347309e+02 6.198779833341788503e+01 1.074377648255588866e+02
1.539139448762345239e+02 6.199934319256472293e+01 1.074463754108383853e+02
1.536589727638510396e+02 6.167804687896320814e+01 1.072054846090794342e+02
1.545027580572383670e+02 6.229562341972398087e+01 1.078411580636462475e+02
1.550338883267163226e+02 6.277470303493094406e+01 1.083185209016951518e+02
1.552255839845783782e+02 6.296156341529186307e+01 1.084348866206189541e+02
1.552054992937985105e+02 6.292507455832370056e+01 1.084278953593617700e+02
1.552420028354857493e+02 6.293755923949174758e+01 1.084629357690387366e+02
1.553596741594333253e+02 6.291965589698268957e+01 1.084953663036426121e+02
1.551608176985574232e+02 6.267825646995373035e+01 1.082939039726170023e+02
1.545579846157542931e+02 6.203370810516394585e+01 1.077327594723113009e+02
1.541311705857066841e+02 6.159879612003022231e+01 1.073599424893001810e+02
1.544042102424580492e+02 6.183753227300761779e+01 1.075880228761223805e+02
1.548920406152630278e+02 6.235054293411366899e+01 1.080641508627939942e+02
1.550171250523977449e+02 6.248017696421467804e+01 1.081590007983147217e+02
1.548918123346300320e+02 6.241615559394348622e+01 1.080420823999636895e+02
1.545256114850522806e+02 6.213163916174283941e+01 1.077364840510601027e+02
1.540879761520162106e+02 6.176767839931222426e+01 1.073258312218487305e+02
1.538022982920336688e+02 6.149555320006728465e+01 1.070857133703032247e+02
1.539327680161478611e+02 6.159323061149839873e+01 1.071458673195581781e+02
1.541391350433466130e+02 6.178427213187411837e+01 1.072798894107155689e+02
1.540988294943917651e+02 6.173570576094878959e+01 1.072439839375872737e+02
1.543262664235233217e+02 6.197584363711122535e+01 1.074428203738462457e+02
1.546703574260624521e+02 6.233304141891765937e+01 1.078363107713749400e+02
1.547060866825617609e+02 6.241277410363139921e+01 1.079389436080087847e+02
1.545728789258261600e+02 6.231327445205972992e+01 1.078512958597102056e+02
1.542081692427223913e+02 6.200490069124977310e+01 1.075624447654316356e+02
1.538414530930023432e+02 6.168640648904386126e+01 1.071679130878226260e+02
1.536517558919098008e+02 6.152921324615060428e+01 1.069312034260784543e+02
1.535183105097199530e+02 6.139313796427074266e+01 1.067489139982752135e+02
1.538355204664934774e+02 6.163277789495887049e+01 1.069959630372270993e+02
1.545813172994000695e+02 6.235170169194663004e+01 1.076207310854143344e+02
1.558995031225052799e+02 6.367849009048456566e+01 1.088813394599761324e+02
1.563374802090036155e+02 6.422070465291999142e+01 1.093841615959886724e+02
1.563290858895869349e+02 6.422641567366815707e+01 1.094185184987411219e+02
1.563770848963659432e+02 6.425358907884091764e+01 1.094652145704452693e+02
1.565386528505709691e+02 6.441763474564731951e+01 1.096090086746640537e+02
1.569391051399186665e+02 6.450122016665821434e+01 1.097588114989360264e+02
1.570620309233484306e+02 6.444801742942657086e+01 1.097920990871444644e+02
1.578194086597123373e+02 6.500654804973581236e+01 1.103170657795316316e+02
1.585400131895476932e+02 6.563922582161002595e+01 1.109238023276614769e+02
1.583892304940206373e+02 6.545115995930997599e+01 1.107634718947826542e+02
1.581556847217512711e+02 6.501320289742857028e+01 1.103941084907045678e+02
1.580846320409890495e+02 6.479050512763690506e+01 1.102550361911576573e+02
1.580159369251266241e+02 6.462093667148147347e+01 1.101713893613215163e+02
1.582847674073994995e+02 6.488304155241510784e+01 1.104151330035056446e+02
1.586367427691108389e+02 6.518580174561260776e+01 1.107043805851994023e+02
1.587056474759637865e+02 6.525987547358218421e+01 1.107707488405746830e+02
1.584417523942767048e+02 6.495982928346580820e+01 1.105273429469294229e+02
1.577626775849778085e+02 6.420259972926717751e+01 1.098975019957868255e+02
1.570800597534569079e+02 6.339555693799577796e+01 1.092196633728396762e+02
1.569953262544087522e+02 6.327123076635543697e+01 1.091331890670931415e+02
1.568793476780789149e+02 6.349879184811194222e+01 1.091894595756383239e+02
1.573040190741151036e+02 6.413114789114084147e+01 1.096061878736259843e+02
1.585471019039405860e+02 6.554203701083197586e+01 1.108011582238431743e+02
1.586626773179829115e+02 6.573889634991282094e+01 1.109645951422949253e+02
1.578571096734919479e+02 6.499453461455281911e+01 1.102147706914366694e+02
1.571028984965517736e+02 6.419909408633013470e+01 1.095132803259473633e+02
1.572342960279169972e+02 6.413615671532203066e+01 1.095099121853798891e+02
1.569710083596100674e+02 6.359019888449533653e+01 1.091429343806652952e+02
1.568807654209574878e+02 6.338685690942732265e+01 1.089829256766318082e+02
1.574931902952696419e+02 6.398133705702210250e+01 1.095304814718894448e+02
1.578986754383388700e+02 6.439143854178070114e+01 1.099038578092001046e+02
1.575328136722744432e+02 6.427747310693946758e+01 1.097366509228678524e+02
1.568976875572370204e+02 6.380507770886342911e+01 1.092891047394263353e+02
1.561383634281076240e+02 6.329057454630893176e+01 1.087943725486531434e+02
1.564162704017472265e+02 6.353874095888545526e+01 1.090295176203279226e+02
1.564554078480478552e+02 6.357749927243892074e+01 1.090689007019295786e+02
1.562514170753913447e+02 6.338843618421579862e+01 1.088749809766139123e+02
1.564168617954338458e+02 6.356207230755675397e+01 1.090285337441494704e+02
1.564483191336549623e+02 6.362217819773107408e+01 1.090644498970734730e+02
1.564317601104290816e+02 6.359559351629603441e+01 1.090619775243699650e+02
1.568772023741185819e+02 6.405566977003729789e+01 1.094741922737018029e+02
1.576056538838411996e+02 6.470055187844256750e+01 1.100956295606065112e+02
1.575409490066454907e+02 6.461174537231103443e+01 1.099878664171154412e+02
1.575660051423216146e+02 6.462567850077027742e+01 1.100008036546260826e+02
1.577573016428195842e+02 6.481311959502214393e+01 1.102042831320636793e+02
1.579793960041544381e+02 6.506275180955788073e+01 1.104284226742742447e+02
1.576817140538101398e+02 6.468745711394541331e+01 1.100792213894948191e+02
1.572292858687613375e+02 6.415239667965151682e+01 1.095484836025086821e+02
1.574806455402508050e+02 6.439783440442784013e+01 1.097436355092527123e+02
1.579270663402209038e+02 6.486180477867458194e+01 1.101930546618643234e+02
1.579421382018961992e+02 6.485963411019946534e+01 1.101644942182255988e+02
1.578748982081972656e+02 6.475056669665909226e+01 1.100847321640736993e+02
1.578348262797732673e+02 6.466916662884239031e+01 1.100484088439388159e+02
1.578629955758946437e+02 6.466418049922704370e+01 1.100540384312448055e+02
1.577898429803037743e+02 6.456819450043920483e+01 1.099647166249709613e+02
1.577156611194027960e+02 6.444874098558494779e+01 1.098976154686160811e+02
1.575741378067437495e+02 6.425722020937739387e+01 1.097873839573449004e+02
1.571306325909985446e+02 6.371472129738157975e+01 1.093249541436272381e+02
1.562206579288138357e+02 6.286200902976725757e+01 1.085614475395085634e+02
1.554942756295072002e+02 6.213043367980370846e+01 1.079324809966385317e+02
1.557315019263681393e+02 6.234807857125693431e+01 1.081640256421894719e+02
1.559918206114716952e+02 6.291558555984823897e+01 1.085836601795807610e+02
1.560636048582390742e+02 6.317226910949193552e+01 1.087477632502890259e+02
1.559627408627673049e+02 6.315551117507121859e+01 1.087066153324486919e+02
1.556751446444829412e+02 6.294477477645852304e+01 1.085112071106079696e+02
1.550506863103708781e+02 6.236915514806202054e+01 1.079830191248441480e+02
1.544595489388287888e+02 6.169993779019007718e+01 1.074738972443457214e+02
1.541543978063699569e+02 6.130975145445467689e+01 1.071833934516832727e+02
1.541355292773249346e+02 6.129038097501194926e+01 1.071260509586451661e+02
1.543370717068182500e+02 6.149048430203530557e+01 1.072943792235254534e+02
1.544669900864796546e+02 6.163037494092738200e+01 1.074288685557445291e+02
1.541951345520760128e+02 6.158631944870894870e+01 1.072686542656439030e+02
1.538675678634267854e+02 6.149277378323752430e+01 1.070804001719447172e+02
1.539478158482828292e+02 6.173347768857181705e+01 1.072116708807360510e+02
1.547183003639140395e+02 6.260900600471512689e+01 1.078859998558227602e+02
1.555660718910447144e+02 6.342764571913739502e+01 1.085857307249712278e+02
1.553833953206475087e+02 6.321007825620296217e+01 1.084071098069893964e+02
1.550041918198105009e+02 6.278965608387911601e+01 1.080502484387473601e+02
1.546456911029291916e+02 6.241178755750402729e+01 1.076754450137368906e+02
1.545869976157356120e+02 6.232473387284101562e+01 1.076196617708703229e+02
1.546089472658387933e+02 6.237605296110685060e+01 1.075968577371114918e+02
1.548062297918240802e+02 6.244225968457223530e+01 1.078121517385372385e+02
1.545852407893436862e+02 6.218606206563268302e+01 1.076281361887547092e+02
1.539511065603315103e+02 6.150291024432702613e+01 1.071019853740197902e+02
1.533287307863800493e+02 6.092764838908631475e+01 1.065780025578110752e+02
1.525996051145541514e+02 6.029334328334299187e+01 1.059985649024534098e+02
1.520826322492450799e+02 5.996174497181868901e+01 1.056460181716723810e+02
1.521302174139408692e+02 6.011512152272526777e+01 1.057699478558975130e+02
1.521259561754583558e+02 6.021918545198230532e+01 1.058071936433856024e+02
1.520052504545587908e+02 6.021683856687821645e+01 1.057508497112450243e+02
1.518298908791874737e+02 6.006313761717738231e+01 1.056085601232448425e+02
1.519915549515537805e+02 6.034020222193149152e+01 1.058026213558534607e+02
1.525483888193219002e+02 6.089334622028680855e+01 1.062508897604788842e+02
1.526176766638454296e+02 6.088919177976125496e+01 1.061831131070462675e+02
1.522652661004594847e+02 6.056834535255340768e+01 1.058374201351528114e+02
1.520840740216639517e+02 6.037360595291811904e+01 1.056745011867922983e+02
1.516158944729387201e+02 5.994999319163024154e+01 1.052999620867252872e+02
1.513623280886636735e+02 5.968767204483378208e+01 1.050933067050427354e+02
1.512351570864449286e+02 5.957736177006933787e+01 1.050061155180101338e+02
1.514523427466832572e+02 5.975816403632198615e+01 1.051687541217336559e+02
1.518148283623334294e+02 6.012684126352662872e+01 1.054706532564032102e+02
1.516417248938027740e+02 6.019704223058212733e+01 1.054287083588090894e+02
1.510949914428136935e+02 5.987107350636382108e+01 1.050336493662876194e+02
1.506834508555851357e+02 5.953584539927751251e+01 1.047475696789920363e+02
1.507085056562868033e+02 5.955744528607167609e+01 1.047761327925796735e+02
1.507466885958471607e+02 5.961587978821965095e+01 1.048039723500089480e+02
1.509025028101212342e+02 5.979199362416196806e+01 1.049404828335633937e+02
1.511040038554062335e+02 5.992369152478113392e+01 1.050940903350518880e+02
1.516821305658422716e+02 6.043192164233898467e+01 1.055521547822790183e+02
1.519314290367625233e+02 6.060286779213913633e+01 1.056880872218914504e+02
1.519116220206707339e+02 6.058001169437628874e+01 1.055984076424617939e+02
1.515275538728944014e+02 6.030137982960386012e+01 1.052485895994809653e+02
1.508821497894745391e+02 5.976464800728361837e+01 1.046664366060677196e+02
1.503597048638459626e+02 5.937697409348559319e+01 1.042658641690184425e+02
1.504107289227557089e+02 5.944431955016700186e+01 1.043332817143208047e+02
1.514763923116150863e+02 6.038683955475931953e+01 1.052528401581677713e+02
1.522502649924306866e+02 6.110836254702447690e+01 1.058637364867210096e+02
1.525673588064260287e+02 6.134306173722896460e+01 1.061061331396730338e+02
1.531014246847457798e+02 6.181390589498023047e+01 1.065339964596477245e+02
1.536123554556401416e+02 6.229638836009067404e+01 1.069986409959977465e+02
1.542503517657707164e+02 6.264516245304227482e+01 1.074650503685864464e+02
1.553934770477840743e+02 6.349870507477191950e+01 1.083307652874600535e+02
1.558905214143253488e+02 6.389799460136327269e+01 1.087283540565868947e+02
1.559981537303191317e+02 6.402723481399800676e+01 1.088309001198807096e+02
1.563074940126395518e+02 6.429992737738926678e+01 1.090850872672805707e+02
1.565692197608259733e+02 6.449883456729472186e+01 1.093601680999842500e+02
1.567368698586795972e+02 6.441663351480086419e+01 1.093110530545550603e+02
1.563254867984375380e+02 6.373359917124785312e+01 1.087263208904813609e+02
1.558715367425021157e+02 6.312586539719494994e+01 1.082699785603101361e+02
1.548995405017901987e+02 6.211386531175658376e+01 1.074326198339825709e+02
1.543114188375576248e+02 6.156673537335230861e+01 1.070174361014473732e+02
1.544222857966726963e+02 6.177370180408448874e+01 1.071375571035326146e+02
1.548924597972440722e+02 6.233179722271913192e+01 1.076159278473002843e+02
1.559773468183553575e+02 6.338034623897645048e+01 1.085489668632638995e+02
1.567701120577563358e+02 6.419243122879059626e+01 1.092644691207057264e+02
1.577450145378718958e+02 6.524140076200342264e+01 1.102096817687877603e+02
1.590688392931043325e+02 6.658832591532524248e+01 1.113910487292378093e+02
1.600426898133438840e+02 6.766866467844469923e+01 1.123528631197285250e+02
1.597622931123327703e+02 6.735780920010999751e+01 1.120420610403723032e+02
1.584610414402772562e+02 6.600224542704498276e+01 1.108840895073677189e+02
1.573109983206021241e+02 6.481841944363604568e+01 1.098451322826194314e+02
1.567006426567059805e+02 6.336601795807646198e+01 1.090176590421825296e+02
1.565172705646141083e+02 6.284270529904762981e+01 1.086697860569927343e+02
1.574480374540435150e+02 6.353647417224908622e+01 1.093999436640777105e+02
1.585905486478043542e+02 6.456061051052093092e+01 1.103617019856410195e+02
1.594875740577082865e+02 6.600442544034132197e+01 1.114467852479982071e+02
1.592509124550447268e+02 6.592457260792600948e+01 1.112807598140647514e+02
1.582590958484964290e+02 6.510461527370981116e+01 1.104717092212026017e+02
1.574450057270404386e+02 6.431173789645404781e+01 1.097138775935216302e+02
1.566135382430134086e+02 6.352477045114127208e+01 1.090134992617591223e+02
1.561375090444519742e+02 6.307174820245688807e+01 1.086251511858578169e+02
1.561233129260237149e+02 6.307630046537209978e+01 1.086918064607424128e+02
1.563863482841573216e+02 6.334021690665057491e+01 1.089365152894625055e+02
1.574827067408200492e+02 6.436694576532751455e+01 1.098856954816454419e+02
1.574715730538074752e+02 6.437071573320802997e+01 1.098522143221400142e+02
1.567562910671518921e+02 6.363183139806535848e+01 1.091840889733779392e+02
1.567498498153730395e+02 6.358168842230048057e+01 1.091634969923025409e+02
1.567444044545427744e+02 6.356364090254953680e+01 1.091633274505458644e+02
1.569556054242682421e+02 6.378023783905013744e+01 1.093115550049527513e+02
1.573135307671564362e+02 6.413248420057723820e+01 1.096019573395560940e+02
1.576383220438993078e+02 6.442380766755931631e+01 1.098631023738515893e+02
1.590344703755817193e+02 6.574045026018652038e+01 1.111381124529087714e+02
1.601247520284937025e+02 6.683929977919522969e+01 1.121072104640638258e+02
1.600929943210186366e+02 6.669752682631181528e+01 1.120004672410616848e+02
1.603601173709546970e+02 6.687924355007088195e+01 1.121680839645537588e+02
1.608438226726722746e+02 6.735321421801201325e+01 1.126100766542336089e+02
1.608908978771236207e+02 6.716040252149976197e+01 1.124848039856997559e+02
1.602689706545913850e+02 6.620336466963387068e+01 1.117114532798987625e+02
1.591311785955534788e+02 6.482118417574672264e+01 1.105207561829342211e+02
1.579053943648058009e+02 6.355928087595684417e+01 1.093807093520300953e+02
1.565682011753115148e+02 6.264622242276504949e+01 1.084200537193723477e+02
1.565787181041226575e+02 6.276095279797297621e+01 1.084916403899193398e+02
1.575497531632219932e+02 6.383774720389598656e+01 1.094538672875187899e+02
1.577340450527181304e+02 6.410235649692020843e+01 1.096590168180082685e+02
1.573914679112188537e+02 6.376886519160888156e+01 1.093111398278950901e+02
1.570912722039627454e+02 6.349351869898728751e+01 1.090686417168839597e+02
1.569634163598450414e+02 6.345157914129102750e+01 1.089265069859213639e+02
1.564994299659047385e+02 6.304508742747751171e+01 1.084989200056602954e+02
1.559487716899975567e+02 6.257316060543762148e+01 1.080170022347472525e+02
1.555884140236397286e+02 6.231230926552375138e+01 1.076975748853924415e+02
1.553950843570362395e+02 6.210589417924435196e+01 1.074945960233780795e+02
1.552868860118705925e+02 6.215406139280555209e+01 1.075056963360290894e+02
1.553387898189507723e+02 6.243529779275322511e+01 1.077368338143691346e+02
1.552406278117899490e+02 6.245646648279618063e+01 1.077156037155009187e+02
1.550680289636059399e+02 6.234665682345496407e+01 1.075767423419190010e+02
1.552636214119224007e+02 6.255671505504099628e+01 1.077537679654188167e+02
1.554545294348519064e+02 6.286193427119739141e+01 1.079672851158357361e+02
1.552934687709424111e+02 6.277073282088113615e+01 1.078661754850629677e+02
1.550350283949068171e+02 6.257859261652324534e+01 1.076958701230045534e+02
1.549096863077009232e+02 6.248835501776851231e+01 1.076208298735245137e+02
1.545943613348676706e+02 6.224303343577037140e+01 1.073550644926162505e+02
1.539291715949473769e+02 6.169837587006960433e+01 1.069115606118455020e+02
1.536376265222046413e+02 6.143437666037448963e+01 1.066762606831331368e+02
1.539093271995706687e+02 6.168738235537554004e+01 1.069105500361778098e+02
1.540840686817661265e+02 6.185421811880738829e+01 1.071087763891076747e+02
1.538830135179514116e+02 6.166948702271325544e+01 1.069023279284667325e+02
1.539191432667893196e+02 6.172588969373015999e+01 1.068986113595646970e+02
1.538110784190698439e+02 6.167283647363825594e+01 1.067928533477154645e+02
1.538443579974315014e+02 6.174799687081986121e+01 1.068275106197218491e+02
1.542095909905243616e+02 6.209663613135080595e+01 1.071891338418696051e+02
1.554973420658462828e+02 6.324651104424372505e+01 1.082836366840302276e+02
1.565437991771217412e+02 6.446815151426153534e+01 1.091692347125399465e+02
1.566998883961349804e+02 6.465267835926299256e+01 1.092809867597232909e+02
1.563663864110279462e+02 6.431116385743540320e+01 1.089559618624495698e+02
1.563636924325637665e+02 6.431789212872357098e+01 1.089798579053182692e+02
1.562676583746952872e+02 6.419843460894593079e+01 1.088837731184202511e+02
1.562178624922905215e+02 6.380876223837837813e+01 1.086683683141141472e+02
1.559889971404847131e+02 6.331830063090892935e+01 1.083142796878295684e+02
1.555784244097410465e+02 6.277169400249373155e+01 1.079315491844641031e+02
1.554709976798143884e+02 6.264681648640061695e+01 1.078520714798725919e+02
1.553116711477309480e+02 6.265743754321979964e+01 1.078568186490592495e+02
1.554589922544781757e+02 6.298378139526190722e+01 1.080724690886663382e+02
1.557825273202523704e+02 6.333052899698028426e+01 1.083359409834489924e+02
1.557694619251933830e+02 6.347793554209307842e+01 1.083931619938110629e+02
1.556448941231754191e+02 6.332551483290124850e+01 1.083094497502262783e+02
1.554042649764110138e+02 6.291680172158306306e+01 1.079994580003684490e+02
1.554712913741959994e+02 6.287787386627293529e+01 1.080163507672098291e+02
1.565536779881400946e+02 6.380612432884159091e+01 1.088859611415633566e+02
1.568633346594079683e+02 6.410668715407474849e+01 1.091449154827668195e+02
1.567115160236984650e+02 6.391409038845086599e+01 1.090291304777339576e+02
1.563985392709437576e+02 6.350519038070801514e+01 1.087151551640817075e+02
1.561398786241219341e+02 6.315326841797516266e+01 1.084005590873046572e+02
1.560464624511733120e+02 6.298312859275002040e+01 1.082676703894654509e+02
1.560845893218062770e+02 6.300318791901511162e+01 1.082928319881240640e+02
1.563529218586048444e+02 6.331623409044185280e+01 1.085400932880153988e+02
1.564401063707651360e+02 6.362538480638865224e+01 1.087477352158253154e+02
1.564694304197960832e+02 6.375559287550829168e+01 1.088569334568629756e+02
1.565589551421881254e+02 6.390751430425135737e+01 1.089754244551301667e+02
1.566503928829841357e+02 6.405045001989111597e+01 1.090665231124128525e+02
1.565608107566902163e+02 6.398390154296347987e+01 1.090227813391929743e+02
1.563560430288968632e+02 6.357195912842187369e+01 1.088240450260186520e+02
1.565003123840240846e+02 6.350976400321462023e+01 1.089565826255743701e+02
1.567663581095693530e+02 6.369335102619486833e+01 1.092033513198892507e+02
1.570887717967955268e+02 6.397729875927473842e+01 1.095111764061953465e+02
1.571570851099618551e+02 6.403549830591741454e+01 1.095437711426580449e+02
1.568900862126507434e+02 6.375708537695673783e+01 1.092035355463650035e+02
1.566334039979815316e+02 6.347259831419425069e+01 1.088611052520565323e+02
1.564790021866881773e+02 6.329041835429688234e+01 1.086441839167616763e+02
1.566033924371026842e+02 6.344478412127975986e+01 1.087076245731419135e+02
1.568483041819409891e+02 6.369537484747916523e+01 1.089457626575603655e+02
1.569602951895530225e+02 6.394339975276272980e+01 1.091847310960941257e+02
1.570492472079009190e+02 6.415910225637384201e+01 1.094021797463014565e+02
1.570177992145010251e+02 6.423317598434341846e+01 1.094497942804354125e+02
1.568069600228547529e+02 6.408484563690296909e+01 1.093138845353888371e+02
1.566723532128830243e+02 6.397694632601678677e+01 1.091906143285478947e+02
1.564113083016721930e+02 6.369728386095974315e+01 1.089472017600303246e+02
1.568346073439615225e+02 6.397269443235551023e+01 1.092128616779560986e+02
1.577923033382371329e+02 6.480519118169269177e+01 1.099720629894350168e+02
1.580388717863827139e+02 6.502036637039132927e+01 1.101502700653336433e+02
1.577954164986823855e+02 6.471544351856549326e+01 1.099177829278125955e+02
1.574188001783525976e+02 6.432329343539657884e+01 1.095689821353717548e+02
1.574729547523755855e+02 6.421569716371325853e+01 1.095618400220003821e+02
1.580580820688900303e+02 6.466555685789731456e+01 1.100539623377004830e+02
1.585446508908284500e+02 6.505443491866000727e+01 1.104780436750244945e+02
1.585940422759712476e+02 6.501470874862164351e+01 1.104462792926771328e+02
1.583975593996886744e+02 6.474899676669186022e+01 1.102241862663167211e+02
1.581883622266306020e+02 6.456353276961812071e+01 1.100794843794638211e+02
1.580915205092126712e+02 6.453184047589169836e+01 1.100495088628954505e+02
1.579710323891503947e+02 6.443484523641062367e+01 1.099556454735020878e+02
1.581463906295472555e+02 6.462485615650172122e+01 1.101683829988332377e+02
1.583465073063152317e+02 6.483857889298577959e+01 1.103782076098884204e+02
1.583644320084156902e+02 6.487332427330665041e+01 1.103533810898197487e+02
1.581505036858644928e+02 6.463518218396481529e+01 1.101446057686916475e+02
1.579196145127743591e+02 6.442850677766534773e+01 1.099448215005647000e+02
1.580412947650311537e+02 6.458448786374717088e+01 1.100582409308509995e+02
1.582540282854388920e+02 6.483931045899092283e+01 1.102713856233930301e+02
1.583230050809127931e+02 6.492256080141186203e+01 1.102898950443077979e+02
1.584268273797922291e+02 6.505815282253649912e+01 1.103705635461193566e+02
1.584841965723195756e+02 6.513602722279922830e+01 1.104351896598218019e+02
1.585739722699104846e+02 6.522796023912061969e+01 1.105447923981214302e+02
1.587807945234007718e+02 6.544468266322064665e+01 1.107387748672367849e+02
1.588097434446079035e+02 6.538051444575864934e+01 1.107061280667700771e+02
1.587944019180912960e+02 6.532251781523419254e+01 1.106181105305455503e+02
1.588141768947959918e+02 6.519436694176040703e+01 1.105673160872432561e+02
1.586579795428513364e+02 6.503367339582793250e+01 1.103871639535535678e+02
1.586255156338859251e+02 6.496793925332208630e+01 1.103558908418081899e+02
1.586095680289635936e+02 6.495019744272292428e+01 1.103479263841682751e+02
1.589772426903473388e+02 6.535417005972675497e+01 1.106497334055999460e+02
1.593175477053123927e+02 6.566841370324586080e+01 1.109325864596210209e+02
1.591953454780409913e+02 6.554204902560213952e+01 1.108383439374804738e+02
1.590140586160586622e+02 6.531703374014455221e+01 1.106464814078106684e+02
1.589564784975663372e+02 6.525429528033129145e+01 1.106053188052512581e+02
1.587849276043349391e+02 6.502333268364576213e+01 1.104400316121952557e+02
1.586204347210837966e+02 6.487037397974576436e+01 1.103373747460211121e+02
1.585994903067504254e+02 6.492013515281452385e+01 1.103507712147466577e+02
1.586737522661191520e+02 6.502748845914577203e+01 1.104813156974307020e+02
1.589896405981753560e+02 6.539609760265285843e+01 1.107572776132792569e+02
1.591221982223480040e+02 6.556654180205532612e+01 1.108512918547868225e+02
1.589045373112012385e+02 6.534041181292201372e+01 1.106420092433631766e+02
1.583884174945733321e+02 6.482340557325137809e+01 1.101730727641180181e+02
1.577959424786203897e+02 6.418848370930663805e+01 1.096579888876725732e+02
1.576756252352892602e+02 6.409680166818408509e+01 1.095892443777550511e+02
1.576085721380150062e+02 6.407030509506353155e+01 1.095548020366370423e+02
1.576666942561388680e+02 6.415542840665457902e+01 1.096281855828098060e+02
1.578798656481701528e+02 6.435356798624442831e+01 1.098277295555336082e+02
1.578880757411110665e+02 6.435752218060068230e+01 1.098377018147642872e+02
1.577840305014965168e+02 6.426500578043942369e+01 1.097825913990265434e+02
1.576914740521013698e+02 6.423601280507503475e+01 1.097658347995802899e+02
1.576216695724610872e+02 6.418776282309718795e+01 1.097220409623563881e+02
1.579958735939381427e+02 6.466743249701633545e+01 1.101523059013881038e+02
1.585653243053460528e+02 6.525257449824984235e+01 1.106778546426406820e+02
1.589917151484892202e+02 6.565612659829817233e+01 1.110508571871020109e+02
1.590748693727489069e+02 6.573751865626810797e+01 1.111391750925804729e+02
1.587763704180339062e+02 6.543167200211459544e+01 1.108517083668189400e+02
1.582175794777045894e+02 6.485820435255072880e+01 1.103448692926504293e+02
1.578903945917514591e+02 6.450534256779667430e+01 1.100794349854087244e+02
1.579284987678185814e+02 6.441865867105961740e+01 1.099961846429877852e+02
1.580451715308686005e+02 6.448192711573427971e+01 1.100000520640040094e+02
1.580784230747665902e+02 6.448831630350910871e+01 1.099531677609007403e+02
1.579591057273074455e+02 6.436019079455010683e+01 1.097929841752127231e+02
1.578031193013277687e+02 6.419665108306477919e+01 1.096680225557285127e+02
1.577849422890540154e+02 6.428702618418910220e+01 1.097641941159665606e+02
1.580262295782281683e+02 6.458791474319096437e+01 1.101136890951276115e+02
1.581937328288909725e+02 6.482397961227002270e+01 1.102961333799684382e+02
1.584097824258622040e+02 6.509873070628158587e+01 1.105618413569748384e+02
1.583044262413260128e+02 6.493709199843007696e+01 1.103522824058375704e+02
1.578061336736628277e+02 6.440742219101348098e+01 1.097666371192319161e+02
1.573054755312530801e+02 6.384222604321579553e+01 1.092042444178042899e+02
1.574158044956600122e+02 6.395890414616368247e+01 1.093336474973233692e+02
1.574348732708743341e+02 6.397995936337737533e+01 1.093385174841605334e+02
1.570932946902725860e+02 6.365287593548335110e+01 1.090267408734470962e+02
1.565171851262485347e+02 6.319581405407714669e+01 1.086103743535386172e+02
1.558809937015904836e+02 6.261702119138460887e+01 1.081786048982882988e+02
1.556444255471392921e+02 6.238838812513516530e+01 1.080098801459928097e+02
1.554177615682212092e+02 6.220578364335890598e+01 1.078290591900976949e+02
1.555646634929873926e+02 6.239558363748501790e+01 1.079775577443203503e+02
1.555630495088628891e+02 6.269100147114185972e+01 1.081522671871287145e+02
1.554043063606193300e+02 6.272711920520960405e+01 1.081374449656778012e+02
1.552165448724965984e+02 6.268217595497397809e+01 1.080777929668205388e+02
1.549233844806548746e+02 6.249042289321005228e+01 1.078453418736099536e+02
1.544519222297277565e+02 6.211430184840563840e+01 1.075174214167282969e+02
1.538963272182603248e+02 6.162603493895161932e+01 1.070367077927799215e+02
1.536736201036474085e+02 6.137279428844526308e+01 1.068202216591596567e+02
1.531875158528217469e+02 6.097806369964142448e+01 1.063814823022435547e+02
1.531471448901182555e+02 6.092573136575897053e+01 1.063694074582353295e+02
1.532332921271216151e+02 6.120392001901003454e+01 1.065710994048683915e+02
1.533191910588750488e+02 6.143641783632678965e+01 1.067401886051919888e+02
1.533444861549798475e+02 6.153793463431044586e+01 1.068235016914126447e+02
1.532611236747040948e+02 6.151981502593855566e+01 1.067694926296059919e+02
1.530958591762139633e+02 6.143981267638350374e+01 1.066520736158317249e+02
1.530466306579555180e+02 6.133989250785632663e+01 1.066569596223624217e+02
1.530493927201172539e+02 6.132677104386993250e+01 1.066731835669983610e+02
1.532202761261177102e+02 6.147638563674276924e+01 1.068035371483343567e+02
1.534017592293459415e+02 6.164525323130568779e+01 1.069967039480534794e+02
1.534122961827740141e+02 6.162031724333113658e+01 1.070208763306358009e+02
1.531760283975767436e+02 6.142958276708166920e+01 1.068194754084354372e+02
1.528534318188493160e+02 6.107439412184044869e+01 1.065145592314818970e+02
1.527254718467235648e+02 6.094089667564659152e+01 1.063869249931248788e+02
1.527300801785661974e+02 6.090602714270075779e+01 1.064099185932573164e+02
1.526816032509298111e+02 6.084532718889087732e+01 1.063384694250798930e+02
1.525299381372834375e+02 6.066874611188688249e+01 1.061573227354160736e+02
1.521901737869754641e+02 6.050940890000774175e+01 1.058769700885622029e+02
1.519855355517048849e+02 6.043286680425803326e+01 1.057607819212418434e+02
1.520037713028549717e+02 6.048455434547537379e+01 1.057992505453370740e+02
1.520233126590288464e+02 6.053416199648101070e+01 1.058115136207444351e+02
1.519882281951946368e+02 6.049875446882700913e+01 1.057737431882928121e+02
1.519480214343499540e+02 6.047587300654938502e+01 1.057571708153222971e+02
1.519114538138885280e+02 6.049059510491564140e+01 1.057927879339668209e+02
1.518709173143517717e+02 6.052342613185809483e+01 1.058119835317550326e+02
1.517003729918646684e+02 6.042374759370853354e+01 1.057085083262357159e+02
1.515477774010183225e+02 6.034235153081521474e+01 1.056327859048056439e+02
1.513376203813220968e+02 6.021403645548260641e+01 1.054745273522917444e+02
1.509533973765081782e+02 5.992374759370853354e+01 1.051943415772456234e+02
1.507719810220030467e+02 5.976929772333455304e+01 1.050647489313529377e+02
1.508154544653560833e+02 5.981748896643607338e+01 1.051383767778522440e+02
1.510178753080453475e+02 6.003402315913696441e+01 1.053062004223859134e+02
1.510719217491369477e+02 6.019014441753729017e+01 1.053700615957216797e+02
1.510773737848394944e+02 6.025149984380799140e+01 1.053240476959675789e+02
1.510026285647155646e+02 6.024993258378967198e+01 1.052806450062610253e+02
1.508797721999578130e+02 6.017716179089494233e+01 1.052248417387775419e+02
1.507880501096014143e+02 6.009258982375666847e+01 1.051216041587124437e+02
1.507300014150729339e+02 6.002025690248545686e+01 1.050662627923927772e+02
1.507633984711872586e+02 6.006394661170131855e+01 1.051053361599192613e+02
1.507196687127375299e+02 5.998740318097714663e+01 1.050520693439134448e+02
1.508083604110653368e+02 6.006840008650634388e+01 1.051239029847359063e+02
1.509182087846659499e+02 6.014256192279041358e+01 1.052667732866270285e+02
1.508905694734059750e+02 6.014585663976247787e+01 1.052913101172374581e+02
1.507197287865883197e+02 5.997540309553878046e+01 1.051702319384630187e+02
1.507747470890881800e+02 6.004550927940748295e+01 1.052327608072857572e+02
1.508338490784671251e+02 6.011252499739679678e+01 1.053182205324412166e+02
1.507419561113795794e+02 6.004482977740635619e+01 1.052568878007363651e+02
1.507397921177767728e+02 5.998119020983128280e+01 1.052532259657872800e+02
1.506898146788451811e+02 5.988912369606369168e+01 1.052337713829534493e+02
1.505794069509450424e+02 5.981518213056584443e+01 1.051852690908022936e+02
1.505346359124149842e+02 5.974059577240287666e+01 1.051333799684412043e+02
1.504626153751678714e+02 5.966947500794309889e+01 1.051111219392373073e+02
1.504760345384592881e+02 5.962450772816715983e+01 1.050422319171034218e+02
1.504071551961210957e+02 5.960266220607199728e+01 1.049190351338578893e+02
1.502358606179863898e+02 5.945380053879569004e+01 1.047666064148192788e+02
1.502846339099532997e+02 5.951358470012468871e+01 1.048123573246043776e+02
1.504312247856698548e+02 5.965805029649782654e+01 1.049669633869904004e+02
1.503988596648146085e+02 5.969592352198302621e+01 1.049692301736267837e+02
1.503595486718339203e+02 5.966286554938204034e+01 1.049447080277354303e+02
1.501722544247728592e+02 5.951001097349007551e+01 1.048264052608673609e+02
1.500630722034287601e+02 5.940999735675056570e+01 1.046929852431922967e+02
1.501030560235382723e+02 5.945012535410197785e+01 1.047314098131302700e+02
1.501598631918171520e+02 5.952652460758425690e+01 1.048459519569390608e+02
1.500237665503458970e+02 5.944553037200398649e+01 1.047413286733824833e+02
1.499574490240001694e+02 5.937929294412597869e+01 1.046708460267155090e+02
1.497821788919177948e+02 5.921441959315318115e+01 1.045169621855133926e+02
1.495415270505875185e+02 5.905792187195459064e+01 1.043168775481325099e+02
1.494639997436848944e+02 5.902245961034765287e+01 1.043115510000293682e+02
1.492821014633990160e+02 5.884772480302451925e+01 1.041852143568493574e+02
1.491842905545216809e+02 5.874530823225351384e+01 1.040804669206678028e+02
1.492703910674188705e+02 5.883196409452687448e+01 1.041707432336819465e+02
1.493080974210963348e+02 5.888119127781085638e+01 1.041964775363847338e+02
1.491109243630169487e+02 5.883747887402913790e+01 1.040511495465091798e+02
1.488623507832295161e+02 5.869095608201015324e+01 1.038214044465329380e+02
1.487988567278707990e+02 5.867450118679229831e+01 1.037809680700808173e+02
1.486689543679029555e+02 5.860441636251498210e+01 1.036856148491879281e+02
1.484794026790267480e+02 5.850280211139561004e+01 1.035527461759656518e+02
1.482447048237967238e+02 5.830356117787466985e+01 1.033849572407679887e+02
1.478536534246099734e+02 5.801850141106800862e+01 1.031381258026533914e+02
1.474791677235214422e+02 5.771884102857111998e+01 1.028624762708289353e+02
1.473874349533693362e+02 5.766172948611492899e+01 1.027984468907109772e+02
1.473915987387161408e+02 5.766881419558443866e+01 1.028278470332862469e+02
1.473320842422284329e+02 5.762215283321629755e+01 1.028004840617398941e+02
1.472648082042190651e+02 5.755423867741409794e+01 1.027746189315398340e+02
1.472027612611770735e+02 5.750645994142131912e+01 1.027087059024560887e+02
1.470979404014001091e+02 5.739527659335876564e+01 1.026059996422268483e+02
1.470445414229225776e+02 5.743969386365638741e+01 1.025445374179991944e+02
1.470292132461505901e+02 5.745396474065451287e+01 1.025252844163091197e+02
1.469100520907035161e+02 5.738602121541414647e+01 1.024076931908292636e+02
1.467222585631936909e+02 5.722003316076563806e+01 1.022234186560011153e+02
1.467363145093034404e+02 5.722758511129681835e+01 1.022303938975647384e+02
1.467082813805771764e+02 5.727750915124993725e+01 1.022500033374361550e+02
1.466182173285025101e+02 5.728032995228801383e+01 1.021701758695356119e+02
1.462985964078507095e+02 5.705767890660251851e+01 1.019120278529071726e+02
1.458142342986978690e+02 5.670414429471964013e+01 1.015768010807953203e+02
1.458020126074988241e+02 5.670062663701243366e+01 1.015999081537570135e+02
1.459302168799510753e+02 5.687950120014204458e+01 1.017087900058471917e+02
1.459245565882324627e+02 5.693136762793727712e+01 1.017798213270180128e+02
1.458923770288274397e+02 5.698497886735426476e+01 1.017461893153983965e+02
1.459583514667364454e+02 5.706890070192957154e+01 1.018573232694058532e+02
1.460206186805646382e+02 5.713330921479472124e+01 1.019160554708588364e+02
1.459313796427074408e+02 5.701482889632321616e+01 1.018186036701117843e+02
1.457664528927561491e+02 5.678683795278996627e+01 1.016631765984316758e+02
1.458109769610107378e+02 5.677945821396436799e+01 1.016905008557186250e+02
1.458871118895495442e+02 5.684877142300268105e+01 1.017511447406011058e+02
1.459624538432579754e+02 5.690111710662974787e+01 1.018203297920910728e+02
1.460425483060509180e+02 5.701684203781181992e+01 1.019036949423157523e+02
1.462189171221154425e+02 5.716670627090903878e+01 1.020807499352537349e+02
1.461504342671924803e+02 5.711349285388170216e+01 1.020159302502543142e+02
1.459596717564793096e+02 5.694062167090743287e+01 1.018544250398489908e+02
1.456122005986025556e+02 5.664038190949407436e+01 1.015683199880386240e+02
1.454811488256229666e+02 5.650799516205255202e+01 1.015217106896745065e+02
1.455091338952685760e+02 5.656070395873327072e+01 1.015736986001457751e+02
1.454641626105692467e+02 5.655946643740705326e+01 1.015704185678928013e+02
1.452275771014500378e+02 5.638139285895460517e+01 1.014430766889429378e+02
1.450603715500922419e+02 5.624230453971415500e+01 1.013464218679496724e+02
1.451673804330123119e+02 5.636373648672100956e+01 1.014799380037859891e+02
1.452244212218220127e+02 5.638855900186629100e+01 1.015160837723174296e+02
1.452340223581522878e+02 5.638888740558392954e+01 1.015151279306026879e+02
1.452051695551064086e+02 5.633957478393438123e+01 1.014472698437278950e+02
1.450771455042064986e+02 5.627437196126437868e+01 1.013756084146110226e+02
1.448794771706017173e+02 5.614072099300740604e+01 1.012210330566376228e+02
1.448469358331174988e+02 5.612536344679726596e+01 1.011816566499082910e+02
1.447856311358763719e+02 5.608442511994745416e+01 1.011330448898512628e+02
1.446123661354358205e+02 5.594259609813664014e+01 1.010240669195998322e+02
1.443181043896630342e+02 5.571955790985718693e+01 1.008259233350865998e+02
1.441189155201460892e+02 5.556086148571977645e+01 1.007270497865375773e+02
1.438759034439671041e+02 5.539107008882920269e+01 1.006435190994796329e+02
1.433635696149132741e+02 5.497677945420904422e+01 1.003032634785696615e+02
1.429942062108351877e+02 5.468459893362239654e+01 1.000367037878565384e+02
1.424019234312047502e+02 5.422719396377947021e+01 9.964912065232192617e+01
1.417433097754839935e+02 5.374771519120839258e+01 9.916551146876560097e+01
1.408564008020526614e+02 5.325441809798178383e+01 9.849231588699707629e+01
1.404807536731822211e+02 5.308819642280243301e+01 9.819591818208517964e+01
1.401926755291171389e+02 5.300152587580999608e+01 9.798706276248935865e+01
1.397319104285535047e+02 5.275537660964545950e+01 9.774139942702896633e+01
1.392754906698634727e+02 5.245450807526052017e+01 9.743182685915218144e+01
1.386055417459863861e+02 5.223847182803392997e+01 9.709621694936976155e+01
1.367888137149936369e+02 5.128789658753827752e+01 9.608929510678460417e+01
1.364075543534852102e+02 5.108807093520300668e+01 9.584146377279802209e+01
1.359074528954261041e+02 5.072899617930308835e+01 9.547785010372751913e+01
1.358111892219501726e+02 5.056882460838524196e+01 9.536313174328975606e+01
1.358017522874787346e+02 5.048833499315158235e+01 9.533648431805499968e+01
1.358683194540488444e+02 5.050246169290781495e+01 9.539410448578118462e+01
1.360593129153439236e+02 5.060051156221381774e+01 9.550844905336960267e+01
1.361259762000752858e+02 5.060699686814991338e+01 9.554021877561481801e+01
1.363577531311825908e+02 5.083503854071271633e+01 9.568431992395984764e+01
1.366056445390199769e+02 5.107570506676207600e+01 9.585046817554379572e+01
1.366622875054400197e+02 5.113673742921297816e+01 9.591494477210650871e+01
1.367428492092946328e+02 5.120430716160399953e+01 9.592562590277647416e+01
1.368071976483089998e+02 5.125117544501373601e+01 9.600643724685546943e+01
1.367451840796285580e+02 5.121029185211686752e+01 9.594230907862733204e+01
1.367563978651088519e+02 5.118109596063427347e+01 9.599470415630949560e+01
1.371253447571548065e+02 5.146254061659800527e+01 9.630009024427363329e+01
1.374779488918377126e+02 5.173318532916465529e+01 9.656332050867867167e+01
1.375493580107812477e+02 5.176481220914244119e+01 9.662854602591453101e+01
1.375848603216220454e+02 5.174870440728469134e+01 9.665516274673665009e+01
1.377050694320217588e+02 5.178727448943901379e+01 9.674726797476364482e+01
1.378434048256656865e+02 5.189752469035267524e+01 9.687771900923534929e+01
1.378005054213312803e+02 5.186328393037841522e+01 9.688118860786192954e+01
1.377362517655037379e+02 5.178762959264589227e+01 9.684560486357895570e+01
1.376200769479279984e+02 5.169454983326168929e+01 9.676829382253917800e+01
1.375486931934992185e+02 5.161304697241141781e+01 9.671310597828264122e+01
1.375575187096670788e+02 5.156890604182741811e+01 9.669267419414266840e+01
1.376131230659557616e+02 5.162523128432552966e+01 9.676720314840376602e+01
1.376926248000875717e+02 5.170382256587431158e+01 9.679118596461249524e+01
1.377436622087419380e+02 5.173225351699021957e+01 9.684672757710144708e+01
1.376597296943709523e+02 5.168161259575104083e+01 9.678308400460299765e+01
1.375335372284328059e+02 5.161149439711218179e+01 9.671602823737981680e+01
1.374641505957991114e+02 5.155452035702556657e+01 9.668014145389398095e+01
1.375277581239870983e+02 5.160934375325400225e+01 9.676247066393619889e+01
1.375053172032818907e+02 5.160547499726330045e+01 9.675875676498309019e+01
1.374642707435006628e+02 5.157531925914257442e+01 9.673210399985048014e+01
1.374771599219307063e+02 5.161764462445833601e+01 9.671513513946477758e+01
1.375057777694712797e+02 5.163759047789415746e+01 9.678938241411441368e+01
1.375183465540304155e+02 5.165458069787124629e+01 9.679900357506160447e+01
1.373537588875924769e+02 5.150823679243016073e+01 9.664917271632593554e+01
1.370979243817065765e+02 5.134326865827056707e+01 9.641006544044812188e+01
1.369428403984631757e+02 5.125552078688734525e+01 9.627741970796098769e+01
1.368331762513383012e+02 5.124798752599862439e+01 9.619181714053810595e+01
1.368618515027807518e+02 5.121356120457415528e+01 9.619248462776907616e+01
1.366820918515828680e+02 5.109992283847609684e+01 9.605234701860153734e+01
1.364040847548586441e+02 5.094411663404878965e+01 9.583419750680170068e+01
1.364016257318997418e+02 5.096769762294447048e+01 9.590956749497382816e+01
1.366092262755013564e+02 5.115541772685888589e+01 9.611172134277070711e+01
1.367198769687535957e+02 5.127788027415035543e+01 9.622609928472068930e+01
1.367659749718987996e+02 5.133455127503410864e+01 9.626993317117843674e+01
1.368074152491462883e+02 5.127329463687359379e+01 9.627648255588870541e+01
1.367291483663917404e+02 5.117310213355618487e+01 9.622990262696274044e+01
1.365605971607763252e+02 5.096311599059109909e+01 9.611295619414801195e+01
1.364324623069960580e+02 5.084719081323974166e+01 9.600658676399520175e+01
1.365552132087713062e+02 5.097691028170631000e+01 9.614676709234552732e+01
1.368159177014943566e+02 5.122590437844924338e+01 9.631585495769465410e+01
1.371271910268356464e+02 5.152742705032052584e+01 9.655329885539289592e+01
1.372216378000688906e+02 5.161133019525336607e+01 9.663492453389366688e+01
1.371464693930405190e+02 5.154740761309236063e+01 9.656969901665780753e+01
1.371833440576281760e+02 5.152866991154458987e+01 9.663532102130886869e+01
1.372745868921527403e+02 5.154497528962271247e+01 9.671698941899241220e+01
1.373077663474297765e+02 5.152732158733803658e+01 9.677727152579571168e+01
1.372147680214877425e+02 5.142841733437639107e+01 9.669239518448011950e+01
1.372431762780377937e+02 5.144148406440984900e+01 9.672326246398905880e+01
1.374060231377773675e+02 5.160951329501066454e+01 9.685877171669706343e+01
1.376327191560825440e+02 5.185094743137563711e+01 9.697085216759803927e+01
1.379029113123065997e+02 5.207970465025004358e+01 9.717712040668662610e+01
1.379705117491102442e+02 5.216272137214014748e+01 9.719580737920483671e+01
1.380225624033812153e+02 5.217940588296546167e+01 9.723191042855350474e+01
1.380785405525192289e+02 5.223188639901318453e+01 9.725911186818996157e+01
1.381001137398241667e+02 5.220202569024854711e+01 9.736293550204383962e+01
1.379052875668488412e+02 5.197598781435311110e+01 9.720524831859967207e+01
1.377076232381674572e+02 5.178840521280827858e+01 9.703368274064916932e+01
1.374691567500313738e+02 5.165478227901500219e+01 9.683564995901627981e+01
1.374195784684638966e+02 5.160676858751691753e+01 9.684648194180044811e+01
1.374636646650949672e+02 5.165758305543614881e+01 9.688693166799718881e+01
1.374209882014957032e+02 5.162653154945145673e+01 9.684768875871404248e+01
1.373264519849735166e+02 5.155454038164249653e+01 9.679520957764077593e+01
1.374736289144788657e+02 5.167272700573238353e+01 9.692565660718911147e+01
1.380357599609119461e+02 5.209404761586910837e+01 9.735485089670234515e+01
1.389849161235545694e+02 5.279085355597147355e+01 9.798313793757125723e+01
1.399691781096227601e+02 5.348465713850894332e+01 9.866693989143988119e+01
1.403660499974635627e+02 5.382555621710956473e+01 9.897892609314384060e+01
1.404219694077252427e+02 5.391473785106490624e+01 9.905126034938952273e+01
1.406093304035093752e+02 5.404381920173867115e+01 9.920791693254908239e+01
1.419067213294209751e+02 5.481307821081382770e+01 1.000818245896956000e+02
1.433482414381412866e+02 5.581356814644135511e+01 1.011170932800055482e+02
1.437221918144705910e+02 5.613130808807627403e+01 1.013598984351429380e+02
1.436031241072358284e+02 5.603577865055441265e+01 1.012614187040601905e+02
1.434981283658043481e+02 5.564776298329412896e+01 1.010641602076152310e+02
1.434821607362651150e+02 5.548153596821692446e+01 1.010442811029025023e+02
1.433258352267721136e+02 5.523474991923404787e+01 1.009446412790123304e+02
1.430631429570752289e+02 5.497755774432035025e+01 1.007182976939651127e+02
1.427474855756009333e+02 5.470398943768205413e+01 1.004740721260002232e+02
1.425514525857120418e+02 5.451394781317833349e+01 1.003323619169165255e+02
1.426047274115646246e+02 5.465943199506593686e+01 1.004747382782567371e+02
1.429286869992177174e+02 5.504035227306101774e+01 1.008222147760313305e+02
1.429493604137352918e+02 5.512820427245226540e+01 1.008585714705277638e+02
1.427594189123162209e+02 5.495152440733808419e+01 1.007120166391216998e+02
1.426515329511746302e+02 5.482217739674639745e+01 1.006529587038999978e+02
1.424297709984807909e+02 5.460670317376828820e+01 1.005126034938951562e+02
1.421030960727721322e+02 5.429351949997196414e+01 1.002975644725916453e+02
1.417134824410809131e+02 5.410819701019119776e+01 1.000560822771460323e+02
1.416992409335209402e+02 5.405725972462146700e+01 1.000285764633322572e+02
1.417121514715423416e+02 5.405549622335724536e+01 9.999609252974990170e+01
1.416199527953030213e+02 5.410707963656655295e+01 9.991090513938468121e+01
1.414049645030290492e+02 5.402963376310611210e+01 9.976399253482280471e+01
1.413328438426972866e+02 5.404607797852827389e+01 9.974051567393516393e+01
1.411178595553467119e+02 5.389970336867455813e+01 9.959488597983120428e+01
1.408098408977436122e+02 5.368514093325394754e+01 9.935604569884577586e+01
1.408737514651344611e+02 5.380213809509824330e+01 9.936827673486605761e+01
1.410316135302331588e+02 5.400440408074993570e+01 9.947340730871817982e+01
1.409773014292236724e+02 5.397567009043117281e+01 9.942198409244430479e+01
1.408846475266928167e+02 5.388195087827969587e+01 9.933073725299635726e+01
1.408450081299944827e+02 5.386459487530003543e+01 9.929379450471112989e+01
1.408845113592977043e+02 5.388699441179690552e+01 9.938583698893840790e+01
1.409268821137451653e+02 5.395880402307903978e+01 9.947814379810914431e+01
1.409231214906858725e+02 5.398508032541337798e+01 9.956769521999044059e+01
1.410021693335006603e+02 5.401519067440239752e+01 9.963114522119191463e+01
1.410567070451942300e+02 5.406932522380846962e+01 9.965571008626605476e+01
1.412019883109635998e+02 5.414500893097915224e+01 9.975265726666648902e+01
1.414228117766107005e+02 5.432379672076873334e+01 9.991673897778335345e+01
1.415605824760572204e+02 5.442863627018815009e+01 9.999486568821937738e+01
1.414386192092145222e+02 5.432031644234645995e+01 9.993795572690694939e+01
1.413322804834743636e+02 5.419348318866659753e+01 9.979747369432823234e+01
1.414036402083628161e+02 5.422331719794200211e+01 9.984592525744982083e+01
1.417947036223197017e+02 5.453375616424457917e+01 1.001102889151730579e+02
1.420884740974905185e+02 5.472508069920622376e+01 1.003825022227324837e+02
1.421652404689498326e+02 5.474756166914527000e+01 1.004066492408000215e+02
1.421200582582855247e+02 5.471359858385908836e+01 1.003578679389863311e+02
1.419804466290559901e+02 5.465135673454566501e+01 1.003258071923084174e+02
1.420854210108960558e+02 5.473243240356811867e+01 1.004322286864652227e+02
1.422171976750084639e+02 5.484000064078774273e+01 1.005763778938908928e+02
1.422962415128998543e+02 5.489813877860516556e+01 1.006532377135625325e+02
1.423424650036444916e+02 5.491866401095747108e+01 1.005892003235978081e+02
1.422759485661039207e+02 5.483467008776121787e+01 1.005343195234675164e+02
1.422354280862606970e+02 5.478638539644736483e+01 1.005139731776931171e+02
1.421865640160303599e+02 5.471930693465834139e+01 1.004485821236239786e+02
1.421766918798843449e+02 5.477477378857742707e+01 1.004543505482740073e+02
1.421164071031321043e+02 5.470959499544773763e+01 1.004383281847818239e+02
1.421591836898160182e+02 5.477636107321266934e+01 1.004323087849329426e+02
1.421774701699956438e+02 5.478256870446068660e+01 1.004037163019071386e+02
1.419844782519310513e+02 5.469753083123519843e+01 1.002531472022940164e+02
1.419738251557247679e+02 5.466894101815832130e+01 1.002486296487148252e+02
1.421029719201471551e+02 5.480844184450751300e+01 1.003666961251031324e+02
1.422782754265910796e+02 5.493539791583786780e+01 1.005839845783750093e+02
1.424387179973247157e+02 5.509152317916158381e+01 1.008020660064772898e+02
1.423631384181620660e+02 5.502963509808057552e+01 1.008053994377087577e+02
1.422219675387609925e+02 5.487303725379733521e+01 1.006953601627600818e+02
1.419926309409700877e+02 5.466780228494229021e+01 1.004436307033446383e+02
1.419682022432910742e+02 5.465728936105452362e+01 1.003718157521646646e+02
1.420885889052942446e+02 5.477465898077370099e+01 1.004850309313582812e+02
1.420958618461628760e+02 5.477675222073001748e+01 1.004995394338106252e+02
1.420971260669783476e+02 5.476220233406935023e+01 1.004824931449061438e+02
1.422731357749126175e+02 5.487945447603587468e+01 1.005907715885395106e+02
1.424067520338335839e+02 5.506703574260624379e+01 1.007621889843247232e+02
1.424730855798728442e+02 5.511197231796955975e+01 1.008183927441468057e+02
1.423399419019114305e+02 5.501189862737926006e+01 1.006680359054731326e+02
1.421897292404796360e+02 5.483364082245106630e+01 1.005053465727200575e+02
1.421393619890051525e+02 5.478956931053908619e+01 1.004565011921321940e+02
1.421654407151191322e+02 5.480149730735651303e+01 1.004605047805435447e+02
1.422640432638523578e+02 5.489957654610067550e+01 1.005202328729451438e+02
1.421975949100093715e+02 5.485387903529405662e+01 1.004642747484240601e+02
1.421893674624004404e+02 5.481294471336763507e+01 1.004618944889584213e+02
1.421817621128907945e+02 5.481851823174622496e+01 1.005120668341614589e+02
1.423059881614464643e+02 5.499055238573286175e+01 1.006987376481487928e+02
1.424625259318789290e+02 5.514000411172134619e+01 1.008218690176456960e+02
1.423071429143560351e+02 5.500810596493288784e+01 1.007166810398917107e+02
1.422208368153917206e+02 5.495736892553245667e+01 1.006480526727523710e+02
1.420976453720440418e+02 5.489800261121004610e+01 1.006097469155415070e+02
1.416647425234755246e+02 5.458087942777654433e+01 1.003056210434694435e+02
1.412876349325437388e+02 5.433247939466917842e+01 9.998348236098243547e+01
1.413622973842510362e+02 5.439400836761992508e+01 1.000223701670587104e+02
1.415278382224548182e+02 5.454819124310152034e+01 1.001599432902848577e+02
1.415943613348676706e+02 5.463593777951027874e+01 1.002156504396070886e+02
1.415349469614646409e+02 5.458518205046737393e+01 1.001500204251092612e+02
1.415149957681309445e+02 5.455253791994959300e+01 1.001123220812785917e+02
1.415238599985582368e+02 5.457305380748066170e+01 1.000786166460635656e+02
1.415618987608767156e+02 5.460788863109048918e+01 1.001102101516797944e+02
1.415664363390728226e+02 5.462354387660563759e+01 1.001247974176254019e+02
1.416111633234456235e+02 5.467806423363121127e+01 1.001814804332793045e+02
1.417809493804383578e+02 5.481946873356312722e+01 1.003505135646755093e+02
1.419195397542044930e+02 5.497026077391139154e+01 1.004485527541858119e+02
1.419224673531995222e+02 5.496305858668923605e+01 1.003873802194164000e+02
1.419067306742421977e+02 5.488929323782036107e+01 1.003963245483113838e+02
1.417962054685893918e+02 5.477229874592499215e+01 1.003520407754599688e+02
1.419207225415777884e+02 5.482476991715148529e+01 1.004785896795794287e+02
1.422728794598159254e+02 5.506659653600826942e+01 1.007928947319237807e+02
1.424027190759840664e+02 5.516605213342268854e+01 1.008319988038628878e+02
1.424848987688865520e+02 5.519047816115277527e+01 1.008541153257738188e+02
1.423808989184036875e+02 5.513644907472919954e+01 1.008078290912294790e+02
1.423431004514883682e+02 5.510896729045573039e+01 1.007578396375277379e+02
1.424967106229257752e+02 5.522456272911499298e+01 1.008827158186463890e+02
1.425723489409647584e+02 5.528697145023615889e+01 1.009595769732924992e+02
1.425928982028573841e+02 5.530483741346028381e+01 1.009433877379925661e+02
1.424920809314917847e+02 5.519997249952608342e+01 1.008710401320022783e+02
1.422523795919784106e+02 5.497527360301597099e+01 1.007512141592731325e+02
1.419936775609482709e+02 5.471527397680882387e+01 1.005066708673863047e+02
1.420293173741586372e+02 5.474912225429127233e+01 1.005280371336496330e+02
1.421267050961315022e+02 5.484259850109067713e+01 1.005969204809111943e+02
1.420436336402884479e+02 5.487750140839806079e+01 1.005917100755862492e+02
1.422197060920224487e+02 5.508930044668245785e+01 1.007358178988035888e+02
1.425146446698474563e+02 5.535850872672805423e+01 1.009979347945073869e+02
1.425468228942780229e+02 5.537277693377725996e+01 1.010458203284571113e+02
1.426724333113507441e+02 5.548280552893022843e+01 1.011244877035502299e+02
1.431948328478476071e+02 5.588442458595766738e+01 1.014665802493198328e+02
1.435686564016030502e+02 5.619956800226411531e+01 1.016595468028696558e+02
1.438257764878957801e+02 5.635941383941325000e+01 1.018020459818603740e+02
1.444503135855011067e+02 5.680488814248983687e+01 1.022860156085214101e+02
1.450005433346060215e+02 5.726256945204638527e+01 1.026826965950141357e+02
1.453337089061486154e+02 5.751070249026135883e+01 1.029369544960604941e+02
1.451510937445766558e+02 5.729554866115411471e+01 1.028140126929371831e+02
1.447892969757488402e+02 5.695592848808801989e+01 1.025240856092422916e+02
1.447528174636019287e+02 5.692547238071335869e+01 1.024951780722434762e+02
1.446872421830570374e+02 5.687202133823179651e+01 1.025033147415889943e+02
1.445676298062417970e+02 5.672687089995968535e+01 1.023620250494607973e+02
1.445863114388621682e+02 5.671458646496092371e+01 1.023093069079588560e+02
1.446067672525424541e+02 5.669287310533749746e+01 1.023072817517000885e+02
1.449421769161556028e+02 5.701200409036174932e+01 1.026007304980255697e+02
1.455769025388544264e+02 5.753320348481733504e+01 1.030901174510531604e+02
1.457653021447699757e+02 5.771675713343604031e+01 1.032350849978239893e+02
1.456364410648824332e+02 5.763016668491131611e+01 1.031525608815103396e+02
1.451757507228886652e+02 5.728436424511198766e+01 1.028080346772966180e+02
1.447688398270940979e+02 5.694868224670862134e+01 1.024825946029652499e+02
1.446760564320404683e+02 5.684697054245352632e+01 1.024309177415436096e+02
1.448071696138452751e+02 5.690601379295613782e+01 1.025491057006079529e+02
1.450057430601352735e+02 5.697855764019234215e+01 1.026564336424244175e+02
1.450977054458948317e+02 5.702961907838702871e+01 1.026969621321144075e+02
1.449482670696509672e+02 5.686320249693623197e+01 1.026186778946918707e+02
1.449028739330216524e+02 5.683959614352577461e+01 1.026030226491767223e+02
1.448309334942422595e+02 5.680827630767423386e+01 1.026193881011056277e+02
1.447698303781448601e+02 5.677609407832028410e+01 1.026136223464045116e+02
1.447930175495742731e+02 5.680493620157046308e+01 1.026365905820221656e+02
1.447351797810107996e+02 5.676316618563086536e+01 1.025662841519841777e+02
1.446976082597539914e+02 5.671291774688350529e+01 1.025301437233505766e+02
1.446313387924888900e+02 5.665948272409548991e+01 1.025137008429028782e+02
1.445044454649582519e+02 5.650015485703758600e+01 1.024144521665300545e+02
1.444194409660943279e+02 5.641180758212095725e+01 1.023452911445804006e+02
1.443528230704946509e+02 5.633863229196425237e+01 1.023005561503608476e+02
1.443876138399472495e+02 5.635878640141613971e+01 1.023371464653881162e+02
1.444410595425309509e+02 5.644361468365109857e+01 1.023681325576241790e+02
1.443794157617764711e+02 5.641567633811165194e+01 1.022532660150211257e+02
1.442478687132715152e+02 5.633115776995185797e+01 1.021186805646407976e+02
1.441344038938535164e+02 5.626133593564355095e+01 1.020114687656025154e+02
1.440657514971738635e+02 5.622703510181850106e+01 1.019895084357036268e+02
1.439647379845623618e+02 5.618461628829040677e+01 1.019402331933390116e+02
1.439630345571489158e+02 5.628117766107134656e+01 1.019670608401261234e+02
1.440021573187304966e+02 5.634076291120550906e+01 1.019739760078389708e+02
1.439478518925932917e+02 5.634015816777424845e+01 1.019602618151914726e+02
1.437968088770461748e+02 5.623405840246275744e+01 1.018654425840833682e+02
1.436759376193133448e+02 5.606209500212261077e+01 1.017821161481180923e+02
1.438012142927705668e+02 5.619336838086287145e+01 1.019568402756455328e+02
1.439081991461503378e+02 5.632723961990607364e+01 1.020589765017795258e+02
1.439335596560037800e+02 5.638427106389454480e+01 1.020902108992655002e+02
1.438694301528011863e+02 5.628908471480940534e+01 1.020522896146996743e+02
1.437542846005355841e+02 5.624881521016502717e+01 1.019408766510296687e+02
1.438021928290511937e+02 5.632671230499360604e+01 1.019202713202096504e+02
1.438319654295013379e+02 5.637869888049041833e+01 1.019506126197805855e+02
1.438614830498292463e+02 5.645442797679280744e+01 1.019719334969122002e+02
1.439104712726845605e+02 5.649354539847652745e+01 1.020307898509901463e+02
1.438100878680190817e+02 5.633598770755515517e+01 1.019436760924763519e+02
1.437046515850151707e+02 5.621151468872400159e+01 1.018081975441809846e+02
1.437803499769049438e+02 5.627570560075185568e+01 1.018800779091096018e+02
1.440648677440800611e+02 5.650045389131705775e+01 1.021044257073362189e+02
1.442848475058672193e+02 5.668827411831611585e+01 1.022556115651507582e+02
1.441710155684721713e+02 5.653198198318466439e+01 1.021765930917741514e+02
1.440858335180047902e+02 5.642971759950231814e+01 1.021044217024128358e+02
1.440760935443304902e+02 5.644022918841562841e+01 1.021532550682305498e+02
1.441274193074686423e+02 5.647082012821094565e+01 1.021829008461068184e+02
1.440512990636489121e+02 5.643609477250700479e+01 1.021178128312405420e+02
1.440065373699401050e+02 5.636703387364200069e+01 1.021313628220292173e+02
1.439463807507362390e+02 5.634943891023364415e+01 1.021598698666894478e+02
1.440056723064887763e+02 5.638529899423024006e+01 1.022145904698843140e+02
1.440562838582897882e+02 5.648451429624151388e+01 1.022071893714673223e+02
1.440435215024336628e+02 5.650637583803021613e+01 1.022124384910516710e+02
1.441409893228742476e+02 5.661291614491414492e+01 1.022732105334824979e+02
1.442393035171237159e+02 5.672740488974445583e+01 1.023663023076368574e+02
1.441776236920587735e+02 5.674355941570837558e+01 1.023204899890265125e+02
1.440310888852696110e+02 5.660922093560350277e+01 1.022372036022950823e+02
1.438865031411949076e+02 5.643684102323122431e+01 1.021074707840839011e+02
1.438191309850242590e+02 5.635960073583792251e+01 1.020611298155866251e+02
1.439225915058244993e+02 5.642069450711407796e+01 1.021368015079871583e+02
1.442707101263152936e+02 5.664179831739819093e+01 1.023780901321357675e+02
1.442995722741823954e+02 5.664772026411134931e+01 1.024145669743337805e+02
1.443103068038308550e+02 5.666773019632134378e+01 1.024272665863902034e+02
1.442230154937136035e+02 5.658884388541647326e+01 1.023475232218807633e+02
1.441807248377338624e+02 5.652357564899783426e+01 1.023490864769756996e+02
1.442750794977291946e+02 5.660353394439564312e+01 1.024294666243034726e+02
1.444427095709659170e+02 5.671009160594757503e+01 1.025867186060730631e+02
1.444516805993501407e+02 5.676135996518386406e+01 1.025664937429746999e+02
1.443985646354585128e+02 5.668411834281609885e+01 1.024477290749427993e+02
1.443025652869260682e+02 5.660481685485356707e+01 1.023363027615281737e+02
1.442398214872149538e+02 5.652459022958890955e+01 1.023146227762662903e+02
1.440871951919559706e+02 5.642592360208148961e+01 1.022364880559834859e+02
1.439437775505354580e+02 5.633756564736916772e+01 1.021345881203292549e+02
1.438842163299416086e+02 5.627535583744283088e+01 1.020664830631790068e+02
1.438455301050090895e+02 5.623010153815757661e+01 1.019873524519476007e+02
1.437932738646709652e+02 5.611882874680607358e+01 1.019486275127556780e+02
1.436940452129150856e+02 5.602761528171966177e+01 1.018507818945423509e+02
1.433955676177914711e+02 5.580355984290020643e+01 1.016839434611615900e+02
1.431432107203789315e+02 5.566606414819284510e+01 1.015170783282915750e+02
1.431460208416212936e+02 5.568783891664152463e+01 1.015558873708746006e+02
1.430912628591414943e+02 5.563913904827000323e+01 1.015150024430032687e+02
1.429406443654732755e+02 5.549647700239494696e+01 1.013667842334176186e+02
1.426129748837904856e+02 5.525747652447408598e+01 1.011024352604134720e+02
1.423298147856431513e+02 5.501298796654020151e+01 1.008516883422020101e+02
1.424990121188981789e+02 5.517044286442800427e+01 1.009813170324051725e+02
1.429040153361866317e+02 5.547600383404665791e+01 1.012854976384301722e+02
1.434178790459738480e+02 5.594093271995706829e+01 1.017337259938217358e+02
1.436026101420679879e+02 5.609030034255444974e+01 1.019147031417288929e+02
1.434371934564891831e+02 5.602743105524391609e+01 1.018456689423531287e+02
1.433293849238663995e+02 5.594995314239638873e+01 1.017373050603541884e+02
1.434066679304424952e+02 5.608216767813231485e+01 1.018336007732172135e+02
1.436055737853734797e+02 5.628030458777323730e+01 1.019974395189820058e+02
1.436856335388304160e+02 5.635292052363038096e+01 1.020757104066599226e+02
1.437487671510843938e+02 5.630937632663086845e+01 1.020711688235404040e+02
1.437637068502879458e+02 5.626561986869191401e+01 1.020534016484264725e+02
1.438204259102523395e+02 5.627456286261244145e+01 1.020814107476123951e+02
1.440874755365929900e+02 5.646284899569871385e+01 1.022793327263649417e+02
1.441914513575355272e+02 5.651388239942969705e+01 1.023401141136170054e+02
1.441924993124881382e+02 5.651120844558243306e+01 1.023486379255564884e+02
1.442671804538379092e+02 5.660244327026023825e+01 1.024153679590109505e+02
1.443438013130808883e+02 5.670377717674261220e+01 1.025106464213339592e+02
1.443536160453250545e+02 5.675814267673059277e+01 1.025465465545644150e+02
1.443544490693892897e+02 5.674563129607330580e+01 1.025333650167272310e+02
1.444663906829462405e+02 5.675418180750202168e+01 1.025977735295923736e+02
1.446201757360381634e+02 5.683096019373149232e+01 1.027268562152406020e+02
1.446487922486042805e+02 5.682794849134536008e+01 1.027126707766080500e+02
1.447664355380881602e+02 5.692026464533733332e+01 1.027751822907627712e+02
1.447512635533282150e+02 5.690474556721729726e+01 1.027807771687327687e+02
1.448666587458181993e+02 5.700396620912641765e+01 1.028376097015264037e+02
1.448387751342316960e+02 5.695400745983729252e+01 1.027726565190807833e+02
1.447655424401731068e+02 5.690928982028573557e+01 1.027124585156686010e+02
1.448243587450172072e+02 5.693521769428550527e+01 1.027272206632687102e+02
1.447160335772776705e+02 5.689404174198147501e+01 1.026410854410355142e+02
1.446904407818678351e+02 5.688594245192089716e+01 1.026639175092580416e+02
1.447205030717762497e+02 5.690106370765127508e+01 1.027118364175693301e+02
1.445248118353495954e+02 5.673446423469918898e+01 1.025731272310760716e+02
1.445152240487639403e+02 5.671439422863840463e+01 1.025877398615364484e+02
1.445789423798322844e+02 5.676907745254833060e+01 1.025970713330253972e+02
1.444701326163630597e+02 5.670519491962118508e+01 1.024992670990204005e+02
1.443704140289796385e+02 5.661347549921369904e+01 1.023894107155730069e+02
1.442593374788740164e+02 5.658046291574441966e+01 1.022695687231503285e+02
1.440910919824103757e+02 5.643049855956255811e+01 1.021160293053593904e+02
1.440899946334026538e+02 5.640027740769318854e+01 1.021356400802052633e+02
1.443115763645441518e+02 5.660206413751304666e+01 1.022860035937512464e+02
1.443851347923714172e+02 5.662396439356115252e+01 1.023553648618701857e+02
1.443839573448960039e+02 5.662246655221485270e+01 1.023462443163462297e+02
1.442577982533194074e+02 5.652531912564512595e+01 1.022537025516701874e+02
1.440334517900672608e+02 5.636566552481851033e+01 1.020892830920144547e+02
1.440685856479565530e+02 5.640417953804544027e+01 1.021179209641719581e+02
1.443126136397010839e+02 5.664919007099393866e+01 1.023502652594255835e+02
1.444263067397520786e+02 5.670781814443889601e+01 1.024314864406643864e+02
1.444909021490418866e+02 5.674275042118443935e+01 1.024765938927588280e+02
1.444513121463986352e+02 5.678173167547304701e+01 1.024458681205428547e+02
1.445947511474105625e+02 5.688780741124422491e+01 1.025896515449659461e+02
1.446733811432187338e+02 5.693111932268735842e+01 1.026744651424818215e+02
1.445881870779811891e+02 5.685811624423624977e+01 1.026330795991872691e+02
1.443783037280496728e+02 5.669375552345683644e+01 1.024773561631765944e+02
1.443953486819797263e+02 5.672308491238562311e+01 1.024923292367416963e+02
1.444773935424615274e+02 5.681333185596159296e+01 1.025373579253428886e+02
1.445495142027932900e+02 5.691035779985529075e+01 1.025516555018302540e+02
1.444589161609338532e+02 5.683259954237075107e+01 1.024192353800271746e+02
1.444842366215534355e+02 5.685820835747411905e+01 1.024075236490725871e+02
1.446762166289758795e+02 5.698602415235796315e+01 1.026132565634019471e+02
1.450297245413695180e+02 5.728737728247258332e+01 1.028712951121244998e+02
1.450765954947281955e+02 5.730114620907301770e+01 1.028803328892318234e+02
1.449416175618560487e+02 5.713385922427303854e+01 1.027450399023866652e+02
1.448839199656110566e+02 5.706468618755323519e+01 1.027291109871068215e+02
1.448850894032397036e+02 5.708838999409941550e+01 1.027308250943159464e+02
1.449922411284272243e+02 5.715736678957331662e+01 1.028308186864385334e+02
1.450299234525643612e+02 5.716890497384785164e+01 1.028399859560686593e+02
1.450439567041082398e+02 5.720514686054055886e+01 1.028424930381081879e+02
1.451895797233399037e+02 5.731862102477979448e+01 1.029401317352799055e+02
1.453405373005214472e+02 5.746505570848430011e+01 1.030665471419531798e+02
1.455341686713533136e+02 5.765838804503670190e+01 1.032466365318431514e+02
1.456213425037178979e+02 5.775345691636918843e+01 1.033588758447050964e+02
1.455960807819746492e+02 5.774360880976347232e+01 1.033451002432323520e+02
1.456391937822229465e+02 5.775332608887192265e+01 1.033789832300508067e+02
1.455278529071738944e+02 5.766559824210563079e+01 1.032799881988257624e+02
1.453022088487447263e+02 5.744227169934239186e+01 1.031303602562083057e+02
1.451403939242642309e+02 5.725131695230670204e+01 1.029673785640480759e+02
1.449567241328673504e+02 5.705597948411246989e+01 1.028180389759143907e+02
1.448861213384987821e+02 5.697732145384058811e+01 1.027523088383319276e+02
1.450755955988561823e+02 5.716206723465380435e+01 1.030059045920451553e+02
1.453912516453560215e+02 5.745982127361903480e+01 1.032907601077591409e+02
1.456401295993207725e+02 5.766637519724247340e+01 1.035389465449525943e+02
1.457538133545505161e+02 5.776135329031155408e+01 1.036329234071752268e+02
1.460381709247902222e+02 5.802233278777377024e+01 1.039133187732118699e+02
1.462840251615986631e+02 5.825281879857638501e+01 1.040536406088551473e+02
1.464244030661693330e+02 5.839467585485089529e+01 1.040955080779304751e+02
1.465542787266479650e+02 5.848523918737434713e+01 1.041806994732190788e+02
1.470106824656444360e+02 5.884676362141192385e+01 1.044729120331927987e+02
1.477610195466960761e+02 5.949161102048118011e+01 1.050365289062020224e+02
1.479238891010014925e+02 5.953244254937403213e+01 1.051374022464950286e+02
1.479469120705720968e+02 5.950896034858853056e+01 1.051166594133054275e+02
1.476517745815522460e+02 5.924648434475448511e+01 1.048680965133137022e+02
1.472032258322898315e+02 5.882897375173212851e+01 1.045418634641519304e+02
1.469370492792472760e+02 5.859194770104048189e+01 1.043352214322139986e+02
1.468462656759376159e+02 5.851434296561906478e+01 1.043048027041242705e+02
1.469684999425961109e+02 5.859178082923273934e+01 1.044420180541946195e+02
1.473505856532964629e+02 5.890359882415449277e+01 1.047589757007948492e+02
1.476056578887645969e+02 5.910838791153925342e+01 1.049037710358600890e+02
1.474479893949628604e+02 5.893740972235200815e+01 1.047948451296126677e+02
1.473871586136557141e+02 5.881395528903532011e+01 1.046915915298540369e+02
1.473838024878584179e+02 5.878071709488197172e+01 1.046596909801115487e+02
1.475692584750853769e+02 5.890067923500623692e+01 1.048018537455378549e+02
1.475673988556598886e+02 5.890997733213363574e+01 1.047856511604933019e+02
1.476724039419125916e+02 5.899815106037021195e+01 1.048545692170908836e+02
1.475244927764531724e+02 5.884146110284910236e+01 1.047703123039256212e+02
1.473407215269971857e+02 5.865535631803363259e+01 1.045972849289393025e+02
1.472645078349651158e+02 5.860245128010701166e+01 1.045665725064679492e+02
1.471228950790171268e+02 5.848261996748001934e+01 1.044274908620998019e+02
1.469054063795759646e+02 5.829953088997407207e+01 1.042723241104397687e+02
1.467404289005951341e+02 5.831814443889688704e+01 1.041895703785186527e+02
1.465693025292426057e+02 5.833321496559770480e+01 1.041132378737594735e+02
1.463244281636892197e+02 5.822536237881769239e+01 1.039311259975596613e+02
1.460183305343368829e+02 5.803404585370282120e+01 1.037122716192439214e+02
1.458235323958252820e+02 5.789600548941498914e+01 1.035349055772563105e+02
1.457337513583365194e+02 5.783634681568541680e+01 1.034535695882137816e+02
1.458217141606081100e+02 5.783183860692744815e+01 1.034984581044964642e+02
1.460641428529472137e+02 5.799051367147346525e+01 1.036370337935435231e+02
1.460704826466669601e+02 5.797589970603862497e+01 1.036939824691153689e+02
1.458537615575414179e+02 5.775832957315526528e+01 1.035453076982637270e+02
1.456873770154776935e+02 5.761023952111796120e+01 1.033761677689105767e+02
1.455293907977540471e+02 5.741797649910957091e+01 1.032950707402967367e+02
1.453933635749548046e+02 5.726999324502921951e+01 1.032854976384301722e+02
1.453866072692029263e+02 5.726070048779966726e+01 1.032851331904020640e+02
1.456477603133452021e+02 5.752026224238330343e+01 1.035029663132544329e+02
1.460076694282838332e+02 5.786035232645999571e+01 1.038639540875582981e+02
1.460448004079681823e+02 5.799107035582409253e+01 1.038826784393614560e+02
1.460525285751283491e+02 5.807296970408955872e+01 1.038610852274396024e+02
1.461066564496621254e+02 5.815757237564045568e+01 1.038529178536814612e+02
1.462027572562536761e+02 5.833231652778482612e+01 1.039806789146123691e+02
1.461620966040919711e+02 5.833953072977713816e+01 1.039517927372049400e+02
1.459372295007996456e+02 5.804133614923946283e+01 1.037956314295707472e+02
1.460185307805061825e+02 5.800086639842579928e+01 1.038040511135021973e+02
1.463914211871126838e+02 5.826584280942705618e+01 1.041417008642624609e+02
1.464371694269488557e+02 5.832856124462338698e+01 1.041756158904680092e+02
1.462142927705793056e+02 5.808601774448055011e+01 1.039816174016591077e+02
1.460255821156141280e+02 5.787959998825222385e+01 1.038025292426155914e+02
1.461127559479787124e+02 5.795564013360424127e+01 1.038617887589810351e+02
1.461041213331589006e+02 5.794747809974395381e+01 1.038173634788366542e+02
1.460882351370618153e+02 5.793210453384026692e+01 1.038155132042324027e+02
1.459760051690211071e+02 5.783900207989021425e+01 1.037403394573061775e+02
1.458597075337948752e+02 5.782191974667524903e+01 1.036400828752146026e+02
1.459439844715770676e+02 5.795585239454369031e+01 1.037440907355442334e+02
1.461543190428767218e+02 5.818963712724175252e+01 1.039167282979876603e+02
1.461650295429848541e+02 5.821870886609939078e+01 1.039483338183740528e+02
1.460492685674923052e+02 5.814137913541713942e+01 1.038213590574012386e+02
1.459986169664574334e+02 5.806210034202045733e+01 1.037838142356336704e+02
1.459097770859643504e+02 5.796642539228224678e+01 1.036652284541796689e+02
1.458153770368372761e+02 5.787806743756991779e+01 1.035813933929443920e+02
1.457620394671849908e+02 5.777715671799198560e+01 1.034857531525421876e+02
1.457599569070243604e+02 5.768071015301477189e+01 1.034829470362231945e+02
1.458612868085833441e+02 5.771371072171389471e+01 1.035815055307991912e+02
1.460545817658508270e+02 5.785985705093461462e+01 1.037521326217029412e+02
1.460055281292468976e+02 5.778007497216578514e+01 1.037016025033441053e+02
1.459542717847807580e+02 5.770892216831892085e+01 1.036692173578719434e+02
1.461454040834198906e+02 5.794596957860196085e+01 1.038302700119346724e+02
1.463419416936554001e+02 5.820227132554953897e+01 1.040332315192810313e+02
1.462369259276070181e+02 5.816419651892059051e+01 1.039830004352016743e+02
1.460240121856468818e+02 5.803635001962412332e+01 1.038132197181067937e+02
1.457760139798525643e+02 5.784223138311364210e+01 1.036177260579005122e+02
1.457051548703873323e+02 5.771110885648757716e+01 1.035518811125143230e+02
1.459035454251760200e+02 5.792178117632609968e+01 1.036918932340824284e+02
1.460967028800739058e+02 5.810314546682722181e+01 1.038659925935616855e+02
1.461676274032877814e+02 5.815192810361537568e+01 1.038781515409610279e+02
1.460129011932001788e+02 5.799790676004368351e+01 1.037421363329319490e+02
1.460425830153869242e+02 5.795630094596290149e+01 1.037718555344036275e+02
1.461366893701323590e+02 5.802855109881748064e+01 1.038866940425429704e+02
1.462491075695722031e+02 5.811857376668384489e+01 1.040273656414952796e+02
1.463758246804738690e+02 5.823119354726743779e+01 1.041235145071674708e+02
1.464591391016689954e+02 5.828181711383861341e+01 1.042067835392308979e+02
1.465421211142230788e+02 5.834353031326510575e+01 1.042871810412266882e+02
1.465937045274323793e+02 5.837627990676538303e+01 1.043305089723633614e+02
1.467182563097567822e+02 5.852292818638379401e+01 1.043748928682994261e+02
1.467620701715976281e+02 5.859803918951030255e+01 1.044133454727011099e+02
1.469088359289686707e+02 5.876071784246767038e+01 1.045357212466525567e+02
1.469202379458481005e+02 5.879724941861861964e+01 1.045818592990316063e+02
1.469215542306675673e+02 5.880635394444904307e+01 1.045552399082605604e+02
1.469542237257001318e+02 5.883869770571288882e+01 1.046211449274975394e+02
1.473118794037470138e+02 5.916558222241208398e+01 1.049189163211307800e+02
1.475289903054154479e+02 5.935076053495096460e+01 1.050783136068607035e+02
1.477087018975327055e+02 5.949838468090105437e+01 1.051737349114511488e+02
1.478923316396957262e+02 5.962874894203273612e+01 1.053450401693815621e+02
1.480227933539631522e+02 5.970082421323279931e+01 1.054285107825887309e+02
1.478657950173413269e+02 5.953307933219237214e+01 1.052978648418455805e+02
1.474603365737613387e+02 5.912880901588352600e+01 1.049176854746768726e+02
1.471056218444541059e+02 5.875793575568899030e+01 1.046003820696910083e+02
1.466881646504102434e+02 5.834837627056194265e+01 1.041973586195296093e+02
1.468203831910695669e+02 5.843454887208007875e+01 1.042468247632422731e+02
1.470216639655683366e+02 5.859283278910874770e+01 1.043739583861760707e+02
1.468837824632414879e+02 5.839868478316009970e+01 1.042305580994235612e+02
1.467227832081572387e+02 5.828113093696517666e+01 1.041483223375936831e+02
1.465834065344330099e+02 5.819439497622410329e+01 1.041149426361473758e+02
1.463397870448738445e+02 5.801132458836062256e+01 1.039593300030170440e+02
1.462950907649136809e+02 5.799515404270316310e+01 1.039440512203001532e+02
1.462034514429738863e+02 5.797847620675016600e+01 1.039282197581560325e+02
1.462492704364565554e+02 5.806128467262421111e+01 1.040178152341945719e+02
1.461418463764788100e+02 5.801267424754164637e+01 1.039243336474973205e+02
1.461368055129105414e+02 5.806386250831021556e+01 1.038493267723788449e+02
1.461975041317459727e+02 5.816432200652001683e+01 1.038620517489500372e+02
1.462723895241884122e+02 5.826012377883211002e+01 1.039608171645676435e+02
1.463390234394815934e+02 5.832100662414327985e+01 1.040842889525523418e+02
1.462406198019431827e+02 5.821146929959230221e+01 1.040339871148264876e+02
1.461208832725029936e+02 5.805447096297047693e+01 1.039916337150470298e+02
1.462612451573801309e+02 5.817366015288127556e+01 1.041073920205906518e+02
1.464898688788083518e+02 5.835405658689749231e+01 1.042539468519967158e+02
1.464460323224016634e+02 5.830814014027911441e+01 1.042163633159697724e+02
1.464215742552844972e+02 5.832287158346660760e+01 1.040979897954552200e+02
1.464256779667804835e+02 5.834694651291320611e+01 1.040479629624685316e+02
1.464919260744541987e+02 5.840775326468004636e+01 1.041328179441927233e+02
1.468648298308053484e+02 5.874204421969407974e+01 1.044624685279770659e+02
1.471455923148190266e+02 5.900051263019338421e+01 1.046414739186039355e+02
1.471730554094500292e+02 5.894769036068340284e+01 1.046935432625173945e+02
1.472543486793097713e+02 5.899998798522984345e+01 1.047636174069990034e+02
1.474863258565863759e+02 5.924229252494399844e+01 1.050063651582345159e+02
1.476278825436069440e+02 5.933596100806591522e+01 1.051430678781114949e+02
1.477515238733483045e+02 5.935492966019560157e+01 1.051421560905539820e+02
1.476672189011024159e+02 5.921524460737066420e+01 1.049977318783891604e+02
1.476523593003665837e+02 5.916287756415219690e+01 1.049635658769847737e+02
1.479096996574455432e+02 5.935737800335879655e+01 1.051497414154467265e+02
1.480056843212589399e+02 5.947059451752687664e+01 1.052374492375960813e+02
1.478671446765223436e+02 5.938773398764881506e+01 1.051141710209083726e+02
1.475866078031927202e+02 5.913069800474716686e+01 1.048691658278577137e+02
1.477573483669257541e+02 5.932384477984935955e+01 1.050060994983166012e+02
1.478596835042545763e+02 5.943809856917437173e+01 1.051103249594835205e+02
1.478502412298852846e+02 5.945828738796226531e+01 1.051139120358627537e+02
1.478998008218102882e+02 5.952626428756418164e+01 1.051786476174710714e+02
1.480563212375747355e+02 5.965831996133913862e+01 1.052377789762881832e+02
1.480185614849187914e+02 5.963275653536747711e+01 1.051905222153100254e+02
1.479118262717634309e+02 5.953599892134063509e+01 1.050807592800749717e+02
1.478710908610318313e+02 5.947699572007187641e+01 1.050232886294885191e+02
1.480114687656025012e+02 5.963357487471265017e+01 1.051515609856383406e+02
1.482816836163924279e+02 5.984094446773233500e+01 1.053936906436979797e+02
1.482582828490490954e+02 5.980044534748050467e+01 1.054167149482430403e+02
1.480361724680206805e+02 5.955008156693962462e+01 1.052068436130816877e+02
1.480182317462266894e+02 5.953365203623654622e+01 1.051850821943776282e+02
1.481681026541962183e+02 5.965076267091010465e+01 1.053461535380828167e+02
1.483468557346498073e+02 5.981893207382942990e+01 1.054937269550033534e+02
1.483319761092970168e+02 5.978617981038022577e+01 1.054741535594424136e+02
1.480224395857307229e+02 5.953658898005281230e+01 1.052424674065985073e+02
1.479020382390084762e+02 5.940078736793765302e+01 1.050995744101415283e+02
1.479313823126563534e+02 5.941174617329570395e+01 1.051336149239465101e+02
1.479232389684385396e+02 5.942586486320517025e+01 1.051269133521475680e+02
1.476947060252737458e+02 5.922241876012911632e+01 1.049880132643062609e+02
1.474483925572503722e+02 5.901228310002429822e+01 1.047606510937445705e+02
1.472699118115870363e+02 5.884779288672207542e+01 1.046382499552783543e+02
1.471624196679117631e+02 5.875475584652065919e+01 1.046056071597350297e+02
1.469980682919535866e+02 5.863525961248361540e+01 1.045326961945218045e+02
1.469683530954052912e+02 5.861805579659261412e+01 1.045326014113349942e+02
1.470806805165817082e+02 5.870915178392637301e+01 1.046566792777254165e+02
1.471997669134589444e+02 5.879312835245461599e+01 1.047833670191889297e+02
1.471721489617903558e+02 5.877175808126790457e+01 1.047317008375629825e+02
1.470309700725425159e+02 5.864924747489580170e+01 1.046336309436400427e+02
1.469688804103177517e+02 5.858775588122999523e+01 1.045913336127879916e+02
1.471136890951275973e+02 5.871665167045354394e+01 1.047108765709311911e+02
1.472179959897367212e+02 5.882390084877676628e+01 1.047891487935835784e+02
1.471572880260800673e+02 5.878261409359239309e+01 1.047059758796814180e+02
1.469732404369104302e+02 5.864981083411874607e+01 1.044975836962238844e+02
1.467938038495323667e+02 5.849527953030258232e+01 1.043407829358224319e+02
1.470231524620934067e+02 5.876045351752421197e+01 1.045242217766374182e+02
1.470802466498815875e+02 5.881150294094874198e+01 1.045631442920496994e+02
1.471632353373080093e+02 5.885993180950448078e+01 1.045976627267120449e+02
1.470277407693190810e+02 5.875596132845978303e+01 1.044973207062548823e+02
1.468561137825433320e+02 5.857388416159599132e+01 1.043655560569126379e+02
1.470933360744809022e+02 5.878526668784826370e+01 1.045709605675243381e+02
1.471938743361839386e+02 5.889153999983980015e+01 1.046380790785472215e+02
1.471541174617329659e+02 5.889223819148339345e+01 1.045891055404110119e+02
1.469009222003583091e+02 5.867208621799065327e+01 1.043733696624383640e+02
1.464096369136458407e+02 5.827024956012591161e+01 1.039348078571256906e+02
1.460888719198801766e+02 5.798946972144423029e+01 1.036915301210287907e+02
1.460503619115766298e+02 5.795337067701894540e+01 1.036559757461839695e+02
1.462161016609752267e+02 5.814140983982976252e+01 1.037477472305954791e+02
1.463220051850408083e+02 5.829656858164303657e+01 1.038737261006196917e+02
1.465250721553696565e+02 5.850099455597414533e+01 1.040529023679776941e+02
1.466531496052480463e+02 5.862140391254315119e+01 1.041628081454801702e+02
1.465552345683627209e+02 5.851594359999893413e+01 1.041053001156087845e+02
1.464419112562376597e+02 5.836736895223194210e+01 1.040359108130261490e+02
