1.296340181965124998e+02 4.917771454925824770e+01 8.622026657182388476e+01
1.294459215436240527e+02 4.901552038469156258e+01 8.603626724266305814e+01
1.293945271668177384e+02 4.896409709240376174e+01 8.598485551656784764e+01
1.285882435435344178e+02 4.819881273032988389e+01 8.519398673646864495e+01
1.283657952986318662e+02 4.821405552639911463e+01 8.510900558213370459e+01
1.273969936573891317e+02 4.844397408594548438e+01 8.420511919684358304e+01
1.262668407378652518e+02 4.825752706127624236e+01 8.264898918705569031e+01
1.259225469912718580e+02 4.802597766857364547e+01 8.215241494872562100e+01
1.257480261569445616e+02 4.801853626941132092e+01 8.176115233976847207e+01
1.255748209770251975e+02 4.789513511481614927e+01 8.156378538351326313e+01
1.254367177458647262e+02 4.774904687344127296e+01 8.147161294893092531e+01
1.252102907307086781e+02 4.759716975267142658e+01 8.132200569345830843e+01
1.252300009686686337e+02 4.760665981369755428e+01 8.134746866646136709e+01
1.253513259916925762e+02 4.768305596157711079e+01 8.136005991287765937e+01
1.256002969619949425e+02 4.789621221650177318e+01 8.151554134841565258e+01
1.259803331352622848e+02 4.825125529334032848e+01 8.175962993966784609e+01
1.261198763574011394e+02 4.837287814582366252e+01 8.178856132467603857e+01
1.260678400569056663e+02 4.838107568482703158e+01 8.176686025581525996e+01
1.261907135039635932e+02 4.854702452466563045e+01 8.184413977165444010e+01
1.264988542240458287e+02 4.888355591025212732e+01 8.210490681263202362e+01
1.266649780025474570e+02 4.904452405840348916e+01 8.223112722667279684e+01
1.269019620599967340e+02 4.926036800733296417e+01 8.243506956341960290e+01
1.269906154804813241e+02 4.945100054794837519e+01 8.253495086536807435e+01
1.269302052565453778e+02 4.947170692424577254e+01 8.253833975979910065e+01
1.267199593448330148e+02 4.930836192351566183e+01 8.240425144324396456e+01
1.266305468929592308e+02 4.922729158805270089e+01 8.232630108823414616e+01
1.267369298409214764e+02 4.932693144573070043e+01 8.242632263026786177e+01
1.269180636458663116e+02 4.950568261500048095e+01 8.257396652454707464e+01
1.268950599345642587e+02 4.953024487075502691e+01 8.257068895471979886e+01
1.268464862629776349e+02 4.950207107136196072e+01 8.256391261163183515e+01
1.267576564580559193e+02 4.943155054932186232e+01 8.253552194612755954e+01
1.267976928337316451e+02 4.951776784049063451e+01 8.256294828032402222e+01
1.266628425942391658e+02 4.946037639282259590e+01 8.250613514228585643e+01
1.265063838154267017e+02 4.935599295040561429e+01 8.237712149273281170e+01
1.265166198958753512e+02 4.938693251560351882e+01 8.236460398079434242e+01
1.265950921753261298e+02 4.949321570515461843e+01 8.246275613694950835e+01
1.265821741839689736e+02 4.949957711108316261e+01 8.249950193083127203e+01
1.265000759031389208e+02 4.942355252714079228e+01 8.242575588683058641e+01
1.265071168228825513e+02 4.948395696798043986e+01 8.235632981576500811e+01
1.266217739358741312e+02 4.963690540733961853e+01 8.238112773269372724e+01
1.265847173005663109e+02 4.964505234425037372e+01 8.232496663876322884e+01
1.262919856405718946e+02 4.937644776201402408e+01 8.207567470661629727e+01
1.261456400514117320e+02 4.915681299346076116e+01 8.197855483315044012e+01
1.261140050688839125e+02 4.910498343865797466e+01 8.197804736645024093e+01
1.265110739065249277e+02 4.944531721006084979e+01 8.235827004457321721e+01
1.266174944446131150e+02 4.957442194338059238e+01 8.250496984838167691e+01
1.266442239157055951e+02 4.961839371608756011e+01 8.254602983210226341e+01
1.265570885579993927e+02 4.958013997984591015e+01 8.249783495332317784e+01
1.263880529905113832e+02 4.946576190125073680e+01 8.232109485579125874e+01
1.262560263477867437e+02 4.934769420721701749e+01 8.219689418813280213e+01
1.263060486849961848e+02 4.942539588908599768e+01 8.223750309034208783e+01
1.264218204897993445e+02 4.953671326396509045e+01 8.237766076646266811e+01
1.265071168228825513e+02 4.955318785954594318e+01 8.241923689152790189e+01
1.265242058724451368e+02 4.949119017567601020e+01 8.242492745828580780e+01
1.264258556452417395e+02 4.938243182090907624e+01 8.232324183029214737e+01
1.261931134889275370e+02 4.910803257618145068e+01 8.213254712139152502e+01
1.261939578209871513e+02 4.907243328114088854e+01 8.212160984051665480e+01
1.264119993465101146e+02 4.930514652197359737e+01 8.231627319925225095e+01
1.264639315512722106e+02 4.939708618692991138e+01 8.238765973996306968e+01
1.263007687180755028e+02 4.928518905664687111e+01 8.224619074675676700e+01
1.260835859823528864e+02 4.913360687378825986e+01 8.208623174890952612e+01
1.261293432860420580e+02 4.918630678458399785e+01 8.209990732588181572e+01
1.264130909059364996e+02 4.936044738032966706e+01 8.241336560301067493e+01
1.265461671806393440e+02 4.946101108764138132e+01 8.255201678254546493e+01
1.266706136298905108e+02 4.957273761658360911e+01 8.267574901940373877e+01
1.266680835252598456e+02 4.955177389250091124e+01 8.274197414666799943e+01
1.265332650927970093e+02 4.939899027138625343e+01 8.262347561196001777e+01
1.263682169702069302e+02 4.934222484389254504e+01 8.243960929401406190e+01
1.264129882559771971e+02 4.945408004672741953e+01 8.245762219321035502e+01
1.266101079848656354e+02 4.972847350835874636e+01 8.259118569377638153e+01
1.266175710706390731e+02 4.975570610882919453e+01 8.258389320934374211e+01
1.265591589064743232e+02 4.971354155371556516e+01 8.254394358011251143e+01
1.268030436435819865e+02 4.994486974298474280e+01 8.265618335885125134e+01
1.268934811492747343e+02 4.999770844809165027e+01 8.273750381322912517e+01
1.267708925197095198e+02 4.991137115767467236e+01 8.263701528616928726e+01
1.266622801881241287e+02 4.984009449579352236e+01 8.254394647166066079e+01
1.267167873165131908e+02 4.986030786313146024e+01 8.259224833772125862e+01
1.268080995155211070e+02 4.996616310355646107e+01 8.265095254824909432e+01
1.267558926136848356e+02 4.992062700330070157e+01 8.254566549703544354e+01
1.267007074172547334e+02 4.992924381678572843e+01 8.247839073779296371e+01
1.266613230856866892e+02 4.989440499890844194e+01 8.241216416475462836e+01
1.265307783613885846e+02 4.976657110100033066e+01 8.228498375672826626e+01
1.262189653751566851e+02 4.947367751430954996e+01 8.201040234446723787e+01
1.259402938680384239e+02 4.914335139105152450e+01 8.177946451419822438e+01
1.256800183902462322e+02 4.882072256896703522e+01 8.161062268043622225e+01
1.255500751079631812e+02 4.866886568903423438e+01 8.149755013583047969e+01
1.253796573804597898e+02 4.845377354262358693e+01 8.137014418704846719e+01
1.250709600373588017e+02 4.815302361961105504e+01 8.110298537888678538e+01
1.250254297201993410e+02 4.795784701107896808e+01 8.105880252316491408e+01
1.250751643483679345e+02 4.790150953271135847e+01 8.112420211343254550e+01
1.251359215580818045e+02 4.787447355751505995e+01 8.120143536450133581e+01
1.251142522962506689e+02 4.780950336214760910e+01 8.118958290863719185e+01
1.251640505384785484e+02 4.781246430745252951e+01 8.121122325498683381e+01
1.252381536886756805e+02 4.781142479589284733e+01 8.126698820682086932e+01
1.252410249959879707e+02 4.773405564206103691e+01 8.122047187174248961e+01
1.251916937387862134e+02 4.761068051139920243e+01 8.116603124896084864e+01
1.251557575783862575e+02 4.756369574552063284e+01 8.111480458194719745e+01
1.251447205391002342e+02 4.761310941184464696e+01 8.119722816194403947e+01
1.252354168383523358e+02 4.771971934633662471e+01 8.138769877586308610e+01
1.253759749938916030e+02 4.791441017477962561e+01 8.154457104606090923e+01
1.252909634783010944e+02 4.789368355764518270e+01 8.150814910557187432e+01
1.252645795472124775e+02 4.787558680355255802e+01 8.148979789524210560e+01
1.254594756755740832e+02 4.803178823457973579e+01 8.165801660037791976e+01
1.257033127021372820e+02 4.823084385495415916e+01 8.179203551977747111e+01
1.257121767429890866e+02 4.814310271791068629e+01 8.174479051456545164e+01
1.255757925372033839e+02 4.798110807016630730e+01 8.162965051303292796e+01
1.254649031114503828e+02 4.785304140263217931e+01 8.150380021715525913e+01
1.253584348628177310e+02 4.770916664136561991e+01 8.140903117233482078e+01
1.255702060661788693e+02 4.787272127933656662e+01 8.157941564703449444e+01
1.259043851773458726e+02 4.819339975219432404e+01 8.185256285141346666e+01
1.258706596055060913e+02 4.819595443498426590e+01 8.178342159784058651e+01
1.257184354989583142e+02 4.809246737249357295e+01 8.162463656854197325e+01
1.254131284960624413e+02 4.778972806435429277e+01 8.139494644129941037e+01
1.251592230988432419e+02 4.765761756673331462e+01 8.115853201883554391e+01
1.252191938074604849e+02 4.781158961413735398e+01 8.116588522577930576e+01
1.252865986863696719e+02 4.790529023191661651e+01 8.123069060290224286e+01
1.252990901743748111e+02 4.796400311708890740e+01 8.124473774381172575e+01
1.253138298410660525e+02 4.806618898291239361e+01 8.123230264099549913e+01
1.254072282920637065e+02 4.810468705497266484e+01 8.136392012965701781e+01
1.256556469766695443e+02 4.826879397864013299e+01 8.160101840325819467e+01
1.261514390512252248e+02 4.871128614615908248e+01 8.209781962811798905e+01
1.261697743580401720e+02 4.869683997160499445e+01 8.204341225814006577e+01
1.258422559280351436e+02 4.851450183685596329e+01 8.180681422236872891e+01
1.253640965140941290e+02 4.813854997534955515e+01 8.141962580475399136e+01
1.253392320915579745e+02 4.814420873507780385e+01 8.133094491456198227e+01
1.254239284284002025e+02 4.827631778692470732e+01 8.139010020660111877e+01
1.253762121008398509e+02 4.825857091015815570e+01 8.138009111268218021e+01
1.250824481581561116e+02 4.800208625198974488e+01 8.111506482128064022e+01
1.250878813771287241e+02 4.795996507009835597e+01 8.116647654737585071e+01
1.251074383630367635e+02 4.796687587017527221e+01 8.124214836244399862e+01
1.251438545204295139e+02 4.797681122961639488e+01 8.133290249265908756e+01
1.253244114615185509e+02 4.815736238760914034e+01 8.154222455473772868e+01
1.258665015592673342e+02 4.857882143388981433e+01 8.197648882199774789e+01
1.262529309454928779e+02 4.885921630370508240e+01 8.227070095464462440e+01
1.263247092909779354e+02 4.886882058088310998e+01 8.227232455893047813e+01
1.260453438123038268e+02 4.856452561983949323e+01 8.203610242441854439e+01
1.261058653608435236e+02 4.856359743288355446e+01 8.204128841602438627e+01
1.264019396504985764e+02 4.891957303400026547e+01 8.217212807823372600e+01
1.265205003534917552e+02 4.908891510559210758e+01 8.220063151411581259e+01
1.264290059869504432e+02 4.901416424860952503e+01 8.207909396230289190e+01
1.264221602467068948e+02 4.899017741093670253e+01 8.201919698816344351e+01
1.265329600344672514e+02 4.908418164127164829e+01 8.209459988925370055e+01
1.264148113770853428e+02 4.908043708641825731e+01 8.203698868392632448e+01
1.259324505436833448e+02 4.870353968866701422e+01 8.170570834977901598e+01
1.257492478360376538e+02 4.857059787095310099e+01 8.156265189663872661e+01
1.257109651843145031e+02 4.856751692639998197e+01 8.152840873768019492e+01
1.254919448697429800e+02 4.834672120126476358e+01 8.134310676607809398e+01
1.250371404902041519e+02 4.780488411397904258e+01 8.101646447516232286e+01
1.244246411950190208e+02 4.717973718718870657e+01 8.054664284030991439e+01
1.236163031267755912e+02 4.639631848089626232e+01 7.991479908800570797e+01
1.228511546674647406e+02 4.563932707891468965e+01 7.929537598077698135e+01
1.228326906867571466e+02 4.560868968049838656e+01 7.924435316790786032e+01
1.232612441464222144e+02 4.567451577411804209e+01 7.963726829663235662e+01
1.237657079738777526e+02 4.587597427100456571e+01 8.008238309832275093e+01
1.239375844874224839e+02 4.588032026787301731e+01 8.020771146975945953e+01
1.239402316997532125e+02 4.580732747216523393e+01 8.017589431969824432e+01
1.237467741165959012e+02 4.561416193537100838e+01 8.003480845662171816e+01
1.236137441066634324e+02 4.552859379676175422e+01 7.988912214043959636e+01
1.237145666075345076e+02 4.562515415566070942e+01 7.995777038505300993e+01
1.237881883149647706e+02 4.575761886792998467e+01 8.003169859658710550e+01
1.239784897733170794e+02 4.593811508650789222e+01 8.017345674460834459e+01
1.241405408062503710e+02 4.609933913667046568e+01 8.027946089976303767e+01
1.241084272725038318e+02 4.606185021491431542e+01 8.028833795258150019e+01
1.237170186403651400e+02 4.571462154694934554e+01 7.997744447866109851e+01
1.237648968946218702e+02 4.572886820468112745e+01 8.001434641614294208e+01
1.241735131297972572e+02 4.605851625989813414e+01 8.038296386576854502e+01
1.243349901904229000e+02 4.621921260252345576e+01 8.055621531045829897e+01
1.242604215009737345e+02 4.618338776672724322e+01 8.051952011866913494e+01
1.242005491049935557e+02 4.620687292079615816e+01 8.044724587267646143e+01
1.242386076617351307e+02 4.630579133721089846e+01 8.040861768094946171e+01
1.243225970150548392e+02 4.641969086458735205e+01 8.050309178785867914e+01
1.243300760043430984e+02 4.646124530304147271e+01 8.050000216866111202e+01
1.242695168656774740e+02 4.638762214983713505e+01 8.044554708813872423e+01
1.243229165311253439e+02 4.641014297259824417e+01 8.045961013256302863e+01
1.242930381640982489e+02 4.639783654367466426e+01 8.045726219546575919e+01
1.242229181214768232e+02 4.630683663186688648e+01 8.041370102259600117e+01
1.241998565792117972e+02 4.629260298610177671e+01 8.038479276997300360e+01
1.242612441464222144e+02 4.639172091933881603e+01 8.039960617114205377e+01
1.243645707279906247e+02 4.649082150328696628e+01 8.043533992317156844e+01
1.243226042439252126e+02 4.649356702825476617e+01 8.034500073011591326e+01
1.244099781543537375e+02 4.657336219098386465e+01 8.038048580900456841e+01
1.245303749904217483e+02 4.667896586671987080e+01 8.047437582318761429e+01
1.245942941080369195e+02 4.673402817235361795e+01 8.054931173925174903e+01
1.244827786621095811e+02 4.663362494596419339e+01 8.052322997494474066e+01
1.243196302866536200e+02 4.648108132334592568e+01 8.043734232026497466e+01
1.242047982349990036e+02 4.637984822263764073e+01 8.033650825320130195e+01
1.242792743949074037e+02 4.645560389260212020e+01 8.038307952769451958e+01
1.243428002619742614e+02 4.643275198757790889e+01 8.048429817066205771e+01
1.244338507758746601e+02 4.648288275784296530e+01 8.058459730131811227e+01
1.244083675620345559e+02 4.645685304140263128e+01 8.058938859660156595e+01
1.242662971268131855e+02 4.632861143520546676e+01 8.050700694405287550e+01
1.241893530305593316e+02 4.621664057044461771e+01 8.037401741579449777e+01
1.242478779651019067e+02 4.626010632222545382e+01 8.042876888000219537e+01
1.243318167163290013e+02 4.633445669978934944e+01 8.051075872777664699e+01
1.242694792755515323e+02 4.631327466382138169e+01 8.045470172957952570e+01
1.243441983255044647e+02 4.639542643829219060e+01 8.052023577683610256e+01
1.245598543238042311e+02 4.665084411519349317e+01 8.070446932139702767e+01
1.246704878475460134e+02 4.678215076242895520e+01 8.079632657723108480e+01
1.245974213173604284e+02 4.665586673432889597e+01 8.072127789078912485e+01
1.244042340939550684e+02 4.638789829268539222e+01 8.058506284057015989e+01
1.242088897756303254e+02 4.619772550822573010e+01 8.035989654040722030e+01
1.242336602228516114e+02 4.620181849463111945e+01 8.040282301845819291e+01
1.244829969739948581e+02 4.643560160827907879e+01 8.065011255351171826e+01
1.245521873838862632e+02 4.644163193194452077e+01 8.076038029641260607e+01
1.244310633234587016e+02 4.629143335487536604e+01 8.069142265614721055e+01
1.242945634557470242e+02 4.614406704921848501e+01 8.059303628459194613e+01
1.243056554344478855e+02 4.616696232746493678e+01 8.057867396493419676e+01
1.243280230051570783e+02 4.618720171873621894e+01 8.058190237844293335e+01
1.244234672264703931e+02 4.633433091744485210e+01 8.064262055225678694e+01
1.245541695401426381e+02 4.651961987708028801e+01 8.069073735923582547e+01
1.244070851604303272e+02 4.639042550576791513e+01 8.049660749113378699e+01
1.243722087524270989e+02 4.636417603166823653e+01 8.042756888752022348e+01
1.245249750242528535e+02 4.650658622379715013e+01 8.053170943989266561e+01
1.247345067235723377e+02 4.666095441329765237e+01 8.072808604090673157e+01
1.248656109624373443e+02 4.673512696065036920e+01 8.086144279578007854e+01
1.246450508984762990e+02 4.650731489393078277e+01 8.069440239651510183e+01
1.243368537932051510e+02 4.618242054387128803e+01 8.041670678689723673e+01
1.242583063335024889e+02 4.609143508980425707e+01 8.033818968845014297e+01
1.241891853207666685e+02 4.606217695985519356e+01 8.026884024341052282e+01
1.241063858395104091e+02 4.599974554376285596e+01 8.017629913643914108e+01
1.240128775096830651e+02 4.594669864718920138e+01 8.012599053596291299e+01
1.239558099154077553e+02 4.592019760840052811e+01 8.010510488368024085e+01
1.239490220061271941e+02 4.589727486044665739e+01 8.007235087201863166e+01
1.239044372252125612e+02 4.583479428803578770e+01 8.002441478679892839e+01
1.237843179777668894e+02 4.570147512328838246e+01 7.992660383332538743e+01
1.238938801829193324e+02 4.576102511164990005e+01 8.000834645373305420e+01
1.240506093214837620e+02 4.591527474767627837e+01 8.015861153640965142e+01
1.240893531751367362e+02 4.594048615599034946e+01 8.021693695412992042e+01
1.241645970410787783e+02 4.598201312473705116e+01 8.029095914097887032e+01
1.241314917063170213e+02 4.597952061023232062e+01 8.027452647284619047e+01
1.243770361920624055e+02 4.619639250452888746e+01 8.051018186392084885e+01
1.250609538349880268e+02 4.685624090065941516e+01 8.107625157047209541e+01
1.256821480154582105e+02 4.739675799621496566e+01 8.158695969615611432e+01
1.263138327326142019e+02 4.799478509291267159e+01 8.199759134039160813e+01
1.264375707525687744e+02 4.817856177286600428e+01 8.201437822317257087e+01
1.261714991665112393e+02 4.796968356342827633e+01 8.172806435429561134e+01
1.259851706953161283e+02 4.779391068875231241e+01 8.152886126496557040e+01
1.258891351524062685e+02 4.770286017485191365e+01 8.141393234644795029e+01
1.257401076523375991e+02 4.772867880827734410e+01 8.126922481931438824e+01
1.256292818406438840e+02 4.785878401725675957e+01 8.117464806244586839e+01
1.254350030578121675e+02 4.783155575410852833e+01 8.101956710632656211e+01
1.253275458997124332e+02 4.778550351250811445e+01 8.092601829482514120e+01
1.256186134737469047e+02 4.793893339463415515e+01 8.121522660339959998e+01
1.256741369813104825e+02 4.794096904453128616e+01 8.132638349735640304e+01
1.256307565302000455e+02 4.784960624343076319e+01 8.130566121754418418e+01
1.255564755497917417e+02 4.772646099084680316e+01 8.124208763993286198e+01
1.254366223247757972e+02 4.762853148389913827e+01 8.117451071390877360e+01
1.252578624808615615e+02 4.755038305784108132e+01 8.105132642542480426e+01
1.252224251125173708e+02 4.757009329580103696e+01 8.101927505996347634e+01
1.253104033565090987e+02 4.772518726388702248e+01 8.108039371319601685e+01
1.254665845466992238e+02 4.790999767230373863e+01 8.120751773603346635e+01
1.253969025736224268e+02 4.787408030696675354e+01 8.117221916200043097e+01
1.251439181344887999e+02 4.765301566785364429e+01 8.088039833967305015e+01
1.250238755130690720e+02 4.755421146759080386e+01 8.073882525073337035e+01
1.253666642088507359e+02 4.786867744924971646e+01 8.094043410812365380e+01
1.256269367950947782e+02 4.811477277491755444e+01 8.114594366396740099e+01
1.256264900509057014e+02 4.812850329130468197e+01 8.115129736536590599e+01
1.253679711886142343e+02 4.792583178996950721e+01 8.091295572606051678e+01
1.249243339680281508e+02 4.745148632803746125e+01 8.055279171744948030e+01
1.247620790809503433e+02 4.724505436833408112e+01 8.042145904628067399e+01
1.249766377367274259e+02 4.745205451724880419e+01 8.059529602947065996e+01
1.252718648027747292e+02 4.778796855730542603e+01 8.083655234931057976e+01
1.253470508377537840e+02 4.785274212739872013e+01 8.087973183782463593e+01
1.254617513239676043e+02 4.781010480416266972e+01 8.097954085106937328e+01
1.255709535313754657e+02 4.782589988592842900e+01 8.106521597696014680e+01
1.259091504486959820e+02 4.808486115508674175e+01 8.134514964484560551e+01
1.261416150163878456e+02 4.823952717404662138e+01 8.156151262666787716e+01
1.261648746297011172e+02 4.825954536188447719e+01 8.157197135632402762e+01
1.258701506930318033e+02 4.815318265475927006e+01 8.134336555963746207e+01
1.256794458637126581e+02 4.810156418297138714e+01 8.123449732604085227e+01
1.257431784764721954e+02 4.822856820656063093e+01 8.131523368769255455e+01
1.258500500960716835e+02 4.835985316718497984e+01 8.139323030747277699e+01
1.259170646159807205e+02 4.844588539927219983e+01 8.145462365777949287e+01
1.259459641939592700e+02 4.845921109891841638e+01 8.149368702750295768e+01
1.260671316276090863e+02 4.851652881210864621e+01 8.160882124593918263e+01
1.261151284353399262e+02 4.854173299155234389e+01 8.163384904094576200e+01
1.260496131831463202e+02 4.849462244332926986e+01 8.158803390629360308e+01
1.260370262740522520e+02 4.852961885058069669e+01 8.161595180367544344e+01
1.264235655391074715e+02 4.895637376729688128e+01 8.194744177506358085e+01
1.266697490569938651e+02 4.925471213915286484e+01 8.218242054387128803e+01
1.265424197342378108e+02 4.921513841118103727e+01 8.214564005141173197e+01
1.263277034890865735e+02 4.900272383835667256e+01 8.196266722184391540e+01
1.259071740755359059e+02 4.862061153351810106e+01 8.162408139129730955e+01
1.257724467268397888e+02 4.845108151129655738e+01 8.144362710016756068e+01
1.259017263988225608e+02 4.859311869371421011e+01 8.149052367382758177e+01
1.259678011655830545e+02 4.866163826443496987e+01 8.151984541783593841e+01
1.259501627218721040e+02 4.867156205768349508e+01 8.150644020061561434e+01
1.258918271837333123e+02 4.864686389916593612e+01 8.142953514026177686e+01
1.257614776389352755e+02 4.847989145128247657e+01 8.133355887408897900e+01
1.257650400262552637e+02 4.844168831713343337e+01 8.131845053500869369e+01
1.259144405360352010e+02 4.850151155679506587e+01 8.140805961215664865e+01
1.259157923347950145e+02 4.848049000174938783e+01 8.140321048591020769e+01
1.257716876954505807e+02 4.835688933033190295e+01 8.129475140637673292e+01
1.256104246093879908e+02 4.820825508081153998e+01 8.118326921325312640e+01
1.253971411263447493e+02 4.806654319756069071e+01 8.103475930030317897e+01
1.252943249030247017e+02 4.797777411515011892e+01 8.094719021037458617e+01
1.252103051884494249e+02 4.789936111243640227e+01 8.088046773682863488e+01
1.253696150337371336e+02 4.804692838068966410e+01 8.101640230687711153e+01
1.256372307065064149e+02 4.822507521639623462e+01 8.127240552227866033e+01
1.257658539970592955e+02 4.826025668272921365e+01 8.138251856735355716e+01
1.261834846335902540e+02 4.860242080411062204e+01 8.173467732491315019e+01
1.265565377180769531e+02 4.894538733010347187e+01 8.204065516697967553e+01
1.266787996027012895e+02 4.907565157423110236e+01 8.213357217521047460e+01
1.265904787102538620e+02 4.903280895107645421e+01 8.202825476274124128e+01
1.267203135594813119e+02 4.923999705062088594e+01 8.212159972009814624e+01
1.270504907680096522e+02 4.954287515307132850e+01 8.240987261284628573e+01
1.269628392689588026e+02 4.948358829559140304e+01 8.231523079614440519e+01
1.267029382466519536e+02 4.924883506753933915e+01 8.205588205953408476e+01
1.264543243825460337e+02 4.912986087316079420e+01 8.189420259053798645e+01
1.261581778041872468e+02 4.901550014385451703e+01 8.168250367588058225e+01
1.256540103604170184e+02 4.864086104520790599e+01 8.128944975284491647e+01
1.251681507537543183e+02 4.821728683145599348e+01 8.090401650495684294e+01
1.252132111943395074e+02 4.829464586486928113e+01 8.098414564149717876e+01
1.255682470423076893e+02 4.849695303113763600e+01 8.126288220844881494e+01
1.258229635187827711e+02 4.864192224337871551e+01 8.143408354550068395e+01
1.257783946413829739e+02 4.855394399938699479e+01 8.136421506756825295e+01
1.256328066378379305e+02 4.835315489589703475e+01 8.120713460590367561e+01
1.255354655609386612e+02 4.819205518230488394e+01 8.113866563727552261e+01
1.254682052594369281e+02 4.811542915634745299e+01 8.109426302389431385e+01
1.255309301676664262e+02 4.820604304647729776e+01 8.115159519482529049e+01
1.254860417741961101e+02 4.813577842644841098e+01 8.110609090159917400e+01
1.254296132120618097e+02 4.810411597421317254e+01 8.106167383047720421e+01
1.253689080502146282e+02 4.808377971607888668e+01 8.101286160616824361e+01
1.252711679396707325e+02 4.796075880006534931e+01 8.090769599997686612e+01
1.252154073251589210e+02 4.785534307495905182e+01 8.085111852311287350e+01
1.251577628670278273e+02 4.773399781109804962e+01 8.078295461281447842e+01
1.252494206060395783e+02 4.779412321754129067e+01 8.083981546139710872e+01
1.254726264365572632e+02 4.800285684957154331e+01 8.101062065635251486e+01
1.255277407900577060e+02 4.790682708975798931e+01 8.111695589377031013e+01
1.255391103573808920e+02 4.775830271906730218e+01 8.117265000267468622e+01
1.255164709811456589e+02 4.763811262869196383e+01 8.118153862168574619e+01
1.255817737045502867e+02 4.766039779027890688e+01 8.127339732329387800e+01
1.256335006093937778e+02 4.772710291453595488e+01 8.131310695402872568e+01
1.256609240520420769e+02 4.777420912543680487e+01 8.132857962817581665e+01
1.256571635936738716e+02 4.783436344736153245e+01 8.130459568205114351e+01
1.256886641192127456e+02 4.787611161954166050e+01 8.134357375110421629e+01
1.258407624434160113e+02 4.801406593597244665e+01 8.148288420361703288e+01
1.260148119553949755e+02 4.815985345633978909e+01 8.162273826718194414e+01
1.259501410352609838e+02 4.817790394566202394e+01 8.149256510682101862e+01
1.258839014502559763e+02 4.813052014613884211e+01 8.135858233177334853e+01
1.258380819782815792e+02 4.812113418084609862e+01 8.129409502494682727e+01
1.259600243468354108e+02 4.825709332905384485e+01 8.137887955400761086e+01
1.261046812718763732e+02 4.845170463992273824e+01 8.149530051137028863e+01
1.261421904344695690e+02 4.853142751394810261e+01 8.159115533252081320e+01
1.261467475143529242e+02 4.857260605114281304e+01 8.170941965182868216e+01
1.263396152216877653e+02 4.877764139309006453e+01 8.190271819983777846e+01
1.265618090103531870e+02 4.900045108151129369e+01 8.207890745744725791e+01
1.266389612980737951e+02 4.906826077716139878e+01 8.210520319631731923e+01
1.266523694068422685e+02 4.914576583375622221e+01 8.211434916311367260e+01
1.268584558265418138e+02 4.935691680003932191e+01 8.224378353292244981e+01
1.271237944051434852e+02 4.964495836893551939e+01 8.241851255871650039e+01
1.271584105738132706e+02 4.964279982824204041e+01 8.242311734914432009e+01
1.271385673246384442e+02 4.973231637584920861e+01 8.239839750401563379e+01
1.270860466898279668e+02 4.977049059451675816e+01 8.237374416449439707e+01
1.269998698803332786e+02 4.977874885603126387e+01 8.234145713785889598e+01
1.272235990810659985e+02 5.008843510859932024e+01 8.255381387972026630e+01
1.273819489323681324e+02 5.025410346826743080e+01 8.268376294509961610e+01
1.272760445356245924e+02 5.018166584980431111e+01 8.259850998523864973e+01
1.268773072747014083e+02 4.987109767505071289e+01 8.226889518282536073e+01
1.267330595037235952e+02 4.973268360246417785e+01 8.209753770217342606e+01
1.264222672339884070e+02 4.930556290490709870e+01 8.172879736175147514e+01
1.261461648674008273e+02 4.902756079118540811e+01 8.145669400625442336e+01
1.258070065103206616e+02 4.866758328743000561e+01 8.123894886441675567e+01
1.256263454734982332e+02 4.845501401677965703e+01 8.113344494709190258e+01
1.255304429418032583e+02 4.835177273588165292e+01 8.111274579966486442e+01
1.258131033395935390e+02 4.860739426692748566e+01 8.135824402063987293e+01
1.260529196684550897e+02 4.886103508749101820e+01 8.156376947999844162e+01
1.260905763000039030e+02 4.889560643716448851e+01 8.159978660374657977e+01
1.259954284623758980e+02 4.874067295000079270e+01 8.148554298214035896e+01
1.260041811786239379e+02 4.873584984768770312e+01 8.147760568247042556e+01
1.261097978663266161e+02 4.880189280741855384e+01 8.157692457830384569e+01
1.260819999681929744e+02 4.875379334972841150e+01 8.156582826228076044e+01
1.259793673581804114e+02 4.863674058909510478e+01 8.148163505481652180e+01
1.259109721240300672e+02 4.857515495083644907e+01 8.144284349061909722e+01
1.259308471802345366e+02 4.859474952687043725e+01 8.144171434106678475e+01
1.260236947913097367e+02 4.869724334257183074e+01 8.154451176932386147e+01
1.261156040950104824e+02 4.877468623088144284e+01 8.164489620065030806e+01
1.261013155098305418e+02 4.877710211936021523e+01 8.164481668307620055e+01
1.261437706655331823e+02 4.876558074575918056e+01 8.169480143015971407e+01
1.260778751747579349e+02 4.866670425679260603e+01 8.162688474722808962e+01
1.261709280857517541e+02 4.871022783953642943e+01 8.167553504484068583e+01
1.262848290589022753e+02 4.882185027274528011e+01 8.177874885603125676e+01
1.264241264994484339e+02 4.893978206401598641e+01 8.188744215096484425e+01
1.266105908734065792e+02 4.920482136738420564e+01 8.205848300709440934e+01
1.267259896684984568e+02 4.933800318359450898e+01 8.214265886526976601e+01
1.267910350441177911e+02 4.940678733097093556e+01 8.217700756573573528e+01
1.268592119663828583e+02 4.945690653504339451e+01 8.220379486779118849e+01
1.268286613144110362e+02 4.942251301558111010e+01 8.219415300048721917e+01
1.266654088432216980e+02 4.935676065643926336e+01 8.202351840687262552e+01
1.265160256827306569e+02 4.925287022298173412e+01 8.192634214821786998e+01
1.266645731858065460e+02 4.947305293990929442e+01 8.205464013960394709e+01
1.266127783295815448e+02 4.944418950628261200e+01 8.204034143400546952e+01
1.263588801612327188e+02 4.919594142301759376e+01 8.182131533633764775e+01
1.261756528754277724e+02 4.905255099606604574e+01 8.162225104131877629e+01
1.262451946084193253e+02 4.909586349579496556e+01 8.169074603388027356e+01
1.264521412636932922e+02 4.928941794581528058e+01 8.185728330376724671e+01
1.265205292689732488e+02 4.933177623465491735e+01 8.191967568395956789e+01
1.267258740065724822e+02 4.955466254910210466e+01 8.206427911535975284e+01
1.270575707236532992e+02 4.991474993168717589e+01 8.238699612966280483e+01
1.271602944174325671e+02 5.005588205953408476e+01 8.248934970527895416e+01
1.271656510103792073e+02 5.006261647517388980e+01 8.248599695519979491e+01
1.270024563701528564e+02 4.994525142734045176e+01 8.235904208792908321e+01
1.266855325725670127e+02 4.975786320374860594e+01 8.211512409801770218e+01
1.265954753054559205e+02 4.970193198789598199e+01 8.206632922299763777e+01
1.267365987586583742e+02 4.988017424469148153e+01 8.220026139595269399e+01
1.270724607508483075e+02 5.022699520436739107e+01 8.251505845987470877e+01
1.271883641210922491e+02 5.037484439856521590e+01 8.260871715020580552e+01
1.272428524544183546e+02 5.035089659679240270e+01 8.263820082091052655e+01
1.273777894403553148e+02 5.044121844055916881e+01 8.274056740849334801e+01
1.274167328108305810e+02 5.046317396565708435e+01 8.271676129257986076e+01
1.274591590510517278e+02 5.048227987005382289e+01 8.273817465239976343e+01
1.274600554309780165e+02 5.047896760164876184e+01 8.274877795946338210e+01
1.275712744932200451e+02 5.057778915120049845e+01 8.283622271282155225e+01
1.275881539055418017e+02 5.064983785643752867e+01 8.288539927219733272e+01
1.275473975343768984e+02 5.067750418913038146e+01 8.285728474954132139e+01
1.275578316858737793e+02 5.071508997774953542e+01 8.287160803329906855e+01
1.276384191327957893e+02 5.083428826710964898e+01 8.295737713450469641e+01
1.277593509052714325e+02 5.094243650521707423e+01 8.307832047317293700e+01
1.277305510857040360e+02 5.095731930354171624e+01 8.302610200514406813e+01
1.275885240237049061e+02 5.083802270154451719e+01 8.288739444042037974e+01
1.272832922010609025e+02 5.056222683906077009e+01 8.259585698981163659e+01
1.274081738283085485e+02 5.074548593189536660e+01 8.268723714020104865e+01
1.276899002560465846e+02 5.104492742937032546e+01 8.292888237326705791e+01
1.277552290033845566e+02 5.112440163025484452e+01 8.305659193460475365e+01
1.276491265355927851e+02 5.099832290207338303e+01 8.294159506470562349e+01
1.274433191502896676e+02 5.078969625732464976e+01 8.276618074200017361e+01
1.273450195251788841e+02 5.067348782875095026e+01 8.266888159254905588e+01
1.273553958457127777e+02 5.067356011745468436e+01 8.265889273946717708e+01
1.274768972531738314e+02 5.083228442424216098e+01 8.274086379217865783e+01
1.276016559896251295e+02 5.103812795389715973e+01 8.285132960612776287e+01
1.277032996901706099e+02 5.115668287379404688e+01 8.292481685656909463e+01
1.276451101752133610e+02 5.115081158527681282e+01 8.286962153972046963e+01
1.274630640868274014e+02 5.103583495621473531e+01 8.271688707492434389e+01
1.273953194510106641e+02 5.100328046137542515e+01 8.266886568903423438e+01
1.274082591289789548e+02 5.103120414185357134e+01 8.268860628824975834e+01
1.275807472049572766e+02 5.125132179894776385e+01 8.286388759974033746e+01
1.277750115300482463e+02 5.145901302787018494e+01 8.304491586317772089e+01
1.277709387844799096e+02 5.143936784974359000e+01 8.304198094180614476e+01
1.276481116021923725e+02 5.130420821459913583e+01 8.293383704102095066e+01
1.278123298504635841e+02 5.143407197930807939e+01 8.308373055976035459e+01
1.279336143918134496e+02 5.158762619800454274e+01 8.324606062709004561e+01
1.278506067190904361e+02 5.153808241201380724e+01 8.316744810755402284e+01
1.276677625634152662e+02 5.134057666144742171e+01 8.299078752759621125e+01
1.275987268513498520e+02 5.132872131403514260e+01 8.299096969512962119e+01
1.275700441394825049e+02 5.132294255505868819e+01 8.297945121307674299e+01
1.275040546733924032e+02 5.128177992137880636e+01 8.295094488564649282e+01
1.274401370015513209e+02 5.122710074587484286e+01 8.289043634907348235e+01
1.275266260982461262e+02 5.131319080892505013e+01 8.296145566316934605e+01
1.277485249490003127e+02 5.152515140868997179e+01 8.311211977949054130e+01
1.278269610840992385e+02 5.158463922876627805e+01 8.314191573739537944e+01
1.277026100559370008e+02 5.149730580001185842e+01 8.302257287062779767e+01
1.274467398517503227e+02 5.127097565171880689e+01 8.276347569870647192e+01
1.273398060638656233e+02 5.116679172612412430e+01 8.267112398813887353e+01
1.274245905929264069e+02 5.126907590458469599e+01 8.268977158215393786e+01
1.274188653275907228e+02 5.124370979844463392e+01 8.267046471516081851e+01
1.274134740360662761e+02 5.124083126226197038e+01 8.261148725333286791e+01
1.276134448314299732e+02 5.144698418756894398e+01 8.273623731513971791e+01
1.277207530748000153e+02 5.161010653909156076e+01 8.284334604168745386e+01
1.277201386208182754e+02 5.163573577611320786e+01 8.283790848539261731e+01
1.276342393999459262e+02 5.161391037068201371e+01 8.276859229315671485e+01
1.275916656907691618e+02 5.158759294520082506e+01 8.270822110512078496e+01
1.275159476109306240e+02 5.155970830062269528e+01 8.265534336411386107e+01
1.274841333524175582e+02 5.154874355004040609e+01 8.264394777285733085e+01
1.275446129735090750e+02 5.163309290110471750e+01 8.265635540596612429e+01
1.275792378168233228e+02 5.164359934130533247e+01 8.261241399451473910e+01
1.274756322008584988e+02 5.157405037944340620e+01 8.249203017041338626e+01
1.273866260114996862e+02 5.151577267226759460e+01 8.242765997128692845e+01
1.272385903124462345e+02 5.138198652249407417e+01 8.230974263775696897e+01
1.270611967250325591e+02 5.125025337190658803e+01 8.218418294246831124e+01
1.269711163255362720e+02 5.119838188965562864e+01 8.214467282855576968e+01
1.269369628045703848e+02 5.118701955120280900e+01 8.212781944016735736e+01
1.267352252732874405e+02 5.102180227304599924e+01 8.197860398946897931e+01
1.264671426154920510e+02 5.078275654176624698e+01 8.174958036407483064e+01
1.264462728667242146e+02 5.074033319309324952e+01 8.171524467557553351e+01
1.266670382306038505e+02 5.090824394835116351e+01 8.188720359824252171e+01
1.267649373762959613e+02 5.096335396452938227e+01 8.195380173521805034e+01
1.268623131517730229e+02 5.102282443531679235e+01 8.202242684744625478e+01
1.268882994949911165e+02 5.106215816479222269e+01 8.206182708252912050e+01
1.269702286202544315e+02 5.108962498066276936e+01 8.214958556886149665e+01
1.270632714108297137e+02 5.115275181408502192e+01 8.225172516991459304e+01
1.270556637476488078e+02 5.113989599101306993e+01 8.230390604781753439e+01
1.269983706126178475e+02 5.109244857743060209e+01 8.229244105940540521e+01
1.270698265504842652e+02 5.117448324420136174e+01 8.237186032087510057e+01
1.273729403141088738e+02 5.147639990689214784e+01 8.270405727578574329e+01
1.276482475049553926e+02 5.169702358491247907e+01 8.297035151105077944e+01
1.275649752555767122e+02 5.157733662391513008e+01 8.286452518610727225e+01
1.272644248493864865e+02 5.127328455291605280e+01 8.255783313164785397e+01
1.273586893190548750e+02 5.134066196211782795e+01 8.262629631717969403e+01
1.276601664664269578e+02 5.168911375494997174e+01 8.289883485067322511e+01
1.277646019567106350e+02 5.186117099025403832e+01 8.304954089444258614e+01
1.277705064980315797e+02 5.194216325391696643e+01 8.311498819525468207e+01
1.277851276112486971e+02 5.199684965829129624e+01 8.314286994828465538e+01
1.274157699252968570e+02 5.182530856433188404e+01 8.279562682257893869e+01
1.268091101115992956e+02 5.142743876785350210e+01 8.227946089976303767e+01
1.264636178182980046e+02 5.117874538617348179e+01 8.198443335053804049e+01
1.261879072564846638e+02 5.098147674255535122e+01 8.182491531378357763e+01
1.257216219850188850e+02 5.059021847092042634e+01 8.141466824545194925e+01
1.250887372753809217e+02 4.995074392305011912e+01 8.081657753469495731e+01
1.248862277007421113e+02 4.947015560866366002e+01 8.053574025801283653e+01
1.249083494898586224e+02 4.935567921743140829e+01 8.051530134991925536e+01
1.249846429877788694e+02 4.930052004493465745e+01 8.056721042229615648e+01
1.253388952261985878e+02 4.957387833232851904e+01 8.085906016010501673e+01
1.255941191693738830e+02 4.974560882269171458e+01 8.103739783798944529e+01
1.256873123204529321e+02 4.960365549517039341e+01 8.104327780115112034e+01
1.255175755525387018e+02 4.929191768919038452e+01 8.083831041058537892e+01
1.255454977872427804e+02 4.916402885186743532e+01 8.080298292107084990e+01
1.255376197643099090e+02 4.910947545870796915e+01 8.074442473372455709e+01
1.254179776223088680e+02 4.898390275145263928e+01 8.064201332714542048e+01
1.252557574338088529e+02 4.880088076556629062e+01 8.054294744177506971e+01
1.250440888804070170e+02 4.859127099444678066e+01 8.036442759635723121e+01
1.247745040633480329e+02 4.834121135626620003e+01 8.012979725910150819e+01
1.245708566645124620e+02 4.814173935295826823e+01 7.994266638329494867e+01
1.244187062924425078e+02 4.802475888102869561e+01 7.978780952215720390e+01
1.245278246449540376e+02 4.804943390716106677e+01 7.986987599595761367e+01
1.249046309589385686e+02 4.838717829719620767e+01 8.021272975157263829e+01
1.250828124932229315e+02 4.854770114693257455e+01 8.035575873500550870e+01
1.250875416202211738e+02 4.855904902764464737e+01 8.033733234442387072e+01
1.249547617292036250e+02 4.848163650059059648e+01 8.023856862583511429e+01
1.247521234806721679e+02 4.841780846674213734e+01 8.009876805591098048e+01
1.246371988994767719e+02 4.846441299403907266e+01 8.009404471200903686e+01
1.243769465540697752e+02 4.832944998416877525e+01 7.991817207892191277e+01
1.237516420379052988e+02 4.786178978155799513e+01 7.942876165113182196e+01
1.231005478037968857e+02 4.729429887909135743e+01 7.888527638140098475e+01
1.228703545471763334e+02 4.706154660235863929e+01 7.867117169868333804e+01
1.228460409645626328e+02 4.708217490685600382e+01 7.862851558038431676e+01
1.230459033268707287e+02 4.725378684374507543e+01 7.878921192300964549e+01
1.232115659034425335e+02 4.745124777531514582e+01 7.891640678877674020e+01
1.231727020505413748e+02 4.743011489566571726e+01 7.889594763984611347e+01
1.231767574468208153e+02 4.740206687861714840e+01 7.888972936555096283e+01
1.230635634571927994e+02 4.728342232072763096e+01 7.879107118846965818e+01
1.227848746007856278e+02 4.701285726884602667e+01 7.856408176719857295e+01
1.225967273458045810e+02 4.679072564846581628e+01 7.837437307621686955e+01
1.228717150205805950e+02 4.696447877675947069e+01 7.858585512476307144e+01
1.232042473950765640e+02 4.720887676366364616e+01 7.885423272046969601e+01
1.233669736045027179e+02 4.729813018038922934e+01 7.899940867840345504e+01
1.235046127421852304e+02 4.738516433391019689e+01 7.911124942349758271e+01
1.235237388874190145e+02 4.735518042537565009e+01 7.910149478581580240e+01
1.233214548535358546e+02 4.712197417558348178e+01 7.891008008142600261e+01
1.233338942936743052e+02 4.730995372077187255e+01 7.898125843067006713e+01
1.236050521129265150e+02 4.767963236856829212e+01 7.931084865492408653e+01
1.236724454256431187e+02 4.794022013356060796e+01 7.945382269894213323e+01
1.236039460957593974e+02 4.787618824556761865e+01 7.935771486732853930e+01
1.235150006289117215e+02 4.779000999029885577e+01 7.927656212274332859e+01
1.233837503668651721e+02 4.773529900776524926e+01 7.920588111978094048e+01
1.235355725482201734e+02 4.792324096282770540e+01 7.932137244441359769e+01
1.238148093530016496e+02 4.820786616758545762e+01 7.959642662479704711e+01
1.240210837233308894e+02 4.843737991039092350e+01 7.979658537079045288e+01
1.241475976295088230e+02 4.853990264157381063e+01 7.988578673964934751e+01
1.242738946695755686e+02 4.863459650614237262e+01 7.993295801038354398e+01
1.244489663438253189e+02 4.872648556900607275e+01 8.003147016428330573e+01
1.246174178185871568e+02 4.886168568582461802e+01 8.010992509444518817e+01
1.246833971642587358e+02 4.887921135915775039e+01 8.011964937087141436e+01
1.249243874616689141e+02 4.909028569941489195e+01 8.030277689826522192e+01
1.251179737187188721e+02 4.923948235505030624e+01 8.043460113261940592e+01
1.250453770651075445e+02 4.911885853245257039e+01 8.035034141954773190e+01
1.248937934364748514e+02 4.892988140315265611e+01 8.020959820492690540e+01
1.248897785218695020e+02 4.891885159273700623e+01 8.022139427560212255e+01
1.249719577660477370e+02 4.895761134990479491e+01 8.031765246771948341e+01
1.250508536573023832e+02 4.895913519577949558e+01 8.040061965876840588e+01
1.251603999589400189e+02 4.900295949953084573e+01 8.052381117612274863e+01
1.253482493844616812e+02 4.912137996243878746e+01 8.071766056405429879e+01
1.254798206083528100e+02 4.914698462130116496e+01 8.084208677246842001e+01
1.254806331333827814e+02 4.906655331797921349e+01 8.089848931066937610e+01
1.254829564923207670e+02 4.898187577619995636e+01 8.095192078314690320e+01
1.256530330171425476e+02 4.905062088767636652e+01 8.115088965707684565e+01
1.257171820128355790e+02 4.908471513190519886e+01 8.125346154457827197e+01
1.257296127783295816e+02 4.906043480209521590e+01 8.133274490328494721e+01
1.258552968101886620e+02 4.915628094860128527e+01 8.149095596027591171e+01
1.259550263058592918e+02 4.920966471053434077e+01 8.166820207873396953e+01
1.259615612046767836e+02 4.917577865777226265e+01 8.173774670327367176e+01
1.259332702975836753e+02 4.908774836591385338e+01 8.176941204705705957e+01
1.259878251365172162e+02 4.911589180405135124e+01 8.187431452236684493e+01
1.262740334638867381e+02 4.937778510303309076e+01 8.210738486939600023e+01
1.264861314121887403e+02 4.953673928789843472e+01 8.234029618127694050e+01
1.264835695005284322e+02 4.943960061936961381e+01 8.234716360813160918e+01
1.263265251832157219e+02 4.922988096942043512e+01 8.218452414514993620e+01
1.262454721970416500e+02 4.906753789012406486e+01 8.211827877704862999e+01
1.262735158767680019e+02 4.905370906109985896e+01 8.211397470762834416e+01
1.264793767557118969e+02 4.933472995108946435e+01 8.226704459200978192e+01
1.266863638926599549e+02 4.956066829460827705e+01 8.243911339350644596e+01
1.270804197371293611e+02 4.996997705556543679e+01 8.273188119785272931e+01
1.275078021197939506e+02 5.035723053301352792e+01 8.301984758649705043e+01
1.277634670240620238e+02 5.057239352235383478e+01 8.323204384743613105e+01
1.279807393977772705e+02 5.082336688974960737e+01 8.339742738961153634e+01
1.280471625960897484e+02 5.095545136343724124e+01 8.345624581629127192e+01
1.277414435475825911e+02 5.071169240867406813e+01 8.320516546161397287e+01
1.272245822074367680e+02 5.022717592612672632e+01 8.274366281078721386e+01
1.265671366878183477e+02 4.959765119543829570e+01 8.220898953404147846e+01
1.263288008316092430e+02 4.942607395712701646e+01 8.200834934528120357e+01
1.263412128020402747e+02 4.947577244094374294e+01 8.200910548512226228e+01
1.263740029580537509e+02 4.952040926972505730e+01 8.204886716372379851e+01
1.263462137345645573e+02 4.953747084958021674e+01 8.203225088228363404e+01
1.263518190006520427e+02 4.943195825761091555e+01 8.206849065523927322e+01
1.265651877843656905e+02 4.953824867603238857e+01 8.230604001035173667e+01
1.267482010956075982e+02 4.964817232470350916e+01 8.245211090243772389e+01
1.267192060965401197e+02 4.952218901761097669e+01 8.242609998106036073e+01
1.265184473543057351e+02 4.929681741752943225e+01 8.225995017862538816e+01
1.262496418094730046e+02 4.903808602644899395e+01 8.201438689781701896e+01
1.262599964433957780e+02 4.907453832819360429e+01 8.198000783609548137e+01
1.264458767246277517e+02 4.927735440693624724e+01 8.211983732150112303e+01
1.265182941022538188e+02 4.942821225698344989e+01 8.214674317703070017e+01
1.264885718788267894e+02 4.943635774812013040e+01 8.211151833747547357e+01
1.265611873275010737e+02 4.950202480659157089e+01 8.219720069223662051e+01
1.266259623433684567e+02 4.951870759363917074e+01 8.224119993465100720e+01
1.265740923068915720e+02 4.947909193821918450e+01 8.223776332967553060e+01
1.265542476119426709e+02 4.940958779535357337e+01 8.223028000306504737e+01
1.265268473016795525e+02 4.937901979409285502e+01 8.219619298770658133e+01
1.264517971694635179e+02 4.928263437385693635e+01 8.213071821718706644e+01
1.262209995792797486e+02 4.898468491522703516e+01 8.189544595624219880e+01
1.259409806107238836e+02 4.864184995467498140e+01 8.165120411293808900e+01
1.258904392406216317e+02 4.859020112163153016e+01 8.156326924216860164e+01
1.262512625222107090e+02 4.894144904152408060e+01 8.190719287059887677e+01
1.264667002086251983e+02 4.914681112841221022e+01 8.210707547374401827e+01
1.264538689637125231e+02 4.908868522751424024e+01 8.206633066877171245e+01
1.264173935295827107e+02 4.902057047353438435e+01 8.203334822480630351e+01
1.264337886075894488e+02 4.899506123576093586e+01 8.206239093441824650e+01
1.264505234425037372e+02 4.901171077000481091e+01 8.207710023985391956e+01
1.264369519612648247e+02 4.901862157008172716e+01 8.198512298477166382e+01
1.264584636337218058e+02 4.908101973337034707e+01 8.206742078242400851e+01
1.263866896255589722e+02 4.914235525271408278e+01 8.207285978449291974e+01
1.263495158825511027e+02 4.914341645088488519e+01 8.207506892727900549e+01
1.264752924439509485e+02 4.929970173680839451e+01 8.219574190619528054e+01
1.267331780571977191e+02 4.955677482502519382e+01 8.240307169159903822e+01
1.268674239631269813e+02 4.968362993388475246e+01 8.249588749564460954e+01
1.267239713678902291e+02 4.954856861137737667e+01 8.240430927420695184e+01
1.266083947425871514e+02 4.941461330603711843e+01 8.225919548455840413e+01
1.268607083425501401e+02 4.962881340984369416e+01 8.246839899316293554e+01
1.269833793812376115e+02 4.978633483260104953e+01 8.260663378976420290e+01
1.268973861850504079e+02 4.972812363103267330e+01 8.254575658080214851e+01
1.267270233969618545e+02 4.961092195566967433e+01 8.239047321631238674e+01
1.268926729615669871e+02 4.973910573090385157e+01 8.255374592833875624e+01
1.270382016883749685e+02 4.990144302710392310e+01 8.267946465877562900e+01
1.269922622171523727e+02 4.988389422138560292e+01 8.264191501450834210e+01
1.268849106005600902e+02 4.980412508258984161e+01 8.254217395264511481e+01
1.269972645954507300e+02 4.991566655245051720e+01 8.263814732726976331e+01
1.274356738969828200e+02 5.034104075492538755e+01 8.298498129891234498e+01
1.274297650183396371e+02 5.035028648013289398e+01 8.298017988321036853e+01
1.272068324391220671e+02 5.013721552587863073e+01 8.278830975998704389e+01
1.270636198423817120e+02 5.018505474423533741e+01 8.263647601243944507e+01
1.270912355729819581e+02 5.032518639642257341e+01 8.264740172712170363e+01
1.268903177955993584e+02 5.021672008801872522e+01 8.246941681811149749e+01
1.263021653358316314e+02 4.972364751449750031e+01 8.199499762170164274e+01
1.261771666008839503e+02 4.962407994552323487e+01 8.190210085430790343e+01
1.263696092506408348e+02 4.970048187649909011e+01 8.204774090571962120e+01
1.264008770065536993e+02 4.960394175843717335e+01 8.203734000702645801e+01
1.265791423957343937e+02 4.967313216832858558e+01 8.214853015378699297e+01
1.267065917177386325e+02 4.974262329922752457e+01 8.220826230968191339e+01
1.267195140464180270e+02 4.974439003514676472e+01 8.222435955822926701e+01
1.266953696193710641e+02 4.972633231695415645e+01 8.221741984267086423e+01
1.266473901609291062e+02 4.967272590581359992e+01 8.221736490325602631e+01
1.265964974677267065e+02 4.963073773513708176e+01 8.218081862619655453e+01
1.265585242116555378e+02 4.958839968713449053e+01 8.216025104421032665e+01
1.265445276728386830e+02 4.952604778861626755e+01 8.216031899559183671e+01
1.264572752074324313e+02 4.942138820335101457e+01 8.210996846766742863e+01
1.263766241464511353e+02 4.928277316816810583e+01 8.205314376343666538e+01
1.261163024038885538e+02 4.901833675258902190e+01 8.185678306593742093e+01
1.259548108855221642e+02 4.886168279427646866e+01 8.172026295738869806e+01
1.262545603328750161e+02 4.907411182484158019e+01 8.194035748209769565e+01
1.265108816185729950e+02 4.921488395494389323e+01 8.212497126524026214e+01
1.266312596595780349e+02 4.930871469238987714e+01 8.218909712854811289e+01
1.267221077651079781e+02 4.926343015682311233e+01 8.231011998479046099e+01
1.268670061344193982e+02 4.941114778558014109e+01 8.241109862926160190e+01
1.268850320455823635e+02 4.951718663931261943e+01 8.242870815749105873e+01
1.267627658236358030e+02 4.942612166767148096e+01 8.233061094075073072e+01
1.266491858123298471e+02 4.933320899676291305e+01 8.223213203965468665e+01
1.267702245720870167e+02 4.949912458379778712e+01 8.233903402050975728e+01
1.268496019061085462e+02 4.957220701749820080e+01 8.241011550289083232e+01
1.268284097497220557e+02 4.957833709957479584e+01 8.242210096996983282e+01
1.268622509834878116e+02 4.962831895511016000e+01 8.247059078666012510e+01
1.268814421885549564e+02 4.965436891238753958e+01 8.252974607869926160e+01
1.268061795275499435e+02 4.963386783600873997e+01 8.248122011765708805e+01
1.267006654898065676e+02 4.953338798359335726e+01 8.236653408918401453e+01
1.266925474683773132e+02 4.953089113176640268e+01 8.233588223302697884e+01
1.265237779233190309e+02 4.935260839329681204e+01 8.220177656718294656e+01
1.262046363083026534e+02 4.904927487201285174e+01 8.193654786741095108e+01
1.261860552198950103e+02 4.903822915808238037e+01 8.192095663978972198e+01
1.263927213949984889e+02 4.924391509836323877e+01 8.207618217331651067e+01
1.265824980373616881e+02 4.941000706983522406e+01 8.222907422748676254e+01
1.265244357505230113e+02 4.926957903396267824e+01 8.222331137202513673e+01
1.261853598025650882e+02 4.888853226461714030e+01 8.196165951731386201e+01
1.259768762894497485e+02 4.863073050626670835e+01 8.177971174156499501e+01
1.261639565631636941e+02 4.875112734233472622e+01 8.190462517584226987e+01
1.264252137215525948e+02 4.889441078200474067e+01 8.208201731748187058e+01
1.264149863157483793e+02 4.886677336479337441e+01 8.204749801567508882e+01
1.263775075144107518e+02 4.880283256056709007e+01 8.204984884432049341e+01
1.264406430224774454e+02 4.886071412564643879e+01 8.206450465611540324e+01
1.266051215100820997e+02 4.903061426603110107e+01 8.215926791783955707e+01
1.266785769534937884e+02 4.911964358777511563e+01 8.224502689862666216e+01
1.266364167357023831e+02 4.918924893482594740e+01 8.223180095739159867e+01
1.266746415564625323e+02 4.933614970123078791e+01 8.223402311214435656e+01
1.266676541303596650e+02 4.934518723497154014e+01 8.226424412762715122e+01
1.266902212178911640e+02 4.936113846033735797e+01 8.225644128494616325e+01
1.268370482498181957e+02 4.950858428356834651e+01 8.235203586676324505e+01
1.271224093535799540e+02 4.978561049978964093e+01 8.257686674734085841e+01
1.272296322962795898e+02 4.985857148846778131e+01 8.264955882204111504e+01
1.271754056480610018e+02 4.981011637035526718e+01 8.259716686112328432e+01
1.268641955496182447e+02 4.950120649846530796e+01 8.236355434881612325e+01
1.267525658875390207e+02 4.937252393117537252e+01 8.224850253950215517e+01
1.264583580922143682e+02 4.919280987637186087e+01 8.204064793810930212e+01
1.261141294054543209e+02 4.895462871798875426e+01 8.171697815869104886e+01
1.257742770768183078e+02 4.870349486967069907e+01 8.141930484290941195e+01
1.256732160232249100e+02 4.863814732726975620e+01 8.136319579684561631e+01
1.256040964562631643e+02 4.855213244447143239e+01 8.129214756726825897e+01
1.254759011148363896e+02 4.833286634830721340e+01 8.117307650602670321e+01
1.255068594750972579e+02 4.829082468398993200e+01 8.121785357489326884e+01
1.257614443861315578e+02 4.842887442150964716e+01 8.146069590889310064e+01
1.258231370116717329e+02 4.850441467113699900e+01 8.157399110270634424e+01
1.257486724179559303e+02 4.842030676434316661e+01 8.153851903578436122e+01
1.258058990473794552e+02 4.845503281184262789e+01 8.161797444160590942e+01
1.258617073724357454e+02 4.846393155127221064e+01 8.164202778488616730e+01
1.259266891339957937e+02 4.850643586329338319e+01 8.171985524909963772e+01
1.258749217474782114e+02 4.847181824884952306e+01 8.167284445928773096e+01
1.259475661116340035e+02 4.857125858970522359e+01 8.163403988312362003e+01
1.260674092162314111e+02 4.871893718256222883e+01 8.162518740846442711e+01
1.259752917210639112e+02 4.864936075099288360e+01 8.152642658142383425e+01
1.259815446939368542e+02 4.865166097754568142e+01 8.152128107149208347e+01
1.259026169956525507e+02 4.856770776857783289e+01 8.146454022215763757e+01
1.258359480157473769e+02 4.848873814284537076e+01 8.139824425196371749e+01
1.258726591110513482e+02 4.852512393898255283e+01 8.141306199045500591e+01
1.257515364963978470e+02 4.843371342733756535e+01 8.133993184621012063e+01
1.254804943390716119e+02 4.813129363526878990e+01 8.114704968113453276e+01
1.254916629437984312e+02 4.812346332288039008e+01 8.109735264309188096e+01
1.257753353834409751e+02 4.827430816096092059e+01 8.133355019944453090e+01
1.258551695820700900e+02 4.821777116577101197e+01 8.142820936543530763e+01
1.256753745639183961e+02 4.793626304991823872e+01 8.131090359433892445e+01
1.255745043525028564e+02 4.776543761412579414e+01 8.128572543882857815e+01
1.257135227586526014e+02 4.789293320090042982e+01 8.139535414958845649e+01
1.260569953055715757e+02 4.822372341763642112e+01 8.171574925072758333e+01
1.260344831574549147e+02 4.822527617899261543e+01 8.169378505098522680e+01
1.258781732933721429e+02 4.811969708141587887e+01 8.159424928904060437e+01
1.257939540619745458e+02 4.812867244687141977e+01 8.157063112375681158e+01
1.258579526971638245e+02 4.819014242320409380e+01 8.165218290198663453e+01
1.258956584850311771e+02 4.823485876955951568e+01 8.163238013448589925e+01
1.259702372948988796e+02 4.828177124673435827e+01 8.161065882478808931e+01
1.260246475564249522e+02 4.832818637762751024e+01 8.161420097127101769e+01
1.257829965402626442e+02 4.816164043309608189e+01 8.142565034532313462e+01
1.254428449363931719e+02 4.780759783191719947e+01 8.110908220815966274e+01
1.255928454424141023e+02 4.796400022554075804e+01 8.124718977664235808e+01
1.258027848500226327e+02 4.817365915297880008e+01 8.149623737297066839e+01
1.260972586677770266e+02 4.843727870620569576e+01 8.184299761013545549e+01
1.262139427560212823e+02 4.851302570152572713e+01 8.197090235097321909e+01
1.261972397281366369e+02 4.848898103288991734e+01 8.198587334151640960e+01
1.264325539165296846e+02 4.878594736514903474e+01 8.211443012646185480e+01
1.266679505140449749e+02 4.909800757874769772e+01 8.224478545435619026e+01
1.267000712766618875e+02 4.919148120999723517e+01 8.224560520825652077e+01
1.267633773860693935e+02 4.925211119159253315e+01 8.228420737605017621e+01
1.269503810337573810e+02 4.941551402328563825e+01 8.242774527195733469e+01
1.270455505579965063e+02 4.948767260735233720e+01 8.249288028556929930e+01
1.268878744374131600e+02 4.943541221187530255e+01 8.242798382467965723e+01
1.266949055258930912e+02 4.935746763996177577e+01 8.231518163982586600e+01
1.266421289890713950e+02 4.934996696406239636e+01 8.225931403803252806e+01
1.266199074415437451e+02 4.935043828641073560e+01 8.225707887131309803e+01
1.265173225420756467e+02 4.929489742955827580e+01 8.215695034199785596e+01
1.264758548500659998e+02 4.922014512680161857e+01 8.206945787809522130e+01
1.263717273096602298e+02 4.907271809863360090e+01 8.199241113188206498e+01
1.261976994842923858e+02 4.888629131480140444e+01 8.184476290028062806e+01
1.262284048340901990e+02 4.892715756479597644e+01 8.189857171979163297e+01
1.263726367015531906e+02 4.908503464797569649e+01 8.198021024446593685e+01
1.264672336992587560e+02 4.914549981132648071e+01 8.205736253218654497e+01
1.264706283767860668e+02 4.914893207897974747e+01 8.206114178561773542e+01
1.264305370616955173e+02 4.911830190943381780e+01 8.199836627529562350e+01
1.265170941097718469e+02 4.918214006370080682e+01 8.206810318778725843e+01
1.266013494855212969e+02 4.925701236570566266e+01 8.214676341786774572e+01
1.268115014219188055e+02 4.942112507246942243e+01 8.233768366752400425e+01
1.272397599436726381e+02 4.981967293698883026e+01 8.272026440316277274e+01
1.275115669154843800e+02 5.008822980868071539e+01 8.290729407478410451e+01
1.276986211652649956e+02 5.024929482369508094e+01 8.308469344529407863e+01
1.277069936429313941e+02 5.044292300819320474e+01 8.307013883768439655e+01
1.275948912127297490e+02 5.048485623945488499e+01 8.302648802682199403e+01
1.274766789412885544e+02 5.044030037402175282e+01 8.294184373784645459e+01
1.275124922108921766e+02 5.053577784813878537e+01 8.294299891133212554e+01
1.274631551705941064e+02 5.055192714455282754e+01 8.292437444970224192e+01
1.273486223941729492e+02 5.049097620111295726e+01 8.285534741228127587e+01
1.271310868895761104e+02 5.032804180022004914e+01 8.268326126149571564e+01
1.270235531054504179e+02 5.027564983930221132e+01 8.262263127990041767e+01
1.269834429952968975e+02 5.030845300728236680e+01 8.258496452793308151e+01
1.271499527954764659e+02 5.049843061224194685e+01 8.272003452508489829e+01
1.271413793552136724e+02 5.048971837766799808e+01 8.273932115124098630e+01
1.269133330730939946e+02 5.020209608325345130e+01 8.253419472552701563e+01
1.265014826413135722e+02 4.971673816019465875e+01 8.214491427282624159e+01
1.260089016309777321e+02 4.906495284607855467e+01 8.172520461317591867e+01
1.261646505347195415e+02 4.925514587137526235e+01 8.187659595385667899e+01
1.265076546508383331e+02 4.958971534154243699e+01 8.212356308129153604e+01
1.266580050341853223e+02 4.957766915195229984e+01 8.220417076905060583e+01
1.266492870165150748e+02 4.941798195963109919e+01 8.217020230716626372e+01
1.269981074817362554e+02 4.964628414376198862e+01 8.246297734038293470e+01
1.274881482670229076e+02 5.004805463869382720e+01 8.288535879052324162e+01
1.275895360655571835e+02 5.011168749304221137e+01 8.294500998306997985e+01
1.274071661237784951e+02 5.003049282100883488e+01 8.281249322293402315e+01
1.270883237839955768e+02 4.993091079429381551e+01 8.261351133703740857e+01
1.269669033398826912e+02 4.989970954398840064e+01 8.254005878517386918e+01
1.269642720310667983e+02 4.999214221790417412e+01 8.257970046452720680e+01
1.271612067008736773e+02 5.020907772626002696e+01 8.273200119710092793e+01
1.272450456936896330e+02 5.025084180195497652e+01 8.279335840305579097e+01
1.271903000125782341e+02 5.018449522966844256e+01 8.273557948793573757e+01
1.269695418775689575e+02 4.995867110230152974e+01 8.257133666150525642e+01
1.266813513939430749e+02 4.968405065414047783e+01 8.228734181424405847e+01
1.263520373125373197e+02 4.935417127507152912e+01 8.206161021641791820e+01
1.262647038837829001e+02 4.930067908008287247e+01 8.197524111897129728e+01
1.265289624691507981e+02 4.960034900986162398e+01 8.219860887618536083e+01
1.268253924192282227e+02 4.988540505529363145e+01 8.236713263965093290e+01
1.268443176018656260e+02 4.987099068776918642e+01 8.237001551315582049e+01
1.267858476067378888e+02 4.981827053613640288e+01 8.230870457197136147e+01
1.269226308461681896e+02 4.998251769988910809e+01 8.242768165789804868e+01
1.272817018495787806e+02 5.029599766362909463e+01 8.274276353931276162e+01
1.274655045534654505e+02 5.048728658567440419e+01 8.288821564009478493e+01
1.273563486108279790e+02 5.036360350513466955e+01 8.280988649227739984e+01
1.272221446323468825e+02 5.023801344859044349e+01 8.267103001282401920e+01
1.273067238614890613e+02 5.034940600372141972e+01 8.273540310349862636e+01
1.273738005496833097e+02 5.047865965177085457e+01 8.282087003792265989e+01
1.274019410962726511e+02 5.053537447717194908e+01 8.287929665982815663e+01
1.274021449504171812e+02 5.055000137348537237e+01 8.286569337155960113e+01
1.274972118246970041e+02 5.067769936863046354e+01 8.290819768358078079e+01
1.273705345460486313e+02 5.061308483368537736e+01 8.280230051570761418e+01
1.271342083158033205e+02 5.048969524528280317e+01 8.263396759441988593e+01
1.269353608868956513e+02 5.032356857523302551e+01 8.246070169198939936e+01
1.268807554458694966e+02 5.030926264076418164e+01 8.245234078051559834e+01
1.268127896066193330e+02 5.023704044263818957e+01 8.239628233654440237e+01
1.267503177088529043e+02 5.011820359679673942e+01 8.234140653576628210e+01
1.265891023333347789e+02 4.985236333459115343e+01 8.218517908080575296e+01
1.265980762530162451e+02 4.978399990747045933e+01 8.215695612509415469e+01
1.268067347047946214e+02 4.993199946217204399e+01 8.231258069226554142e+01
1.270585422838314713e+02 5.016638257206099638e+01 8.256802583887426294e+01
1.270657841661714826e+02 5.016651124595364308e+01 8.259097750230962731e+01
1.268645656677813633e+02 4.992161735854185167e+01 8.240163459216881847e+01
1.267728009414880717e+02 4.981463152279045659e+01 8.234234195159258718e+01
1.268229143624642319e+02 4.987628366665654767e+01 8.238581926956602786e+01
1.269826376991372996e+02 5.004078094932417287e+01 8.254071082928155079e+01
1.269987118152994725e+02 5.007815420915435567e+01 8.256166298717164409e+01
1.270275275383816904e+02 5.004841897376064708e+01 8.256180901035318698e+01
1.269653809397820652e+02 5.000171613382663338e+01 8.249967976104245793e+01
1.270513943768063143e+02 5.005038233495404398e+01 8.253871999838072782e+01
1.272051351003584045e+02 5.022293113344350246e+01 8.264482969504287269e+01
1.272757394772948345e+02 5.027612983629499865e+01 8.264298488732359260e+01
1.272387218778870306e+02 5.021987765859780239e+01 8.260381019299637728e+01
1.272195697087199022e+02 5.024878880276894932e+01 8.257581277804042941e+01
1.272268101452858389e+02 5.026791350222865873e+01 8.260855377773536645e+01
1.271519176024439304e+02 5.017850105035486763e+01 8.256833234297809554e+01
1.269935663053677217e+02 5.009515940382060251e+01 8.245438655083124502e+01
1.270616463607697852e+02 5.017235940208567513e+01 8.251784302074251798e+01
1.273874992590407800e+02 5.056451983674319450e+01 8.278442930237063990e+01
1.275880324605195284e+02 5.075786320374860594e+01 8.294433191502896818e+01
1.278581073949898155e+02 5.104529176443713823e+01 8.323689008213442264e+01
1.279315975369792824e+02 5.115182362712908315e+01 8.332483507332243278e+01
1.278668297499822870e+02 5.109486591168344205e+01 8.330054317731985236e+01
1.277106688006292075e+02 5.098241360415573098e+01 8.316992616431801366e+01
1.274537634222050713e+02 5.077619706478947137e+01 8.295100127083540542e+01
1.272460418320270747e+02 5.058242719443203583e+01 8.275361407374315093e+01
1.271337312103586754e+02 5.048920946519371000e+01 8.266679823210746747e+01
1.271822542798526996e+02 5.051803241714630133e+01 8.269880188702431667e+01
1.273174963241194177e+02 5.061679468996097597e+01 8.280002775886222821e+01
1.272596957223882441e+02 5.056049769326746457e+01 8.274394473673177686e+01
1.268948257191641744e+02 5.018803448460322869e+01 8.242725370877194280e+01
1.267360464729618599e+02 5.005199726459544962e+01 8.225184806071094101e+01
1.270470613919045348e+02 5.035199249354100459e+01 8.253947324667363716e+01
1.272322636050954827e+02 5.053160823570743787e+01 8.264294585142357619e+01
1.271615204338478833e+02 5.049517039170356725e+01 8.260484825878199899e+01
1.266869378649675895e+02 5.004393418258102599e+01 8.220322812435391313e+01
1.262318660172249594e+02 4.955592326409521320e+01 8.184133786149773471e+01
1.261006331044672919e+02 4.940332181051395821e+01 8.172926434677758323e+01
1.260828139389970062e+02 4.936158809607457698e+01 8.170582834902721459e+01
1.261320945941061638e+02 4.938495903399159204e+01 8.176376196197324475e+01
1.262577511562578110e+02 4.955285388573469163e+01 8.189563101532375811e+01
1.264106475477503011e+02 4.953049932699217095e+01 8.198592249783494879e+01
1.263939705437990000e+02 4.939193778545001834e+01 8.198094469769587533e+01
1.263468412005129551e+02 4.922792049977518047e+01 8.196052458466525081e+01
1.264451249221089171e+02 4.923601972614147826e+01 8.200531466549847437e+01
1.263958167972923547e+02 4.914760341260512888e+01 8.196319203783301077e+01
1.262859625457768260e+02 4.900646550166191417e+01 8.178982782276544583e+01
1.261328810952027766e+02 4.884090412927533720e+01 8.166153850602381681e+01
1.259371406347815707e+02 4.868905447821290977e+01 8.151055053630989278e+01
1.259185855703072718e+02 4.865858623536334449e+01 8.149603207305207775e+01
1.259410254297201988e+02 4.865136459386037870e+01 8.154202070059319851e+01
1.259521318661618068e+02 4.867064543692015377e+01 8.153398508828620095e+01
1.261491388246724199e+02 4.883398320877989818e+01 8.169575853259713938e+01
1.263234861661107686e+02 4.895519256987787315e+01 8.182848782152208855e+01
1.264060601066113776e+02 4.903598820826664451e+01 8.186343796400311135e+01
1.265156454441490297e+02 4.913853118028658429e+01 8.192691322897735517e+01
1.265457320026428789e+02 4.920024115511565554e+01 8.193346113976153333e+01
1.266179556465429386e+02 4.923157541663594117e+01 8.197490714516005994e+01
1.264347500473490982e+02 4.906742801129438902e+01 8.181137274802615877e+01
1.262663347169391272e+02 4.890047580424797502e+01 8.163452566321271320e+01
1.261702832705144459e+02 4.881631151226522292e+01 8.159513121122614621e+01
1.261104007541157586e+02 4.877400671706634938e+01 8.157557422531810687e+01
1.261730360243526121e+02 4.882710710728077430e+01 8.162065346096626683e+01
1.263740174157944978e+02 4.901534255448038380e+01 8.173149373040072874e+01
1.264232778300666098e+02 4.904442429999233610e+01 8.175323383516150955e+01
1.265037481692885848e+02 4.908955558350718462e+01 8.182240255844180865e+01
1.264622212005418760e+02 4.907880480748795549e+01 8.184037642173808536e+01
1.265136849745037750e+02 4.911885853245257039e+01 8.189735437802076490e+01
1.265505507676337515e+02 4.914495909182255673e+01 8.193796472600412528e+01
1.265645675472876519e+02 4.917764948942488701e+01 8.197333848028904413e+01
1.268413407530458841e+02 4.949039933725716622e+01 8.225182059100352205e+01
1.271846745056537031e+02 4.987431596814091961e+01 8.257127304744597041e+01
1.273084746938934870e+02 5.004085323802790697e+01 8.266776256341526619e+01
1.269218241042345312e+02 4.971356179455261071e+01 8.237501933722825243e+01
1.265422867230229400e+02 4.932597723484141738e+01 8.201442159639481133e+01
1.265309995648219967e+02 4.929278949095740359e+01 8.200390937309789763e+01
1.266614633257719333e+02 4.947695797568497511e+01 8.206564392608625269e+01
1.264912104165130557e+02 4.941082393218741231e+01 8.191680582242135245e+01
1.259428948155987484e+02 4.905541652028204425e+01 8.148053626651977766e+01
1.258613806274948672e+02 4.897920543148404704e+01 8.141843882423869161e+01
1.259952274997795172e+02 4.910201092716045679e+01 8.149927928162377100e+01
1.261598100831175486e+02 4.915207808336622719e+01 8.158688740745238022e+01
1.259663062351898475e+02 4.889577559273122631e+01 8.142734479253864777e+01
1.256968168392198066e+02 4.856768029887041394e+01 8.122616533004853068e+01
1.253482219147542622e+02 4.813960828197220820e+01 8.094803165088603691e+01
1.252109948226830340e+02 4.802942005664542791e+01 8.083581934185473017e+01
1.253256215744190456e+02 4.808560862028334526e+01 8.091101983457453173e+01
1.254369664190055715e+02 4.812430910071406487e+01 8.093455125341382939e+01
1.255130849782627820e+02 4.814443283005937957e+01 8.099430943324210830e+01
1.255217769719996994e+02 4.814849834675734286e+01 8.106194274445509507e+01
1.258095351691772521e+02 4.841762051611242867e+01 8.130180822963518494e+01
1.261200831030938190e+02 4.869969103808024613e+01 8.158675295046344900e+01
1.260179391647184843e+02 4.857190485071659936e+01 8.149324606641017965e+01
1.255780407158894860e+02 4.809684517639166756e+01 8.113128351485026712e+01
1.256118515883996878e+02 4.809375555719410045e+01 8.112140164904991479e+01
1.260793166115103787e+02 4.849864747835314915e+01 8.148253866361319808e+01
1.262233879980510949e+02 4.861011376796193417e+01 8.158601560568536115e+01
1.262078574929410024e+02 4.858956353526459537e+01 8.164114007960432673e+01
1.260446585153924275e+02 4.844263240760419365e+01 8.160138707564723859e+01
1.257274947193101866e+02 4.818237427910090531e+01 8.129060781787873680e+01
1.256733663837286770e+02 4.813381506525501408e+01 8.126112703872216514e+01
1.257180841758581806e+02 4.819262626306437625e+01 8.135048165963297606e+01
1.257165964743353470e+02 4.822363088809564147e+01 8.138144869453829244e+01
1.256912274766471285e+02 4.823351853699229963e+01 8.142167446661780161e+01
1.258372015018701120e+02 4.841574390136351269e+01 8.157229810126490577e+01
1.260601225148950846e+02 4.863631986883937941e+01 8.178719795972362760e+01
1.260846573009422116e+02 4.862083273695152741e+01 8.181812885027707694e+01
1.259860569548238942e+02 4.852515285446404647e+01 8.168230849638050017e+01
1.259362587125960147e+02 4.846269686021243928e+01 8.156359020401318105e+01
1.261904763970153454e+02 4.870204764982194945e+01 8.178613676155282519e+01
1.262076348437335156e+02 4.868458559054811019e+01 8.175631333394055389e+01
1.258040802635935336e+02 4.825174541075164569e+01 8.141777521393841255e+01
1.254692144097410420e+02 4.791383186514975989e+01 8.105879384852046599e+01
1.253262953051378474e+02 4.775888102869716789e+01 8.091778027414767394e+01
1.255749510966919189e+02 4.804063348036855530e+01 8.110944654322648262e+01
1.259342187253766667e+02 4.830371375986560167e+01 8.154696813947671785e+01
1.259747712423970398e+02 4.826236028400786182e+01 8.167562034551109207e+01
1.258675584201159268e+02 4.811990238133447662e+01 8.166391246705441631e+01
1.256687225574008409e+02 4.791114561691902907e+01 8.151171149289184825e+01
1.257249096752646835e+02 4.796453949927060734e+01 8.153494074494955157e+01
1.258567237892003590e+02 4.807265159302616553e+01 8.162807461929153874e+01
1.259580927926716640e+02 4.816413728492303647e+01 8.165264988701275684e+01
1.259612387970581437e+02 4.819522431907655857e+01 8.160821835815004022e+01
1.259630069787514515e+02 4.816639124670544447e+01 8.153389545029357066e+01
1.258579526971638245e+02 4.806631331948281627e+01 8.140689431825246913e+01
1.256015273157324827e+02 4.782299821736056344e+01 8.119821707141112199e+01
1.252111596409275478e+02 4.762700619225036291e+01 8.094533383646270863e+01
1.249926612507969850e+02 4.761054894595841347e+01 8.077702115601204014e+01
1.251153308437103817e+02 4.786553578218546079e+01 8.089289850232263746e+01
1.253945156006251551e+02 4.824473918958580043e+01 8.115175278419943083e+01
1.254928426954433576e+02 4.838524818880652845e+01 8.126556701090547108e+01
1.255855139220814465e+02 4.837577113974707288e+01 8.133538344097121353e+01
1.254942624455846811e+02 4.813411867781069020e+01 8.120908061780818343e+01
1.253976341353042159e+02 4.792519709515072890e+01 8.108004672741809316e+01
1.256332577193492313e+02 4.806121262854738774e+01 8.120409992612094641e+01
1.258269740960659107e+02 4.823185300525828012e+01 8.135761800046553560e+01
1.258813337554993694e+02 4.824148041482149551e+01 8.139321440395795548e+01
1.259041639739124463e+02 4.825449671881573721e+01 8.139124670544232742e+01
1.258822113403626872e+02 4.823636671191939485e+01 8.142707587856075691e+01
1.258938686167267349e+02 4.822244535335440929e+01 8.145837833305141373e+01
1.258523893585245048e+02 4.819935923293010660e+01 8.139789292886358396e+01
1.259149884844094913e+02 4.834699300679080380e+01 8.145580774674664326e+01
1.261516154356623360e+02 4.860732776132005029e+01 8.161489205127871571e+01
1.262862936280399140e+02 4.879366635293369114e+01 8.174427003589856611e+01
1.262997942663491813e+02 4.883931811511542520e+01 8.176577447948518795e+01
1.264676226124848313e+02 4.898636490470180149e+01 8.185568427764067678e+01
1.267793690931092954e+02 4.937624390786949391e+01 8.207440387120466596e+01
1.269597612159538329e+02 4.965370819363540988e+01 8.222293402499164472e+01
1.271492805105317387e+02 4.988241085718499335e+01 8.243595293137921942e+01
1.273989049707158472e+02 5.022105741024272874e+01 8.268190512541367809e+01
1.275145596678189435e+02 5.038916189922665723e+01 8.281620452498370355e+01
1.274935829317695806e+02 5.053252341069670450e+01 8.283293646834984258e+01
1.273508402116034972e+02 5.055801385340718213e+01 8.276008825004952030e+01
1.271132937480391689e+02 5.043054573633996540e+01 8.255597675773597643e+01
1.269380933998967720e+02 5.031722451859337752e+01 8.245266897123053695e+01
1.270936876058125904e+02 5.048924850109372642e+01 8.258259490422469185e+01
1.270628000884813673e+02 5.048777959463386367e+01 8.258141515257976550e+01
1.267767493504859999e+02 5.024210065189952701e+01 8.235583536103146685e+01
1.262458408694306939e+02 4.968335523681056287e+01 8.189984978407363769e+01
1.261263678829963908e+02 4.956322297739821181e+01 8.179127504261418835e+01
1.260875011385470827e+02 4.952060589499921406e+01 8.175259914034273834e+01
1.262490201266208913e+02 4.955008811992985329e+01 8.188651251823482369e+01
1.264213882033510146e+02 4.960554801343413089e+01 8.201119029133793958e+01
1.263976717254301576e+02 4.953331135756739911e+01 8.203843156645284296e+01
1.264183072587978955e+02 4.951674134089762447e+01 8.207383712776739060e+01
1.263278668615570126e+02 4.947006741644510441e+01 8.203289136019870398e+01
1.262252588297037192e+02 4.941899544725743709e+01 8.192490794033579959e+01
1.262852020686135432e+02 4.944090326181088813e+01 8.194260855233196139e+01
1.263538662167417783e+02 4.954094938200387332e+01 8.201108185828233843e+01
1.263713268302415429e+02 4.956328514568342314e+01 8.202785428332256856e+01
1.263753272871061597e+02 4.958320068356198362e+01 8.200467997067970316e+01
1.261893400185926595e+02 4.936193074453027663e+01 8.180022438413638497e+01
1.258194893236813385e+02 4.894973911006822931e+01 8.148016325680850969e+01
1.256976698459238548e+02 4.883086322832676274e+01 8.131659560687089083e+01
1.257065902719645578e+02 4.882203822337498877e+01 8.133190635432163162e+01
1.258138247808567911e+02 4.881599633351694933e+01 8.139553342557371707e+01
1.258883125069577886e+02 4.875030469688623924e+01 8.138587999207716450e+01
1.260138375036686540e+02 4.880908408766595841e+01 8.144547190788684077e+01
1.260566468740195774e+02 4.882332207075329222e+01 8.148628321846658196e+01
1.260313313699721363e+02 4.877270552039914975e+01 8.144688876648001497e+01
1.259729293262259091e+02 4.872891157790336791e+01 8.142338192579998690e+01
1.259436278230545980e+02 4.873794911164412014e+01 8.140289964448415105e+01
1.258906315285735502e+02 4.875850223588960830e+01 8.139251320353173469e+01
1.259265488939105495e+02 4.881219394770057107e+01 8.144058952883668212e+01
1.260128717265867664e+02 4.890321554611946908e+01 8.151477653393014577e+01
1.261307109883166930e+02 4.906653018559401858e+01 8.164203645953061539e+01
1.261392641877424410e+02 4.908809246014362060e+01 8.168192247470257428e+01
1.259497289896496994e+02 4.890886852275142616e+01 8.155563989237657552e+01
1.255584027666332645e+02 4.853977541345523861e+01 8.122130319183541758e+01
1.252859770035175728e+02 4.823296914284392756e+01 8.097014765690624927e+01
1.253301323895320110e+02 4.825688947490931469e+01 8.098290950466333982e+01
1.254231506019480378e+02 4.825431021396010323e+01 8.104662476813398087e+01
1.256032998347480287e+02 4.828013173893368304e+01 8.120917603889711245e+01
1.255268646509684487e+02 4.813868876966071753e+01 8.112998810127936622e+01
1.254414555475074167e+02 4.796746863754588475e+01 8.104595248318926792e+01
1.256061537927714227e+02 4.811440843985074167e+01 8.114683715234555450e+01
1.259768343620015827e+02 4.845560100105397083e+01 8.141957231111322812e+01
1.259464832268520667e+02 4.845492582456110142e+01 8.136248303022679806e+01
1.258001014933400370e+02 4.826998385070358921e+01 8.116478499170848693e+01
1.257642520793845620e+02 4.823908332140569399e+01 8.111081713704926699e+01
1.255721462949870642e+02 4.804336021027338433e+01 8.095851929602368102e+01
1.250275477792187360e+02 4.749373907536964623e+01 8.054087131020384049e+01
1.249385314694414006e+02 4.738724046548141899e+01 8.046023181541512770e+01
1.252380626049089756e+02 4.765102339117875374e+01 8.069288433373669989e+01
1.255452679091649060e+02 4.794168325692417199e+01 8.094462396139205396e+01
1.256017369529733116e+02 4.796692068917158736e+01 8.101263317386445806e+01
1.254936769070844349e+02 4.781871728032547253e+01 8.095538630360388765e+01
1.252911138388048613e+02 4.759799818121621229e+01 8.078437580872987667e+01
1.252071100277444060e+02 4.747669339902930830e+01 8.066353367424686382e+01
1.253564107791131903e+02 4.761256001769627488e+01 8.076843759533072387e+01
1.254748803983396783e+02 4.767850466479005433e+01 8.091764147983651867e+01
1.255863394590780899e+02 4.775787332416712871e+01 8.099474027391634934e+01
1.255614229886752469e+02 4.773350913946081420e+01 8.101809530831855000e+01
1.254057709517964412e+02 4.756551019198433750e+01 8.090819045471040738e+01
1.253475221601021303e+02 4.746249156029384153e+01 8.083304923872766778e+01
1.255250097228306458e+02 4.763756757186581581e+01 8.095488028267774894e+01
1.258148859790276077e+02 4.790938900141830459e+01 8.114904918667978961e+01
1.258100397443293161e+02 4.789724739073923843e+01 8.113403337714028396e+01
1.255738407422025773e+02 4.762427946234553389e+01 8.093142838141254458e+01
1.253905238184049864e+02 4.745880339062936315e+01 8.078933915112820330e+01
1.255530230413014294e+02 4.766157609614975854e+01 8.094546829345165406e+01
1.257636925648176600e+02 4.788993611124364236e+01 8.110986148038590215e+01
1.257257699108391193e+02 4.787920846760960103e+01 8.113332350206962928e+01
1.254958470139705184e+02 4.766790714082273439e+01 8.099468099717930158e+01
1.255676904192889367e+02 4.777832090690516509e+01 8.106768969640189937e+01
1.258804084600915729e+02 4.806611091111236078e+01 8.129683042949609728e+01
1.259608527753802036e+02 4.818171066880062625e+01 8.126913662709583264e+01
1.258794528034282223e+02 4.813437891714413297e+01 8.110135165418240888e+01
1.259247879410876010e+02 4.816476764241959074e+01 8.111456169190265086e+01
1.262125446924910790e+02 4.842587877762693438e+01 8.129624489099586526e+01
1.262684947034066738e+02 4.851515098941548843e+01 8.132260568969928727e+01
1.260666834376459349e+02 4.842083013455819440e+01 8.120372691640967844e+01
1.256333010925714717e+02 4.808243514618944658e+01 8.091201308136382409e+01
1.253905512881124054e+02 4.795506100443707709e+01 8.073300456430875727e+01
1.256876867759382748e+02 4.825288468072248094e+01 8.096395251499629353e+01
1.259277980427110606e+02 4.841854725729429276e+01 8.118884556385911822e+01
1.258334338146315190e+02 4.824707122316824126e+01 8.111730432532229429e+01
1.253896780405713116e+02 4.775737164056321404e+01 8.076364340849912082e+01
1.252404336743914399e+02 4.759716252380105317e+01 8.062169441830002370e+01
1.255168035091828358e+02 4.783712198429600448e+01 8.081769656382876121e+01
1.257851811048894604e+02 4.812312645752098916e+01 8.102341141959111326e+01
1.257343043152018822e+02 4.808135226140751683e+01 8.100195902387117997e+01
1.256403102052854592e+02 4.794365818431017345e+01 8.093120717797913244e+01
1.256935190285554853e+02 4.799936819672937105e+01 8.094567214759618423e+01
1.258434848359986233e+02 4.813263531361008063e+01 8.105727289419391468e+01
1.259557217231891997e+02 4.824930783566175307e+01 8.108254068769689127e+01
1.258609150882428196e+02 4.815300337877400949e+01 8.100859368109982483e+01
1.256567992586070517e+02 4.799926120944784458e+01 8.078331750210720941e+01
1.255386303603880975e+02 4.787347886495169291e+01 8.073525418876893411e+01
1.257699730073980220e+02 4.809435699920916107e+01 8.094838586553433402e+01
1.258215871418636880e+02 4.812629270274451443e+01 8.098995042440698455e+01
1.256251903000125765e+02 4.788393614883376870e+01 8.080501134209761460e+01
1.256037509162593153e+02 4.785992617877574418e+01 8.081443923483853098e+01
1.259053451713314615e+02 4.814774220691629125e+01 8.109278255124185364e+01
1.260062630932914658e+02 4.824269197349607197e+01 8.121272396847633956e+01
1.259679833331164645e+02 4.819335493319800889e+01 8.119916983652632325e+01
1.256082169123759655e+02 4.793040911068990795e+01 8.092681491634027680e+01
1.253786178689000934e+02 4.772978627121854345e+01 8.077353828626615950e+01
1.250111180026342055e+02 4.747111849419738405e+01 8.053883855185485174e+01
1.248296198626225504e+02 4.728862566162236192e+01 8.033398537744101020e+01
1.245997779291021317e+02 4.702544996103638653e+01 8.015559565168989309e+01
1.248316468378752262e+02 4.714585258020070313e+01 8.033090877021011522e+01
1.251377013059677239e+02 4.737240248615309923e+01 8.052112348211794313e+01
1.251822412678860275e+02 4.737874509701867254e+01 8.053566074043872902e+01
1.251340753045884497e+02 4.731400622550316371e+01 8.050090144013555005e+01
1.250691412535728659e+02 4.724594062784184700e+01 8.045061886359266623e+01
1.251248107843179724e+02 4.727331635994569581e+01 8.049777567658611588e+01
1.253486946828766833e+02 4.747275800199805929e+01 8.069039037345790177e+01
1.255004951776205786e+02 4.763149821230035741e+01 8.081221997163390824e+01
1.254584289351440276e+02 4.760639957436411152e+01 8.082210039166020010e+01
1.252689298814031531e+02 4.744938417253289487e+01 8.070818640654299259e+01
1.252382707963757298e+02 4.740922056873860413e+01 8.071798875476925161e+01
1.253728853746940359e+02 4.753596146144626289e+01 8.090827430960673894e+01
1.254404391683329152e+02 4.760193357824746130e+01 8.098164011502578319e+01
1.254848114204585698e+02 4.764747112427729547e+01 8.100011277037782520e+01
1.255215456481477503e+02 4.771343601220811337e+01 8.101580231063613269e+01
1.254863887599740337e+02 4.763481915534986655e+01 8.097505605988975219e+01
1.253914895954868740e+02 4.754361828094570797e+01 8.087881232551313815e+01
1.252251272642629232e+02 4.735835389946954876e+01 8.069482889986713303e+01
1.251512511005955162e+02 4.729953402701573140e+01 8.062784040389144025e+01
1.251703020655774168e+02 4.733877378117630741e+01 8.065190820491244494e+01
1.252376765832310497e+02 4.739514017502541066e+01 8.066093706400874908e+01
1.253258832595265631e+02 4.742880068703183838e+01 8.073261565108266780e+01
1.251553860144490642e+02 4.723674984204918559e+01 8.055703795590677885e+01
1.249800685586066180e+02 4.701201871988271819e+01 8.037755088763299227e+01
1.251083116105778572e+02 4.709812324067367229e+01 8.042699057789035066e+01
1.254622790315048633e+02 4.731313442373613753e+01 8.073933705475580780e+01
1.256606334514530801e+02 4.742071158108407047e+01 8.086707408580090828e+01
1.253930148871356494e+02 4.704593802544851400e+01 8.058773607683421858e+01
1.251209679168275102e+02 4.663052809789625286e+01 8.028715241784027512e+01
1.251066504161660617e+02 4.662578451315726369e+01 8.030475471719935854e+01
1.253939777726693734e+02 4.698509117774202082e+01 8.061947370932134049e+01
1.254411996454961979e+02 4.705738855611988924e+01 8.070599172149765366e+01
1.253576873976211203e+02 4.699117933237045008e+01 8.064848027458141644e+01
1.253557616265536581e+02 4.695993037152056360e+01 8.063215748527841242e+01
1.252152092541107038e+02 4.682604012601366605e+01 8.052028348738056707e+01
1.249789625414395005e+02 4.656058877703416954e+01 8.024673869513107149e+01
1.248668181837896896e+02 4.643790472638002598e+01 8.013624251992638392e+01
1.249195426727446971e+02 4.646208096045663183e+01 8.013662998737839871e+01
1.249965879731837788e+02 4.653196678767795902e+01 8.016065007785493890e+01
1.250004424068668527e+02 4.653178172859639972e+01 8.025050204504742624e+01
1.249907817444999125e+02 4.650855681386092755e+01 8.037092635082285597e+01
1.250501220956206083e+02 4.656853619712261860e+01 8.057779927161901412e+01
1.251392641877424410e+02 4.671950248022542240e+01 8.072488798865356330e+01
1.252321479431695082e+02 4.680786674589508323e+01 8.083460633740607193e+01
1.251207828577459509e+02 4.669790406132395333e+01 8.073341371837187808e+01
1.249260110659547678e+02 4.654990016930014463e+01 8.042402095794098216e+01
1.249092386409145377e+02 4.652698320444257263e+01 8.027426912506089707e+01
1.250976273401660563e+02 4.671200035855196830e+01 8.036365989032357504e+01
1.253565972839688243e+02 4.692774744061844672e+01 8.054917583648872892e+01
1.253006906462754699e+02 4.683205599193836122e+01 8.046581394911743246e+01
1.251914219332601732e+02 4.678750590960152778e+01 8.036001509388134423e+01
1.251208898450274773e+02 4.672898531238117670e+01 8.034970527895487180e+01
1.250428325027361325e+02 4.670101825868079004e+01 8.027292021784923293e+01
1.250165078483845633e+02 4.672772748893621042e+01 8.027828114811811133e+01
1.250941589281609367e+02 4.689355343797846132e+01 8.035867630708820286e+01
1.251490882225798060e+02 4.694647599798170035e+01 8.039749967831527044e+01
1.251918007260677399e+02 4.691881689415921386e+01 8.039485824908085476e+01
1.253314494897140463e+02 4.703462773486238291e+01 8.048425768898796662e+01
1.254113805552061649e+02 4.709701577773248005e+01 8.049743736545265449e+01
1.255474452449213629e+02 4.720232885287947511e+01 8.058009226930144564e+01
1.256951628736783846e+02 4.733138732142882787e+01 8.072148897380401422e+01
1.256780376797639320e+02 4.733840944610949464e+01 8.074567532829914285e+01
1.254979780849565714e+02 4.713422855664036604e+01 8.063973478720373578e+01
1.256500214697450133e+02 4.729719331878884958e+01 8.078904276744290769e+01
1.259284920142668938e+02 4.759807914456439448e+01 8.103371978874349679e+01
1.259250727585803133e+02 4.759681987534536063e+01 8.097761941732413504e+01
1.257803030631615258e+02 4.749107162220188627e+01 8.083742704262576240e+01
1.256243141609233334e+02 4.732280231497345113e+01 8.072686147026549008e+01
1.255560909738878763e+02 4.727439490740540151e+01 8.068332921287722570e+01
1.255871404179154496e+02 4.727969366938906148e+01 8.070884712529512228e+01
1.256385246743032411e+02 4.735488837901256431e+01 8.075126758241997038e+01
1.257814828148064663e+02 4.749840747985675193e+01 8.079100034553999876e+01
1.259284630987854001e+02 4.760362079659260104e+01 8.093495028705844163e+01
1.261149332558398442e+02 4.777418165572938591e+01 8.107173208071468196e+01
1.266816015128579949e+02 4.832193629630272369e+01 8.153351521171192928e+01
1.269099586364037293e+02 4.856003070824134937e+01 8.164726293281054836e+01
1.270963420470136782e+02 4.875715043712979480e+01 8.170380426532267393e+01
1.274967520685412552e+02 4.914343813749600542e+01 8.194956272563111099e+01
1.275720638858648073e+02 4.921199240679455755e+01 8.199102029722223506e+01
1.274431283081118096e+02 4.904382141220320079e+01 8.184788721805598755e+01
1.270293463221676262e+02 4.877353973204023418e+01 8.146202602104179391e+01
1.268704745464245320e+02 4.875131673873850247e+01 8.142921417841719745e+01
1.269069080531061786e+02 4.892980911444892200e+01 8.154829680585133644e+01
1.269222390413939507e+02 4.902074541219742088e+01 8.159206906173599805e+01
1.268823241107405124e+02 4.902337093791701506e+01 8.158250382045798688e+01
1.267918056416995967e+02 4.888262916907026323e+01 8.150530093064476489e+01
1.266429762126791445e+02 4.871024518882532561e+01 8.140416180525133427e+01
1.264575368925399488e+02 4.852513695094922497e+01 8.127505128883530006e+01
1.262113114472053894e+02 4.828423050843537112e+01 8.107539278067173427e+01
1.256444190952056630e+02 4.775714754558164543e+01 8.063139700811512967e+01
1.258341234488651423e+02 4.789495439305681401e+01 8.078504664790051493e+01
1.260748520611678032e+02 4.812912208260863878e+01 8.103801518351933453e+01
1.261271298059337482e+02 4.816819701852470104e+01 8.110088177760813721e+01
1.258759814998749391e+02 4.793362306645789772e+01 8.088786720854278656e+01
1.259077278070065091e+02 4.780978095076994805e+01 8.087546825007842699e+01
1.260986119123109148e+02 4.788222146078121000e+01 8.100654646501010347e+01
1.263396658237803791e+02 4.804855921384589124e+01 8.113981213611673127e+01
1.264874514039189108e+02 4.818091983038178228e+01 8.128199967903815093e+01
1.265162685727752034e+02 4.817226976409304484e+01 8.127805560736246093e+01
1.263670097488545849e+02 4.802556851451051045e+01 8.117486492855707070e+01
1.263597534087738268e+02 4.804082287677233865e+01 8.117805864348801492e+01
1.266465675154806263e+02 4.830931324285678841e+01 8.145954651850374262e+01
1.267565504408888017e+02 4.843272162632234057e+01 8.155744277264768982e+01
1.267573412793076528e+02 4.845779568609931687e+01 8.153957445085886491e+01
1.267495904844933534e+02 4.842709611939780956e+01 8.152256491887038692e+01
1.268540433240659269e+02 4.857600217444420565e+01 8.153779904029516956e+01
1.269788989273802144e+02 4.865096700598984114e+01 8.157167208109058265e+01
1.269249889036839818e+02 4.858824065198627551e+01 8.151243004260696523e+01
1.266472947398401772e+02 4.828335726089427027e+01 8.127842717129965422e+01
1.268338805588205958e+02 4.847874350666718613e+01 8.145382559049028259e+01
1.270196856598006860e+02 4.867904972161620236e+01 8.161966744304734789e+01
1.269429352972728395e+02 4.861608770643846356e+01 8.154523321058711360e+01
1.271131347128909539e+02 4.876675471430781528e+01 8.170506353454170778e+01
1.271698943572883707e+02 4.882826372654050573e+01 8.177673778429340246e+01
1.271272353474412000e+02 4.879183311140701562e+01 8.176249401810976281e+01
