1.537046146684470500e+02 6.394622263600837897e+01 1.041721760115642326e+02
1.536442491210447088e+02 6.390311033798434437e+01 1.041120358687263376e+02
1.535848868689591029e+02 6.384374318579951080e+01 1.040525658144577363e+02
1.532417488454141221e+02 6.350436108831203796e+01 1.036929757077580803e+02
1.529933493403241300e+02 6.345434822555156984e+01 1.035867501316901667e+02
1.523240766375519115e+02 6.349045950680500994e+01 1.031986426725141115e+02
1.518499626367433848e+02 6.340380982714899716e+01 1.024546924575222704e+02
1.516761046661194996e+02 6.330237899817471003e+01 1.021807818108316752e+02
1.514779850791978504e+02 6.317097181217919655e+01 1.019293074934767418e+02
1.512339380872462584e+02 6.298008477171662634e+01 1.017482329017162641e+02
1.510887273217282711e+02 6.280779115777094290e+01 1.016103110337984390e+02
1.510801680734034846e+02 6.277428795433107211e+01 1.016436549840134234e+02
1.513238622582107382e+02 6.306099521015300269e+01 1.018446742046526481e+02
1.513485281326946961e+02 6.311997647952370727e+01 1.018410714066959883e+02
1.512881478849946575e+02 6.305257438963138839e+01 1.018000171503473013e+02
1.512259803261015918e+02 6.300440886427950460e+01 1.017507785032646979e+02
1.510321838517230049e+02 6.279310923546201906e+01 1.015798287415320118e+02
1.506847202655853835e+02 6.243816197277995172e+01 1.012268745942105284e+02
1.507075596280824641e+02 6.249328073893496338e+01 1.012645955580600514e+02
1.510022528206196171e+02 6.282019208388970100e+01 1.015891230047408413e+02
1.511339405372958709e+02 6.298209626244931769e+01 1.017264090847839668e+02
1.512022503705699989e+02 6.306861241440139310e+01 1.017810672416116375e+02
1.513760679153752733e+02 6.328383212260047941e+01 1.018998738224449028e+02
1.514078818096066357e+02 6.329328808908380211e+01 1.020201835087160447e+02
1.514753843515331084e+02 6.333325942350332838e+01 1.021126765567002792e+02
1.515270607979811643e+02 6.337294777719248629e+01 1.021938957013879588e+02
1.514743724810427352e+02 6.329147137729538741e+01 1.021830076809055328e+02
1.516850167215886245e+02 6.350638360426798812e+01 1.023997500949394208e+02
1.519126581813281689e+02 6.380528965711555855e+01 1.024833188372064541e+02
1.519517487229116455e+02 6.386902279771165070e+01 1.024297117516629783e+02
1.519580759760385149e+02 6.391998137962293924e+01 1.024086351998628004e+02
1.518545760801656286e+02 6.379164043071872214e+01 1.022869044848158211e+02
1.517907106368903953e+02 6.369377687398169741e+01 1.022342749690681245e+02
1.517874189952346455e+02 6.367877644522301495e+01 1.022146880474329578e+02
1.518033712682681937e+02 6.367058837941468141e+01 1.022282368217956474e+02
1.518301135597995994e+02 6.372230892675576541e+01 1.022859232399456033e+02
1.520079320356237247e+02 6.390653795739363829e+01 1.024629527997941949e+02
1.520444022491455485e+02 6.394682902328771945e+01 1.024779115777094489e+02
1.519017321850767530e+02 6.386086535752348681e+01 1.024412429101689241e+02
1.517912618980534489e+02 6.378094596415577655e+01 1.023868346584018383e+02
1.518556712523428587e+02 6.387317563180654645e+01 1.024866594798544668e+02
1.519565765456750626e+02 6.398960933958912989e+01 1.025804326787617384e+02
1.518638360426798783e+02 6.393799291935661699e+01 1.025426786392424390e+02
1.518314610870870069e+02 6.394214085335227793e+01 1.025401060871482599e+02
1.517916722813637023e+02 6.395691955262093842e+01 1.025492619225539386e+02
1.517087760777155836e+02 6.394412906861364121e+01 1.024838027220051231e+02
1.517898482194264318e+02 6.403891781308571751e+01 1.025389067878624587e+02
1.517834254143646433e+02 6.406707623329371870e+01 1.025531575014394008e+02
1.517546483566292181e+02 6.402290061373743413e+01 1.024983633668581859e+02
1.518894451862650214e+02 6.414885276426848293e+01 1.026112641030980939e+02
1.520963714765223926e+02 6.434895934142666363e+01 1.027708088838798943e+02
1.521079344856733258e+02 6.429769572833849622e+01 1.027661795151351782e+02
1.519464443654983938e+02 6.409735272139261042e+01 1.025965209295488165e+02
1.517281179943893790e+02 6.387644154794134721e+01 1.024020629417745738e+02
1.518251411841089862e+02 6.397168110154230902e+01 1.025061177738849238e+02
1.520124793277063873e+02 6.421053153826365190e+01 1.026470911785963693e+02
1.520135524494370998e+02 6.419515502688929587e+01 1.026252220357462193e+02
1.518222513505898519e+02 6.397105266381644384e+01 1.024606460780830872e+02
1.515646666094988291e+02 6.372376915632541738e+01 1.022345567247736824e+02
1.515452058654187795e+02 6.373222672759123242e+01 1.022185211500532915e+02
1.517265879384057428e+02 6.397440188163810149e+01 1.023503240190613894e+02
1.516254707157820008e+02 6.382285528781957851e+01 1.022947826193480410e+02
1.515039494799769670e+02 6.368069973416961460e+01 1.021694025554017458e+02
1.516289289608114643e+02 6.381150175791059809e+01 1.022556565520451812e+02
1.517745782852102820e+02 6.394371746027857029e+01 1.023872499418113193e+02
1.517976663277431442e+02 6.394423809582144003e+01 1.023893190087099327e+02
1.515663350932856304e+02 6.372798201663583484e+01 1.021453528683955909e+02
1.513788793473067926e+02 6.351413678626992265e+01 1.020137288530092690e+02
1.516096580955764352e+02 6.374847545662799320e+01 1.022588452916171491e+02
1.517351680121522577e+02 6.388098026485036485e+01 1.023699783170609265e+02
1.517115360586051906e+02 6.386843968590363829e+01 1.023698570396050513e+02
1.518970954661832025e+02 6.413202459849811987e+01 1.026118900907743381e+02
1.521556626771692038e+02 6.442452254658157074e+01 1.029834511398855881e+02
1.522794992098590114e+02 6.457250799328686242e+01 1.031672697872131863e+02
1.524170327449130866e+02 6.471958692163516957e+01 1.032919528120444426e+02
1.530666241991400227e+02 6.543488625644668844e+01 1.039637760164643367e+02
1.534529774227927987e+02 6.589418113216792960e+01 1.043383053006823360e+02
1.533783660619127431e+02 6.580894145606448831e+01 1.042068589138930008e+02
1.534022332202227119e+02 6.594626306182699693e+01 1.041413262118557839e+02
1.533574365130893966e+02 6.607785890164275600e+01 1.040405568962771525e+02
1.530223959035170367e+02 6.587115679092501352e+01 1.037506167999901976e+02
1.526578064705810220e+02 6.560818561575871399e+01 1.034280677683723155e+02
1.523652619715549292e+02 6.531692004263086915e+01 1.031575345150739338e+02
1.521974494983523414e+02 6.517037400007350811e+01 1.030468449486102145e+02
1.522260807781357528e+02 6.520865847533411852e+01 1.030775195697712832e+02
1.522940806801337601e+02 6.530538275900086376e+01 1.031577060185468753e+02
1.525281571951832120e+02 6.559063591037718766e+01 1.033669586309122792e+02
1.526981306121448938e+02 6.573580747510136746e+01 1.035540333941762299e+02
1.528558011049723859e+02 6.584624346143009177e+01 1.037009261187538982e+02
1.530284757016329706e+02 6.597552032928666677e+01 1.038962465239921045e+02
1.532315995148901777e+02 6.619302838382476750e+01 1.040484534061814799e+02
1.533999448738836975e+02 6.636667320013229698e+01 1.042035317465178679e+02
1.533268598939128537e+02 6.630994475138120947e+01 1.041376303120138118e+02
1.533163981820631818e+02 6.637857309110509618e+01 1.041605137754039561e+02
1.534404478690693452e+02 6.656147296982763351e+01 1.043107838933738378e+02
1.533249047543212669e+02 6.647409807548602600e+01 1.042226666339993386e+02
1.531547537087625983e+02 6.634412294348960870e+01 1.040458808540873008e+02
1.531477624921904805e+02 6.634026534037313638e+01 1.040486726856218809e+02
1.531142335632296465e+02 6.630917788585219341e+01 1.040116989869044914e+02
1.530238010069703876e+02 6.624858080876137478e+01 1.039152981097867183e+02
1.531622533106295521e+02 6.638475456627996607e+01 1.040255380921463626e+02
1.531154475628131593e+02 6.630735504893974053e+01 1.039927858289130285e+02
1.529114699072656265e+02 6.608871139640577042e+01 1.037733508103539037e+02
1.529515037179502883e+02 6.607499234359495688e+01 1.038051806299077526e+02
1.532159289975622016e+02 6.630691526503412092e+01 1.040574218127917021e+02
1.532863924244466034e+02 6.636551922676434856e+01 1.041435373816319725e+02
1.533004667344513621e+02 6.640497605076502907e+01 1.041585402604402759e+02
1.532966997831705953e+02 6.639589004177334175e+01 1.041312283323737375e+02
1.532481924758976390e+02 6.636436647842118930e+01 1.041073219732699613e+02
1.533336587815903158e+02 6.646161629773003199e+01 1.041799389937646225e+02
1.534267814923252331e+02 6.654249611054623870e+01 1.042559738334701223e+02
1.533558488809398455e+02 6.648481826756992064e+01 1.042444794257083771e+02
1.534089782068086834e+02 6.656811137925542710e+01 1.043161262265560936e+02
1.536375053594835265e+02 6.684573385111048083e+01 1.045837365706655504e+02
1.536924048461981442e+02 6.695356053460082535e+01 1.046369479731964560e+02
1.536395376756379392e+02 6.689580183998725715e+01 1.046187784052627023e+02
1.536126826818243103e+02 6.689543065747081130e+01 1.046185530006982702e+02
1.536960897208168433e+02 6.704218495424532875e+01 1.047250921831167148e+02
1.537381154218372785e+02 6.711941541816221957e+01 1.047713246193235364e+02
1.538283311487057574e+02 6.723654003993580375e+01 1.048365792407296198e+02
1.539410211806789164e+02 6.745934020163907974e+01 1.050004802097242447e+02
1.541027795812865122e+02 6.760515857946123219e+01 1.051399627592458756e+02
1.540903896803910413e+02 6.765972363440359061e+01 1.050952493537994172e+02
1.539085947740441611e+02 6.753061827001997131e+01 1.049009530692996464e+02
1.537138354301674497e+02 6.735645159314475450e+01 1.046912655731278505e+02
1.536669696561355352e+02 6.733151866325293611e+01 1.046435226813343036e+02
1.536651749947936310e+02 6.732020065906334594e+01 1.046231051928801605e+02
1.535488294887971392e+02 6.719586064117798685e+01 1.045314806874839206e+02
1.533381374722838189e+02 6.698961546471315387e+01 1.043729330768948103e+02
1.532322904288811856e+02 6.684892994083129736e+01 1.042771643125773267e+02
1.531334615525964296e+02 6.671297546275312129e+01 1.041473202582352258e+02
1.529435471818304393e+02 6.650088324288566355e+01 1.039789785743161303e+02
1.528933199397287694e+02 6.642707182320441461e+01 1.039555695752839029e+02
1.530299910573189095e+02 6.649053790839263911e+01 1.040543874263453858e+02
1.531113082039911433e+02 6.655642954269823974e+01 1.041096458453283731e+02
1.532969913390746228e+02 6.671850889980521515e+01 1.042652325709595686e+02
1.534612879910818322e+02 6.683585770111844226e+01 1.044195158701963777e+02
1.534715132731437848e+02 6.681555781504575009e+01 1.044253065624578909e+02
1.534244024941505131e+02 6.679127659835111785e+01 1.044081059891462786e+02
1.532570298048535449e+02 6.663135450992882625e+01 1.042614705197780296e+02
1.530218764929989845e+02 6.638485501831412705e+01 1.040823522926339280e+02
1.528684960370447641e+02 6.621821734390121605e+01 1.039452891671056278e+02
1.526658867342063672e+02 6.597222991265573455e+01 1.037785265401624315e+02
1.527893116585610755e+02 6.606132229177640625e+01 1.038662566916980126e+02
1.531696745109088340e+02 6.644792297044014617e+01 1.041751050458771743e+02
1.532762051181536549e+02 6.658783795371856229e+01 1.042632235302764911e+02
1.530450527373179170e+02 6.635684972620695987e+01 1.040505690240227352e+02
1.528602087442270658e+02 6.617771312369075076e+01 1.039000882017860903e+02
1.528259337751589442e+02 6.617714593720522487e+01 1.038785265401624400e+02
1.529728497752079477e+02 6.630829096789210553e+01 1.040074395756514036e+02
1.529815303009885952e+02 6.633842535311339361e+01 1.040058899192708708e+02
1.529927454030944034e+02 6.636474256103686287e+01 1.040132780438803906e+02
1.530077090811088851e+02 6.639215249108794126e+01 1.040160551751173017e+02
1.528135230488417449e+02 6.616020874422707720e+01 1.039129987382244451e+02
1.528118251644595773e+02 6.615522289326358418e+01 1.039488282637723415e+02
1.531217441903198448e+02 6.646904239810855586e+01 1.042815842020800972e+02
1.531179172128235564e+02 6.646675282674473806e+01 1.042586358123752035e+02
1.530574463132878407e+02 6.654830395315505598e+01 1.042525903149538777e+02
1.529638703433744524e+02 6.648414082885177834e+01 1.041026142029376160e+02
1.529244245445970307e+02 6.650558121301956760e+01 1.040827590008697712e+02
1.529599955899107044e+02 6.657589396185272790e+01 1.041228062868273128e+02
1.530504440714924499e+02 6.668895395131751513e+01 1.042119880927588724e+02
1.531753635261113971e+02 6.681256752949246902e+01 1.043082199164533108e+02
1.532228614129436153e+02 6.679486714605970121e+01 1.043293699697418901e+02
1.532084943220100115e+02 6.669066653599735162e+01 1.042472467567468186e+02
1.531039960309196317e+02 6.655264911614460743e+01 1.041305545687300196e+02
1.533073991498327757e+02 6.673518516249954757e+01 1.043221043476130347e+02
1.535056008134164642e+02 6.691641900748490457e+01 1.045027575308400003e+02
1.533689909470666919e+02 6.675995148901765219e+01 1.044811652435961804e+02
1.532943011845989929e+02 6.665888571743577984e+01 1.044999068981146877e+02
1.530636608641324869e+02 6.643991498327841327e+01 1.043752483737795700e+02
1.527894598865626961e+02 6.616936335460792407e+01 1.041653256728448724e+02
1.527576447673065445e+02 6.611558476559150677e+01 1.041779924293466877e+02
1.527739914983278311e+02 6.615657042055102011e+01 1.041040658573336088e+02
1.527351998627972307e+02 6.618730629295242807e+01 1.040127966091313283e+02
1.524948744962085527e+02 6.596502554176721844e+01 1.037438963139003505e+02
1.524294655216768035e+02 6.589605419509744877e+01 1.036353272653771285e+02
1.526307909985177105e+02 6.605891634305594096e+01 1.038211096274699514e+02
1.525648430130710267e+02 6.597689480711984800e+01 1.037895836140681780e+02
1.524781014565544979e+02 6.580355379696439400e+01 1.037158616211978313e+02
1.526796192622900605e+02 6.588219916453307690e+01 1.038189315333635534e+02
1.527938172998003097e+02 6.601991032818413885e+01 1.039290600384657779e+02
1.530662432164251356e+02 6.626460168318408250e+01 1.041927319278215407e+02
1.531565336698068052e+02 6.633553919466869786e+01 1.042959463929144590e+02
1.528791268023177565e+02 6.607494946772672506e+01 1.040789724491920936e+02
1.526789773492913298e+02 6.587278362386838637e+01 1.039138342051426491e+02
1.526466072937977003e+02 6.578598081611153248e+01 1.038734451372640279e+02
1.524903063787041617e+02 6.568600409158285913e+01 1.037241391138170599e+02
1.522645869828864136e+02 6.557199225784322039e+01 1.034514841175533775e+02
1.521561012360500342e+02 6.556472541068956161e+01 1.033529014712547962e+02
1.521191691881760732e+02 6.559873454937462611e+01 1.032989464786661955e+02
1.520300719089561596e+02 6.554030699121656767e+01 1.032190809863899688e+02
1.519524874128701128e+02 6.549390427656159375e+01 1.031624934154916673e+02
1.520644779556785977e+02 6.556744374073575443e+01 1.032562261885803139e+02
1.523665690730237259e+02 6.582268010927221269e+01 1.035378348911565496e+02
1.525691636755644254e+02 6.596773774668936596e+01 1.037090321079001853e+02
1.525710624640148865e+02 6.596168122404478140e+01 1.037009248937290948e+02
1.523505224730800762e+02 6.577935465693180106e+01 1.034722311376805379e+02
1.522043231125430225e+02 6.562433511778613138e+01 1.033197204493391013e+02
1.522217895162376919e+02 6.563035243963690846e+01 1.033366625424164909e+02
1.521394580490255066e+02 6.558145312442576369e+01 1.032970648405630243e+02
1.519950999007729990e+02 6.547221276230843046e+01 1.032025676519949542e+02
1.521081684654114383e+02 6.557017677107961617e+01 1.033075216523134543e+02
1.526700897943183293e+02 6.601212284548762455e+01 1.037910781443324169e+02
1.526661574646886663e+02 6.596559640332716867e+01 1.038022038196273513e+02
1.523835528169445297e+02 6.558474599110631686e+01 1.035621932844140076e+02
1.523116279354656797e+02 6.543978023054967252e+01 1.034676936457963308e+02
1.521500581886783152e+02 6.523867893324839429e+01 1.033572343839962713e+02
1.518990261052786366e+02 6.495187367544193080e+01 1.031075988288762915e+02
1.519417194448187445e+02 6.494549007117393558e+01 1.032016721588612143e+02
1.520893839350246708e+02 6.510283715745244137e+01 1.033512648381129679e+02
1.521320331736717719e+02 6.517186363023851925e+01 1.034390341904423565e+02
1.519721723364898196e+02 6.502583332312480024e+01 1.032263625338413107e+02
1.518010192206392048e+02 6.486249831559088364e+01 1.029767122784236335e+02
1.518203721625363016e+02 6.489132069924416157e+01 1.029439967659345143e+02
1.518462679619262303e+02 6.491275495828790554e+01 1.029562457889772276e+02
1.518532395781014657e+02 6.492356825225711248e+01 1.029765309747522366e+02
1.517078303585647632e+02 6.478438093371390494e+01 1.029716125001531282e+02
1.516098712498928194e+02 6.467805245556222360e+01 1.029665592728252790e+02
1.516979493084734827e+02 6.473574744888584576e+01 1.030835834425647164e+02
1.519620585316852726e+02 6.497009224436794739e+01 1.033293528193945860e+02
1.519939667528267364e+02 6.496944665629479232e+01 1.033788180960664391e+02
1.518006982641398395e+02 6.475864806262326567e+01 1.031915718293295470e+02
1.516775612206147059e+02 6.458586811382930648e+01 1.030399603091962604e+02
1.517686271146990862e+02 6.468128039592801315e+01 1.030916343055946953e+02
1.518465068417635564e+02 6.474043929389570451e+01 1.031111955017089059e+02
1.517173929022062566e+02 6.459928826058727225e+01 1.029786343423454298e+02
1.513058372432041665e+02 6.421571461822101412e+01 1.025874900466734516e+02
1.510875525229385801e+02 6.390158150702551865e+01 1.023579301980865068e+02
1.513505004226335586e+02 6.416190785363403393e+01 1.026339907633129513e+02
1.513909237912067738e+02 6.415670639830456423e+01 1.026388149110019441e+02
1.515353958667662937e+02 6.427739094216657634e+01 1.027798740674498674e+02
1.515922076172042523e+02 6.434991486077592526e+01 1.028352966397569617e+02
1.514838272225012474e+02 6.423494138256299379e+01 1.027341585917114770e+02
1.514524506621258979e+02 6.414494248508532337e+01 1.026501231149930788e+02
1.516669120799696202e+02 6.438377699648417263e+01 1.028086082493170466e+02
1.518312344574977715e+02 6.454045031911896046e+01 1.029352415136406478e+02
1.518733875610980988e+02 6.461070549178620581e+01 1.030229287893079828e+02
1.518519337016574582e+02 6.459907878134532666e+01 1.030182896203648113e+02
1.517531709767122834e+02 6.451957589641190793e+01 1.029438093371390721e+02
1.515154414376891054e+02 6.432845610123605695e+01 1.027544217270399685e+02
1.516060454974213201e+02 6.442286753806764921e+01 1.028191116120101469e+02
1.516808822628658220e+02 6.450848942191079516e+01 1.029539868432335794e+02
1.517475811885190637e+02 6.455080545381044033e+01 1.030729477771924820e+02
1.517698950153740611e+02 6.456477931178106644e+01 1.031577011184476476e+02
1.517393869975867062e+02 6.454201590082199402e+01 1.031300988595018993e+02
1.516648270877485345e+02 6.450473594590290816e+01 1.030854810059903741e+02
1.515898825201210229e+02 6.446586345873504342e+01 1.029931606865038987e+02
1.512364346878024151e+02 6.409197486249097153e+01 1.026193308914505451e+02
1.507700542685989262e+02 6.355440825176710007e+01 1.021056277639622181e+02
1.506811750437946387e+02 6.347479511460107204e+01 1.020092170866460037e+02
1.508287623574377392e+02 6.361870735382391473e+01 1.021395732013573223e+02
1.510390047898469845e+02 6.378927123274246469e+01 1.023693621295831235e+02
1.510357658242579362e+02 6.372742463034876437e+01 1.024115225833323137e+02
1.510502835932427672e+02 6.373247540762700680e+01 1.024970917911087724e+02
1.510177150837304509e+02 6.367402702404723414e+01 1.025132523183594486e+02
1.509531893520843937e+02 6.355651651945952096e+01 1.024281290196126406e+02
1.510153079099851823e+02 6.360668373534564068e+01 1.024746260611777444e+02
1.510898665947985364e+02 6.369521260305521082e+01 1.024767882299616559e+02
1.508947862944224596e+02 6.349540370692506741e+01 1.022163332557484239e+02
1.507607551052908832e+02 6.334742193529419296e+01 1.020491528953461255e+02
1.506990567308988034e+02 6.329156202913109297e+01 1.019453112175521596e+02
1.507226421335032001e+02 6.336233538729159420e+01 1.019637441658193637e+02
1.507497274319804887e+02 6.334847545662799462e+01 1.020221900993495154e+02
1.507128884859918401e+02 6.329749482427018847e+01 1.020467248961791427e+02
1.507903480295476015e+02 6.328540015435312682e+01 1.021126716566010515e+02
1.505437468608739380e+02 6.299431833494628563e+01 1.019339638127672032e+02
1.503411804339037872e+02 6.286914407516751879e+01 1.018127831338584599e+02
1.505543114748073776e+02 6.311776775979713250e+01 1.020148840514020350e+02
1.506427288652595280e+02 6.324367335938552515e+01 1.021146059707709099e+02
1.504972338939863619e+02 6.310698999154733002e+01 1.019788376964633585e+02
1.502114478568190918e+02 6.275699060405973029e+01 1.017217980914113440e+02
1.501305937695238413e+02 6.251618992784603535e+01 1.015412441351937360e+02
1.502831767343288618e+02 6.259830334064265145e+01 1.016251056583895860e+02
1.505052945572147962e+02 6.277651137435533002e+01 1.018281816956793335e+02
1.507280542930994329e+02 6.299287893079834788e+01 1.020313802354497739e+02
1.506917286325048053e+02 6.295815560265095456e+01 1.020040928078793598e+02
1.504590498707598840e+02 6.273709497617326747e+01 1.017967965601303462e+02
1.503790300253580199e+02 6.260974507233771646e+01 1.017895750388945402e+02
1.503202864107998096e+02 6.253596305325182669e+01 1.018029216841641045e+02
1.503017811860690074e+02 6.250098614496943839e+01 1.018218679178253296e+02
1.505212125295537362e+02 6.272034643701535117e+01 1.020386679080251326e+02
1.507449890360279880e+02 6.297069128149845341e+01 1.022968847619164308e+02
1.508930271587999528e+02 6.312674719163062775e+01 1.023268329433671084e+02
1.509153434357045853e+02 6.317564405679215156e+01 1.023085322977790241e+02
1.511528720706594413e+02 6.344788989477036978e+01 1.025547831093579703e+02
1.512888142984895410e+02 6.363090370079994074e+01 1.027013438522130002e+02
1.512075265524126735e+02 6.354776004214085106e+01 1.026640418468473968e+02
1.510460058066175861e+02 6.351293871200891772e+01 1.025434687802428044e+02
1.511620328061643193e+02 6.373347135279489351e+01 1.026840575271649243e+02
1.511063419534245611e+02 6.372769046073182864e+01 1.026298881552351503e+02
1.508746860873932576e+02 6.355828545528046902e+01 1.024475615881221557e+02
1.508611385380553997e+02 6.352852960272445415e+01 1.024128015092305617e+02
1.510023483725545361e+02 6.367460156068160160e+01 1.025424324092562927e+02
1.511291617155247309e+02 6.377121559211573754e+01 1.026508189290833144e+02
1.510551861425193749e+02 6.365737158677463015e+01 1.025332422731560342e+02
1.509129325868848923e+02 6.342013940782300807e+01 1.023603924979480837e+02
1.507649275397826898e+02 6.325395254253898969e+01 1.022296676507699260e+02
1.507745819602847064e+02 6.333716970268648083e+01 1.022639646702845795e+02
1.509310323284046547e+02 6.359823718930308445e+01 1.024468216731388850e+02
1.507959390427656103e+02 6.362883340887653105e+01 1.023670505077727881e+02
1.505161433769033863e+02 6.326761034410947104e+01 1.020585378103906606e+02
1.503670835834425645e+02 6.307755632051549100e+01 1.018796903137288581e+02
1.504309343264201004e+02 6.310864009996202384e+01 1.019060454974213172e+02
1.504940096286949824e+02 6.310924036211733323e+01 1.018898861951954586e+02
1.504509108059438063e+02 6.293850375470103131e+01 1.017723450649875616e+02
1.505997831706092143e+02 6.302944224620548397e+01 1.018573495363281154e+02
1.505962992000588088e+02 6.294977765799757208e+01 1.018467751221962203e+02
1.505841837047200329e+02 6.286598841126532733e+01 1.018350075339025551e+02
1.506489605664514784e+02 6.285987798752924505e+01 1.018599882397618615e+02
1.506932733887861104e+02 6.287994389386385308e+01 1.018285896289399801e+02
1.510352280383677908e+02 6.317034214942852799e+01 1.020839399247834791e+02
1.510992404846198269e+02 6.322589702441474202e+01 1.021661562396638487e+02
1.510689737967193764e+02 6.316853646286337209e+01 1.021733973612965656e+02
1.508440077911577646e+02 6.296672220112457552e+01 1.019936519214514163e+02
1.505971787678700480e+02 6.272750548198600740e+01 1.017649459151547831e+02
1.506958263404833929e+02 6.286114588820423421e+01 1.018621161078511790e+02
1.507588612169396356e+02 6.296683612843160205e+01 1.019787580698509117e+02
1.506614251938601683e+02 6.285522166823878365e+01 1.018983425414364632e+02
1.504727848488931841e+02 6.268958483909299417e+01 1.017402028641079994e+02
1.501020813171466841e+02 6.231500532885790733e+01 1.013658095576435443e+02
1.499113694552314655e+02 6.211992135340740617e+01 1.011453124425769659e+02
1.498731548063848322e+02 6.206996851686246686e+01 1.012001996790435072e+02
1.498717068270632353e+02 6.206962305986696293e+01 1.012279501659908618e+02
1.497822959414928050e+02 6.197611569134274845e+01 1.011724957430387946e+02
1.494450294618466160e+02 6.167715573740368029e+01 1.008657642317256915e+02
1.490118374147076565e+02 6.121593022258700501e+01 1.004641557741544204e+02
1.490160037240754036e+02 6.116361798826426366e+01 1.004788229961656754e+02
1.493786220920973733e+02 6.148322573532114177e+01 1.008269052198307065e+02
1.495333733508103649e+02 6.168875304724920738e+01 1.010192720902598325e+02
1.494659271600249895e+02 6.158768850069213840e+01 1.009261996055420099e+02
1.491099790520758006e+02 6.122969705136529228e+01 1.005706692310519230e+02
1.489476326395609647e+02 6.105355685952640243e+01 1.004332520733544811e+02
1.488978280310176388e+02 6.103804804547291951e+01 1.003969202876358224e+02
1.488296774509683758e+02 6.103168526662665272e+01 1.003694258308730696e+02
1.489768703066237094e+02 6.116620646568092923e+01 1.004712780683808830e+02
1.490858068625889814e+02 6.125706165549852500e+01 1.005508409795298377e+02
1.490710257132707000e+02 6.121477869926866333e+01 1.005280359177273368e+02
1.491587227891364762e+02 6.123686344648479007e+01 1.005856145336943115e+02
1.491933150396295389e+02 6.129590106699660623e+01 1.006464051647045892e+02
1.491810770418100844e+02 6.132529553723463067e+01 1.006423013316019706e+02
1.492689713466697583e+02 6.143973490463181975e+01 1.007282919479119414e+02
1.494436721343607246e+02 6.164436672342615253e+01 1.009293381190969114e+02
1.493446803297766792e+02 6.149642292756428219e+01 1.008383334762528989e+02
1.489560951109259861e+02 6.108208033712682550e+01 1.004783427864414307e+02
1.489252710367385077e+02 6.101474072349964928e+01 1.004425279611912174e+02
1.491863274981318455e+02 6.126093763398709058e+01 1.006825262461564847e+02
1.494694491063443991e+02 6.155651529443471048e+01 1.009586774632186348e+02
1.496998137962293640e+02 6.172831889845769382e+01 1.011523257095956154e+02
1.496870098369491870e+02 6.168651615195207683e+01 1.011326983621418378e+02
1.492087417770209754e+02 6.115193370165745534e+01 1.006099251509843100e+02
1.489740368242457009e+02 6.090155823155419057e+01 1.003825801472479782e+02
1.489603030711371900e+02 6.084849873209932269e+01 1.003243804437039870e+02
1.490414205387659194e+02 6.090648038122772334e+01 1.003861425193860129e+02
1.492334456272739658e+02 6.110318751454717301e+01 1.006055689627714997e+02
1.492181168918670551e+02 6.109064693560044645e+01 1.006175950312993876e+02
1.493366882679374328e+02 6.119265352623390442e+01 1.007142090627335165e+02
1.494212468302483217e+02 6.125042937119476960e+01 1.007959035170462272e+02
1.492680966789577610e+02 6.113121975720008550e+01 1.006390611409881046e+02
1.493132498683098390e+02 6.121022528206196256e+01 1.006611936641717051e+02
1.498412061594247291e+02 6.184002278546140730e+01 1.011958508409795314e+02
1.496937780990064937e+02 6.166752091729857455e+01 1.010538177898102390e+02
1.494174063774791534e+02 6.132619470544278784e+01 1.006920275385576531e+02
1.492562016880841895e+02 6.109656870551628316e+01 1.004604843748085869e+02
1.493831118080141209e+02 6.121470519778025476e+01 1.005509524567872432e+02
1.495877669022797818e+02 6.142896448653085173e+01 1.007455745978856072e+02
1.496261824551947086e+02 6.152714409966802123e+01 1.008160245494971292e+02
1.493153752863495356e+02 6.120894513113890412e+01 1.005064840563021420e+02
1.491545540297190939e+02 6.104135438742634534e+01 1.003790398255564611e+02
1.492971861180188853e+02 6.120788915975548150e+01 1.005274956817875562e+02
1.495631426786392524e+02 6.153018461123837568e+01 1.008335620046305934e+02
1.496114258063725799e+02 6.159651235437517869e+01 1.009319584471585500e+02
1.495911528708456331e+02 6.159552865945535416e+01 1.009610491112445061e+02
1.497756955078340297e+02 6.180446521542061333e+01 1.011392118190393319e+02
1.498692077764574719e+02 6.191098602246695748e+01 1.012183937474733852e+02
1.498655327020372283e+02 6.189506805012801749e+01 1.012073636241133840e+02
1.497964021021425651e+02 6.183460572576594672e+01 1.011253041124082728e+02
1.495980093346890385e+02 6.162521223554777094e+01 1.009647425610368572e+02
1.495079785865663666e+02 6.148775587705650736e+01 1.008369981992135394e+02
1.493482904778821876e+02 6.128419472994328032e+01 1.006424948855214296e+02
1.489767171785228754e+02 6.081420783770871452e+01 1.002034472198062076e+02
1.489185554507478741e+02 6.076669892565324460e+01 1.001339442123702952e+02
1.487287501071896827e+02 6.055061925003981571e+01 9.994503068687140512e+01
1.483214575345150763e+02 6.015632664061447343e+01 9.960583234310495016e+01
1.482113045289167133e+02 6.006343178449363762e+01 9.954139236319535655e+01
1.486087638274674987e+02 6.050502627678210388e+01 1.000020139407823052e+02
1.487340630397765437e+02 6.067906677610221777e+01 1.001114564319927496e+02
1.485758939618527279e+02 6.048608371819529594e+01 9.996261959304675315e+01
1.484575688157685249e+02 6.033978513064889881e+01 9.984266026387034287e+01
1.485423209319988871e+02 6.038863054476853165e+01 9.989698521395058606e+01
1.487965429799953370e+02 6.064169861939704020e+01 1.001401722384878354e+02
1.488581286521051936e+02 6.071078021829941918e+01 1.002054476853156331e+02
1.487313398096311516e+02 6.056443507981036589e+01 1.000968798618172002e+02
1.483401330376940166e+02 6.017081255895431724e+01 9.975438987639499544e+01
1.479536046354938605e+02 5.974336342810941858e+01 9.936088128284598042e+01
1.479863985495706231e+02 5.975265401624383088e+01 9.936036922247674852e+01
1.484467996226923674e+02 6.018279452658916284e+01 9.977139934583675540e+01
1.486252832869865586e+02 6.035827198000759353e+01 9.992818537075375218e+01
1.486906567357989104e+02 6.047891854810060153e+01 1.000213056314390343e+02
1.486272825274711806e+02 6.042337714838725304e+01 9.996617829011037770e+01
1.485952861045436180e+02 6.042464014896301450e+01 9.996590265952885090e+01
1.490438399627592503e+02 6.096194215432862507e+01 1.004442050201516565e+02
1.493903161789026228e+02 6.134390488907400396e+01 1.008138391052418825e+02
1.493657238059070664e+02 6.132404478690693139e+01 1.007933211647535927e+02
1.492077286815058130e+02 6.112754100770540333e+01 1.006563278656392839e+02
1.493397251044333700e+02 6.123992845855128309e+01 1.007685744386323847e+02
1.494460854332300244e+02 6.133766093763398430e+01 1.008625375163847053e+02
1.493390366404919689e+02 6.121655376021364248e+01 1.007490083424189322e+02
1.489847888669745544e+02 6.082691379500435147e+01 1.003601462679619232e+02
1.488468804743295948e+02 6.062355110190981122e+01 1.002173965772806952e+02
1.487791990787813461e+02 6.048421310531538353e+01 1.001017775109945944e+02
1.489212370300498662e+02 6.058626379684188379e+01 1.002026595288554631e+02
1.491912349475076951e+02 6.089698153887616172e+01 1.004838786735431455e+02
1.493419093236637991e+02 6.112160576251669397e+01 1.006458722789136431e+02
1.493416826940745636e+02 6.115358013499773193e+01 1.006546740821501658e+02
1.492802599502639964e+02 6.110159988239762185e+01 1.006032254903161771e+02
1.493045105413384590e+02 6.110474819615097175e+01 1.006020323161544070e+02
1.492857566365719038e+02 6.107263417084195822e+01 1.005496098295990492e+02
1.492069103649348847e+02 6.101289583614067880e+01 1.005139897832931126e+02
1.489159093971652794e+02 6.073790839264495389e+01 1.002578873222182807e+02
1.485619335791549815e+02 6.043581482525021187e+01 9.994272519018510081e+01
1.486148791513028016e+02 6.050824564197424849e+01 1.000065636829145745e+02
1.486953412306599205e+02 6.052589579938993580e+01 1.000731731817569283e+02
1.486562960149942967e+02 6.041723487400619774e+01 1.000346596268574473e+02
1.484844519851527025e+02 6.019912655731278761e+01 9.985462753120751245e+01
1.484004238585831388e+02 6.008950031238132539e+01 9.976537344881234048e+01
1.485536377111636455e+02 6.025666474746113721e+01 9.991270228222121830e+01
1.489164018571376005e+02 6.062951574769389396e+01 1.002611532383530744e+02
1.490066629099239321e+02 6.071348507307273223e+01 1.003447967071333125e+02
1.487452989673040804e+02 6.042245102963335057e+01 1.000891732307579218e+02
1.485126349058568564e+02 6.017737011674486070e+01 9.985840305766191705e+01
1.485772206637184354e+02 6.020460241819896652e+01 9.991863752740992766e+01
1.486393085959990685e+02 6.025214440592421994e+01 9.997225073807744877e+01
1.486916980068846499e+02 6.032328894660116703e+01 1.000050544523526668e+02
1.485791954037069331e+02 6.023860665678480331e+01 9.991789271232742919e+01
1.485864622508605919e+02 6.024468522987590546e+01 9.992576717178522472e+01
1.486768176305570250e+02 6.032073231982947448e+01 1.000035023459224988e+02
1.487400448359079235e+02 6.033537504134458374e+01 1.000308534747828588e+02
1.486994695642586635e+02 6.030005512611630536e+01 9.996094865921034511e+01
1.488883010130955142e+02 6.052386348323553733e+01 1.001361725324937879e+02
1.491883365388149230e+02 6.087365951660520835e+01 1.004396405777217041e+02
1.490813122465729919e+02 6.076203893128835887e+01 1.003034141441364255e+02
1.485425095858191185e+02 6.015720988350014409e+01 9.978682853327779867e+01
1.480543139248569844e+02 5.968262669819063859e+01 9.932366502921684059e+01
1.483096715708493036e+02 5.988410040303315895e+01 9.955799879947568343e+01
1.484950705001776328e+02 6.008237924317967327e+01 9.976807462851122921e+01
1.486538802660753902e+02 6.024550354644681249e+01 9.990098491994463359e+01
1.486372860800431113e+02 6.025906457105756431e+01 9.991887273217282939e+01
1.483830750572699060e+02 5.997702588477416441e+01 9.966819223089267155e+01
1.483823412674106521e+02 5.994380688708946536e+01 9.967788095208928212e+01
1.485503730200536552e+02 6.012514240913378671e+01 9.985436537589886541e+01
1.485912827234751603e+02 6.018078916098050968e+01 9.990014822800161198e+01
1.486244968210606316e+02 6.022330609694846260e+01 9.992931974372480397e+01
1.486157011429481543e+02 6.018913035488968433e+01 9.990030380615208117e+01
1.486332900491235023e+02 6.016148154500128697e+01 9.990533865810782288e+01
1.487662236160282134e+02 6.027274687312418422e+01 9.998647572613344892e+01
1.487775109945976340e+02 6.030751307713980935e+01 1.000280898188188274e+02
1.486908380394702931e+02 6.025588318163443091e+01 9.996978353811664419e+01
1.486157758694613449e+02 6.018205583663068836e+01 9.989157305435435319e+01
1.484952322034521330e+02 6.007677597971358807e+01 9.980278938148497048e+01
1.482789124229765605e+02 5.987623451874900127e+01 9.961386360573801824e+01
1.482271710502137694e+02 5.981180678908747694e+01 9.954962452989673238e+01
1.482133968712866476e+02 5.978705638789185173e+01 9.952438411877839997e+01
1.482437003099312847e+02 5.975997966458820798e+01 9.952386103318592347e+01
1.482931263858093018e+02 5.979747154879886040e+01 9.955832710612389747e+01
1.483128468351484059e+02 5.978350381595227248e+01 9.957376241868897182e+01
1.482431024978255891e+02 5.972007570653305919e+01 9.951828962036481130e+01
1.480199127782337598e+02 5.949267680170523676e+01 9.930910193431417099e+01
1.477375727358478912e+02 5.923453834940157492e+01 9.906086780757310351e+01
1.479397961558721590e+02 5.942185811762688274e+01 9.925098185738261236e+01
1.481432911516458262e+02 5.962604157734194388e+01 9.943732895591135446e+01
1.482768984821942695e+02 5.973975940512795546e+01 9.954776616726488214e+01
1.484199091031593412e+02 5.988363244355698356e+01 9.970619495044775249e+01
1.487733789859244666e+02 6.025073440237164846e+01 1.000207433450527361e+02
1.489251240337616764e+02 6.044290771888130820e+01 1.001627812963212563e+02
1.487772145385943929e+02 6.029339099116756984e+01 1.000037436758094316e+02
1.484310984797442075e+02 5.993394421237029945e+01 9.967142384633288543e+01
1.481836679692763710e+02 5.965551322414278701e+01 9.944400289105854540e+01
1.481872928176795483e+02 5.959857529614974680e+01 9.937786747681640520e+01
1.485376548125099418e+02 5.993049576753929131e+01 9.970048510982347523e+01
1.490466293442442236e+02 6.040226384584288155e+01 1.000890225527066946e+02
1.490154757383837136e+02 6.033431539488674389e+01 1.000500630887775486e+02
1.489769793338315083e+02 6.030918401097622450e+01 1.000062133258198429e+02
1.488090504832722729e+02 6.019924048461981414e+01 9.989660545626048815e+01
1.487960382697749537e+02 6.024144503926204663e+01 9.988484031801644392e+01
1.487862539966434383e+02 6.025033259423503296e+01 9.986503289191605859e+01
1.484600213154316464e+02 5.990239002339797736e+01 9.955542869743112533e+01
1.481115752593989896e+02 5.945434945057637321e+01 9.920148473006578627e+01
1.479636988399014967e+02 5.922629760752655415e+01 9.905305704940525402e+01
1.477666695250578925e+02 5.894702257720718563e+01 9.886660337371831986e+01
1.476270264972865789e+02 5.875801349977336940e+01 9.872932709387364980e+01
1.476712645931080203e+02 5.876444978010804476e+01 9.873641263735591167e+01
1.479001984540186925e+02 5.899094829170290666e+01 9.894011588734672102e+01
1.478982261640798299e+02 5.909510235082260721e+01 9.901511680611532995e+01
1.475825372713797492e+02 5.885038404527691824e+01 9.878236086780756864e+01
1.473770013842780315e+02 5.866447060552976467e+01 9.860791856035085345e+01
1.477760372897551235e+02 5.907871641900748472e+01 9.897261702049466692e+01
1.481000686013891823e+02 5.945361076061790584e+01 9.930543175999314087e+01
1.479548884614913504e+02 5.936854993813624759e+01 9.920592544499025678e+01
1.476423625828423098e+02 5.908956768874569576e+01 9.892830297313520305e+01
1.477968761867427929e+02 5.923701534956082781e+01 9.906117896387401345e+01
1.480977128786857975e+02 5.950314218862931881e+01 9.933429701951465063e+01
1.480471132290428784e+02 5.943167791647780973e+01 9.926208058213178731e+01
1.478517511729612579e+02 5.920006737636437322e+01 9.898215996373926373e+01
1.476090688586443775e+02 5.890693364040621560e+01 9.869504354963187609e+01
1.475159155222893332e+02 5.875318812705957328e+01 9.853904399064080621e+01
1.474594578040205306e+02 5.867857799120432105e+01 9.845796817385551947e+01
1.473964682534821407e+02 5.860517817985814304e+01 9.839472626820693790e+01
1.472729943281351552e+02 5.855327265377123780e+01 9.835781504575467693e+01
1.469494787519447243e+02 5.828121056951403034e+01 9.807798385417304132e+01
1.467189780843062010e+02 5.810299886072692743e+01 9.788697308620498916e+01
1.468637772414891458e+02 5.826957650892430252e+01 9.803625215910622615e+01
1.472366208915730681e+02 5.866308632749813512e+01 9.842231872695421657e+01
1.473601009420440846e+02 5.877088728546753060e+01 9.856021609437591735e+01
1.472211500532885680e+02 5.866494959022919886e+01 9.848480724234666184e+01
1.467916477808675495e+02 5.827873479437958792e+01 9.818861706949566326e+01
1.463028763582462659e+02 5.779242322157023892e+01 9.776615378961423630e+01
1.461336894072104826e+02 5.760619862552216830e+01 9.760894145606448546e+01
1.465689149955286723e+02 5.804574120125932524e+01 9.805148534257818937e+01
1.470483958300155507e+02 5.846077838076220701e+01 9.846139701828961677e+01
1.470020127157575018e+02 5.838763337457583447e+01 9.838946478666193229e+01
1.467083399688843599e+02 5.806782839852507294e+01 9.809395205252906180e+01
1.465325489091154054e+02 5.787612181646678522e+01 9.790339209368990225e+01
1.465292290918891069e+02 5.779197486249096727e+01 9.788625154659381167e+01
1.466912092219867532e+02 5.792916539059915948e+01 9.800232019698398744e+01
1.469436170082444164e+02 5.812467199960799036e+01 9.822115250333818892e+01
1.469958422658058907e+02 5.810909335914052321e+01 9.822566794477587848e+01
1.468134066714850974e+02 5.786191275373326448e+01 9.798082468669990419e+01
1.466091472602320209e+02 5.765739608727076870e+01 9.775473288334089261e+01
1.467113363795616863e+02 5.779066898604696689e+01 9.786016096825960631e+01
1.471585868113829179e+02 5.828328453651186436e+01 9.832729845279366998e+01
1.472694515563940172e+02 5.837855226568338196e+01 9.838664845463119946e+01
1.471232926216756027e+02 5.821551003907828914e+01 9.825594565789957358e+01
1.472502701179698761e+02 5.831436831595839720e+01 9.837572735847901129e+01
1.477747987896754864e+02 5.885636829145790472e+01 9.894949100219280069e+01
1.479493366490671349e+02 5.901646555842755504e+01 9.911898543445504117e+01
1.478876578750719659e+02 5.897437738114197003e+01 9.906777327240877185e+01
1.481374245078462764e+02 5.923724932929891906e+01 9.934706545307543024e+01
1.487893116585610755e+02 5.996792517548480106e+01 1.000331944971885747e+02
1.491021731940071788e+02 6.038694981073366819e+01 1.003943146598718670e+02
1.489519337016574525e+02 6.029795910867195374e+01 1.002429064938564949e+02
1.488550183141208549e+02 6.018480479229704372e+01 1.001272065759331582e+02
1.491188359814286173e+02 6.027980179098626934e+01 1.002388737121926710e+02
1.492000624762651455e+02 6.026923962710245064e+01 1.001721270105719697e+02
1.491173218507674676e+02 6.007750854454802436e+01 9.998710906395854181e+01
1.492482292266418256e+02 6.015873381435974210e+01 1.000814837500459333e+02
1.496307285222525820e+02 6.049886195195452387e+01 1.004475750633950355e+02
1.495863029976356984e+02 6.044056669647560653e+01 1.003389680391027952e+02
1.492285712535678783e+02 6.007694748318653666e+01 9.994088642795016142e+01
1.490355306194950344e+02 5.984193259913513430e+01 9.970563143903663672e+01
1.494638397177542970e+02 6.023782019085886219e+01 1.000749359924538453e+02
1.497735051634795695e+02 6.052402886158444772e+01 1.003694797319645744e+02
1.497720608592323970e+02 6.051073611740637403e+01 1.003931410861069935e+02
1.497085972240937792e+02 6.044029229091889022e+01 1.003408521272555731e+02
1.496993752373485620e+02 6.041368230206661849e+01 1.002871262143058431e+02
1.499161899278460339e+02 6.060067743871813661e+01 1.004693841800296497e+02
1.499997574450882496e+02 6.068974041724344914e+01 1.005428109419215730e+02
1.499759613382171040e+02 6.068683833347625267e+01 1.005213644326297668e+02
1.498744937584986019e+02 6.061306611458881832e+01 1.004364248876039767e+02
1.496982788401465143e+02 6.044948120199433816e+01 1.002688855949332947e+02
1.493372566794477621e+02 6.006345383494015522e+01 9.988851784248630850e+01
1.489680979039825672e+02 5.961925738996214363e+01 9.950891573054354922e+01
1.489314145361443593e+02 5.955399419338241529e+01 9.950950006737636500e+01
1.489406536732368806e+02 5.951566071712952066e+01 9.951808014112285150e+01
1.489097658977594278e+02 5.943778834021389201e+01 9.947777927503031492e+01
1.488236123531501391e+02 5.939749727431980375e+01 9.942761940929304387e+01
1.484984307432225421e+02 5.904069287403069666e+01 9.913411204076882655e+01
1.486095368181205743e+02 5.907510994597640774e+01 9.918884247406009536e+01
1.489958238904337691e+02 5.947264764611483656e+01 9.954151731572564188e+01
1.493009873699942318e+02 5.973673849395450475e+01 9.984893239088091832e+01
1.493979064326052537e+02 5.982875255723928376e+01 9.991484852568264330e+01
1.491653244478200691e+02 5.957051120285186130e+01 9.963575969913391361e+01
1.488232766963531049e+02 5.924190442356457709e+01 9.925881589102179703e+01
1.489535936102706160e+02 5.940255540174688775e+01 9.939892320319486885e+01
1.493715794244833432e+02 5.987043647633864651e+01 9.981325599343387012e+01
1.493519165513101541e+02 5.980644240545871071e+01 9.974437652362460938e+01
1.490917678332986327e+02 5.953075792284793977e+01 9.943648368879469501e+01
1.489794722593132406e+02 5.937816393281963911e+01 9.935320650243167506e+01
1.491113302544376609e+02 5.946619544045766759e+01 9.949085641484239773e+01
1.492262645318567706e+02 5.956575320650242844e+01 9.962222562506890711e+01
1.492056338890862435e+02 5.954156754174272237e+01 9.959828741532015783e+01
1.490871176391322024e+02 5.938237801815486705e+01 9.946003356567970854e+01
1.489210238757334821e+02 5.918390684911369704e+01 9.926346608518822734e+01
1.489057135156986931e+02 5.919704891524053636e+01 9.927149734782129542e+01
1.490635285614533814e+02 5.936434075290024737e+01 9.944901569256776952e+01
1.490584716590510936e+02 5.933605983021156050e+01 9.941747130379390285e+01
1.490790275753084018e+02 5.930323406548982490e+01 9.939371317269174710e+01
1.490391199421788428e+02 5.925003001310776796e+01 9.934568117504379359e+01
1.488752177481594003e+02 5.899817103796351603e+01 9.911633448077323294e+01
1.487752373485563169e+02 5.884294936972473522e+01 9.897606424030087169e+01
1.490179000624762580e+02 5.912131420661268066e+01 9.921862160208743830e+01
1.492100501035145896e+02 5.932132155676152507e+01 9.939060773480663613e+01
1.492322291776408463e+02 5.937339123617253023e+01 9.944384608788327284e+01
1.491135034484448170e+02 5.940410628315223107e+01 9.937018657127806875e+01
1.491618074015998729e+02 5.956836373436561871e+01 9.949294263208830102e+01
1.491895995393906844e+02 5.962538006394629519e+01 9.955364383628769076e+01
1.491358736264409401e+02 5.960066518847006733e+01 9.949819553845965459e+01
1.490213766828778148e+02 5.950733667356764300e+01 9.941553208952481668e+01
1.489996753684262103e+02 5.939164410579314080e+01 9.934833702882482953e+01
1.489305827443005796e+02 5.925900209479242164e+01 9.926963163504061072e+01
1.486437848366429364e+02 5.880334186767282034e+01 9.890745305092427486e+01
1.484914493268488798e+02 5.865310115029829063e+01 9.876893092085114745e+01
1.485089083803947005e+02 5.863486298097536320e+01 9.876814935502443404e+01
1.488431061729000078e+02 5.903663804192034803e+01 9.915009126434810582e+01
1.489890335779299448e+02 5.918619152037828712e+01 9.932053386581078769e+01
1.487718746554617724e+02 5.892340777400742269e+01 9.909166615623966834e+01
1.483642378508164654e+02 5.841378030405115851e+01 9.864127353578909663e+01
1.482158763214955002e+02 5.820680378777669972e+01 9.842516078450589134e+01
1.487519851526993477e+02 5.875698570396050258e+01 9.894927662285161318e+01
1.490606595533559471e+02 5.907048915240533660e+01 9.928181450674375697e+01
1.489108598449118688e+02 5.890641055481373201e+01 9.911285296027244840e+01
1.485670039568301206e+02 5.850273670541828608e+01 9.871341279660913415e+01
1.487552963947519800e+02 5.865652019453393962e+01 9.887530349989587819e+01
1.487861657948573395e+02 5.870540480944739414e+01 9.888790778013255078e+01
1.485269333954012438e+02 5.843766093763398572e+01 9.861190969117124894e+01
1.483843895088875513e+02 5.830077176562825514e+01 9.845950190491358001e+01
1.486259264250101069e+02 5.855663167179135087e+01 9.871216939643028354e+01
1.487932770638605291e+02 5.874333035243963508e+01 9.890798961178964532e+01
1.487095662187159348e+02 5.868892455072214887e+01 9.882337469833764487e+01
1.484794110080729013e+02 5.848486971861180450e+01 9.858344378973674793e+01
1.485078695593585678e+02 5.857344513726403079e+01 9.861969104874373215e+01
1.487542759490879689e+02 5.889670223322022480e+01 9.893024708750351692e+01
1.488229042888118556e+02 5.899020592667001495e+01 9.902378998174712876e+01
1.489324288566843393e+02 5.906895542134728316e+01 9.906547512587130200e+01
1.489475505628988969e+02 5.904414131886170480e+01 9.903866423295072252e+01
1.489312418076466145e+02 5.896850951231762394e+01 9.895271771753378687e+01
1.487273633791084251e+02 5.866811382930504237e+01 9.867985814212737239e+01
1.484398721074101672e+02 5.832359520280285636e+01 9.837517242224154757e+01
1.484429616199728059e+02 5.824628143719910156e+01 9.837123029241341499e+01
1.483997378446913444e+02 5.817260844532101771e+01 9.831063321532261057e+01
1.481107973686467290e+02 5.788976614276439392e+01 9.803523293846700426e+01
1.477866141539366254e+02 5.745350540848452425e+01 9.767223848782937523e+01
1.478538594406536788e+02 5.750685646384339123e+01 9.772491577954453135e+01
1.479605787017187026e+02 5.763531991522828690e+01 9.787863189229581451e+01
1.480679509010057586e+02 5.779375114846075689e+01 9.801354509928826531e+01
1.481829145790202347e+02 5.795366833678382079e+01 9.816310347784542500e+01
1.485821048376229498e+02 5.846571278068380906e+01 9.858848721686614169e+01
1.485775991963837157e+02 5.846772427141649331e+01 9.860579681738555280e+01
1.485733740858252361e+02 5.841833739633227651e+01 9.857925420489765145e+01
1.485379586186620315e+02 5.836538202398598685e+01 9.849929193566170227e+01
1.486783256360941436e+02 5.848418125467041051e+01 9.862760470899536358e+01
1.488974972743198180e+02 5.872950962256985719e+01 9.887086523502101443e+01
1.488950496747559100e+02 5.872798569171025918e+01 9.884705565287697482e+01
1.486227903615048263e+02 5.842820987124989074e+01 9.858640712474426948e+01
1.486719616322230593e+02 5.841869020347662200e+01 9.862125295537234138e+01
1.487645845328367784e+02 5.844341365412649481e+01 9.867207310948046484e+01
1.487624885153924481e+02 5.843648491381950549e+01 9.866603251215836679e+01
1.487536438362876936e+02 5.841879800565961744e+01 9.866804155284144429e+01
1.489271477747424512e+02 5.854893361590572454e+01 9.881051806299078066e+01
1.489765113743553400e+02 5.857280199924048247e+01 9.884866043537381586e+01
1.488644167044382698e+02 5.845545442295206584e+01 9.872882115862846319e+01
1.487716553760213571e+02 5.834923987210741103e+01 9.861479094951673119e+01
1.487762234935257482e+02 5.839766142764391077e+01 9.866325048082224214e+01
1.488211806789087461e+02 5.844440959929438861e+01 9.871668728791757985e+01
1.488623929634575234e+02 5.848376964633533959e+01 9.872348127549582841e+01
1.487337077825825986e+02 5.830345456995504350e+01 9.857106491406450743e+01
1.486790912765983421e+02 5.825492398721073783e+01 9.849578468963996158e+01
1.485942142078376946e+02 5.816786882434369232e+01 9.839520035280713728e+01
1.486822616407982309e+02 5.831907853634036343e+01 9.853368450711127480e+01
1.486490463181879420e+02 5.831462189609339930e+01 9.849098994254633510e+01
1.489305447685315755e+02 5.874498291090394275e+01 9.882797099141257036e+01
1.489148509757322643e+02 5.874378361161813444e+01 9.879483529541472819e+01
1.490895431882495643e+02 5.888914138011294597e+01 9.895075767784297227e+01
1.490811578934473403e+02 5.872565569452781631e+01 9.893977778050005156e+01
1.488349511827614435e+02 5.831331111955017121e+01 9.866134311719812899e+01
1.489826291482402496e+02 5.838926388259362454e+01 9.878572356090211315e+01
1.493672722372627959e+02 5.870486457350761356e+01 9.914534674327154562e+01
1.494514020408913382e+02 5.873220222709510097e+01 9.914856610846369733e+01
1.494388112359275169e+02 5.867774497433573089e+01 9.910055493623745804e+01
1.490925310237532244e+02 5.825583173059254705e+01 9.872885790937266393e+01
1.488291188396565019e+02 5.791270595729563553e+01 9.846528647205106211e+01
1.491435030809373927e+02 5.822961742475285263e+01 9.876668055028113713e+01
1.492726794967598209e+02 5.835752226482586025e+01 9.887312540578946596e+01
1.492073195232203489e+02 5.835078340336391989e+01 9.874472075559529571e+01
1.492683980350602155e+02 5.845127218826181092e+01 9.876714728473251625e+01
1.492378165157844307e+02 5.843912974237728264e+01 9.871698006884639653e+01
1.491289816368781374e+02 5.839261187539047882e+01 9.863897171417721665e+01
1.492186816283029600e+02 5.849991302323871878e+01 9.873154071369945939e+01
1.492302078867097066e+02 5.849973294459212525e+01 9.872979750339943905e+01
1.491182920704144124e+02 5.832321177003834123e+01 9.860931141355612795e+01
1.491395352255883040e+02 5.832515098430743450e+01 9.861316411657335834e+01
1.493239492349720194e+02 5.852177114086560294e+01 9.880728522252574919e+01
1.493041577341941206e+02 5.851389178130857260e+01 9.879805833568130424e+01
1.492351569869289847e+02 5.844452107655180129e+01 9.873942129828128600e+01
1.490713050189266369e+02 5.823092820129607361e+01 9.854791317024169928e+01
1.486529124964780522e+02 5.781782656098786077e+01 9.815922749935685943e+01
1.483965993311364571e+02 5.755681420048755825e+01 9.791439281645453718e+01
1.485455329470421759e+02 5.772488760397398266e+01 9.808638384927294851e+01
1.489067670370324947e+02 5.820485722335877199e+01 9.851559701583957462e+01
1.488658940843552045e+02 5.822878563290906584e+01 9.850785118398647455e+01
1.485651774448432718e+02 5.797522019820901562e+01 9.823076772304639803e+01
1.482396258774240039e+02 5.761032328404650116e+01 9.790464774411681503e+01
1.481896289399860223e+02 5.754202937609486668e+01 9.784936604966250684e+01
1.484084979970844529e+02 5.763588342663938846e+01 9.799452291408900351e+01
1.486343692959782459e+02 5.770193186412024744e+01 9.813036958998419834e+01
1.486712425426615027e+02 5.760579314231112846e+01 9.811030123359998356e+01
1.487017628106969198e+02 5.753677034459947492e+01 9.808110644240545639e+01
1.487899694968823212e+02 5.772121497960333869e+01 9.821618992784604529e+01
1.491548039347796930e+02 5.812744913084490150e+01 9.863207849958961049e+01
1.490673726892969455e+02 5.811070916686063015e+01 9.855857578615966474e+01
1.491547818843331470e+02 5.819425218360672147e+01 9.862929034312945475e+01
1.491950925506241390e+02 5.821078756844826074e+01 9.867508422045546013e+01
1.491788327963641336e+02 5.818014357290735461e+01 9.863864830762823033e+01
1.491158199703544085e+02 5.811640553221202765e+01 9.856194460437824034e+01
1.492127843588832548e+02 5.816524604623243278e+01 9.861751295463733413e+01
1.492353076649802119e+02 5.820946944175619819e+01 9.861714299714569165e+01
1.492172262988325429e+02 5.821502370423001338e+01 9.862707794832844854e+01
1.492873148681260886e+02 5.828700371182516449e+01 9.868042287856329153e+01
1.494570236797295024e+02 5.845187367544193080e+01 9.880590829464296121e+01
1.495463463635138623e+02 5.852178461613847560e+01 9.884688414940401913e+01
1.496119770675356051e+02 5.854244955960358254e+01 9.886541999975499095e+01
1.495983878673543188e+02 5.850096286949811031e+01 9.882667124009260817e+01
1.496281326946870536e+02 5.851663828692530700e+01 9.885766559272825305e+01
1.497019159387977538e+02 5.855602773456162424e+01 9.891279415908172723e+01
1.495180433903786650e+02 5.830620597567100560e+01 9.870783893373841522e+01
1.492132829439796069e+02 5.790926118753904461e+01 9.838296603006210717e+01
1.493793791574279339e+02 5.801543041246585375e+01 9.850422388553367625e+01
1.495777731499062781e+02 5.816240031360634788e+01 9.866149624529896300e+01
1.495680991290073507e+02 5.821269248202276003e+01 9.864974458232779853e+01
1.495277627371954168e+02 5.819132069924415873e+01 9.863442809716896420e+01
1.498184096727958661e+02 5.853327289877619677e+01 9.885362913599000478e+01
1.498301931864120320e+02 5.856343545956805485e+01 9.890375102595827173e+01
1.497338596856586435e+02 5.846441425438865025e+01 9.883839105241881384e+01
1.496685989391285148e+02 5.840695691587754368e+01 9.880369957491639354e+01
1.497780377552645348e+02 5.852027538557656072e+01 9.893379965944311039e+01
1.498698300890592918e+02 5.862179196628731859e+01 9.905448787837953262e+01
1.499665359973539580e+02 5.869486469601009304e+01 9.912404968700616337e+01
1.499400803616273095e+02 5.864722960639952731e+01 9.910773970672906330e+01
1.499777351741372797e+02 5.865058494934522315e+01 9.915800002450049533e+01
1.500850375470103302e+02 5.866852666266491667e+01 9.917835503668949571e+01
1.500150604549742184e+02 5.856907302372873403e+01 9.909950386495326313e+01
1.499405813967732968e+02 5.844628633729833211e+01 9.899464909164410642e+01
1.501785792162291386e+02 5.870084771716627614e+01 9.922239835356666049e+01
1.505637870416875899e+02 5.904271906506106404e+01 9.956167264887113788e+01
1.504762247185505544e+02 5.899608114564320260e+01 9.945151841824797145e+01
1.501662922174174071e+02 5.867462606117774016e+01 9.912565814457742874e+01
1.499423233820484995e+02 5.842205412159596278e+01 9.887878869547108707e+01
1.500475775134446508e+02 5.849276745354093521e+01 9.896668177530594335e+01
1.503661770650855658e+02 5.879000379757690098e+01 9.926551187661550557e+01
1.505599992649851231e+02 5.895791182271440789e+01 9.941808994132131261e+01
1.506915963298256713e+02 5.905555119991179680e+01 9.950755350295843016e+01
1.506143266651149588e+02 5.897055162867047784e+01 9.942240447869069442e+01
1.505905795592360619e+02 5.892876725753696832e+01 9.940657838321226336e+01
1.508144908184390829e+02 5.910908478396687826e+01 9.957541742720290756e+01
1.508915595790814734e+02 5.913169384180029908e+01 9.962732417831460907e+01
1.505990506057747780e+02 5.881741495265278985e+01 9.931780696059095703e+01
1.502142923644203734e+02 5.836255344170719184e+01 9.889815021254180749e+01
1.499999387487596607e+02 5.814022613957932606e+01 9.868197866006786967e+01
1.499930222587007336e+02 5.818693633546079269e+01 9.874710587889404678e+01
1.500885766436770439e+02 5.835353480907988200e+01 9.888393869975867290e+01
1.503233844985360861e+02 5.862069679411008138e+01 9.913459592556749556e+01
1.502916392056939117e+02 5.857753182001935244e+01 9.906100868542587534e+01
1.502535936102705989e+02 5.848752067229361273e+01 9.898096923962710036e+01
1.501662628168220408e+02 5.838627114699072962e+01 9.889472381815731694e+01
1.501449032842915017e+02 5.836114098810500650e+01 9.889457681518051402e+01
1.501782190589359516e+02 5.838503509696071347e+01 9.893094290159375248e+01
1.502402763655964009e+02 5.844310862294961595e+01 9.898145802452499709e+01
1.502239565851208454e+02 5.841956854626306495e+01 9.893817544805281727e+01
1.501209466991706449e+02 5.837313398096311801e+01 9.886385074297754727e+01
1.501734733128345738e+02 5.845072827724761311e+01 9.892377405642464794e+01
1.503368168955421424e+02 5.860090284328257582e+01 9.905764354228173829e+01
1.504345824502946130e+02 5.869450331369210261e+01 9.912051549043867738e+01
1.505936568215506384e+02 5.884065857333610694e+01 9.925995271404245557e+01
1.506090615084955573e+02 5.877104408864279605e+01 9.927912067719371692e+01
1.504397496049294887e+02 5.852612610405360982e+01 9.908709191361124624e+01
1.500489740417243354e+02 5.804271906506106404e+01 9.867860004165083865e+01
1.498482733275348835e+02 5.774973110705492019e+01 9.846045497421323489e+01
1.499833666131739278e+02 5.787340961154463059e+01 9.859619997304945116e+01
1.501300449584103944e+02 5.804029106589408116e+01 9.872249390550157955e+01
1.501491136945523124e+02 5.814264923864708123e+01 9.878301503105437575e+01
1.501331601964939750e+02 5.819181560926608654e+01 9.880816846541142695e+01
1.500376180617657553e+02 5.810656368291457596e+01 9.873612475652632270e+01
1.501174137276279907e+02 5.819171025713270495e+01 9.881948769462582050e+01
1.504078205583662964e+02 5.844339772880400830e+01 9.906598718624051969e+01
1.505914162511790835e+02 5.863754823535176541e+01 9.925917727333978746e+01
1.505642109002707230e+02 5.855442050201516935e+01 9.920722642133503655e+01
1.505572380590706985e+02 5.850865725030931941e+01 9.916727591233723160e+01
1.506044541901973446e+02 5.853216792640051125e+01 9.922194999448738884e+01
1.507550391395425891e+02 5.863638813685977169e+01 9.933029363844617876e+01
1.508189425585867980e+02 5.867265009616444615e+01 9.937357253984393424e+01
1.507628290722887243e+02 5.857101468804743405e+01 9.928615966973330842e+01
1.506279158652962735e+02 5.844891769058323661e+01 9.920036995749164532e+01
1.507529320968749573e+02 5.856857566365719237e+01 9.930099349511827711e+01
1.511031152380835749e+02 5.886201320576741836e+01 9.953517168722666497e+01
1.510970685156374316e+02 5.881631243032671108e+01 9.946515906947115582e+01
1.509594627041197725e+02 5.868276390096899320e+01 9.928414327890139646e+01
1.511895284879518897e+02 5.890246352488637882e+01 9.949729147015227682e+01
1.512123984760691542e+02 5.892760838406977797e+01 9.946819345591748629e+01
1.512507809533143188e+02 5.899080251375090000e+01 9.950275385576557596e+01
1.512243988190761002e+02 5.894837255454422831e+01 9.943501978415062581e+01
1.512060822481655293e+02 5.889111734512623997e+01 9.939156570420550452e+01
1.512537724638924033e+02 5.890948291702906658e+01 9.941174431282233570e+01
1.511255760679153752e+02 5.876653967242836529e+01 9.929185113498547821e+01
1.509698190638360416e+02 5.858874447207556102e+01 9.916143009395939600e+01
1.509176856831350904e+02 5.851424948855214581e+01 9.910763802967009894e+01
1.511036076980558960e+02 5.867994021878943300e+01 9.932422241550391107e+01
1.512126434810304829e+02 5.878929695826340662e+01 9.946193357915497302e+01
1.512106454655706784e+02 5.881202974360230940e+01 9.946584508336293595e+01
1.511348531807769007e+02 5.872061594247283267e+01 9.933654126496061565e+01
1.510459960064191307e+02 5.861117590131200217e+01 9.918934105915644750e+01
1.510535666597248508e+02 5.866783084857468111e+01 9.919161225514817204e+01
1.510393294214207742e+02 5.866857811370680054e+01 9.918268427435656065e+01
1.510234727003221735e+02 5.871490365179894866e+01 9.921653905991595934e+01
1.511460082566671872e+02 5.887156594921047059e+01 9.939114062059756805e+01
1.513710906395854465e+02 5.906329580674008639e+01 9.960516347956045990e+01
1.513766681775306040e+02 5.901934314169862006e+01 9.959514645171564950e+01
1.512573519863777278e+02 5.888010069703911853e+01 9.948731854320050161e+01
1.512940953804314574e+02 5.889010669966067013e+01 9.953124058262179119e+01
1.514559174823290277e+02 5.901296811260427688e+01 9.962244245445970137e+01
1.514794391836434784e+02 5.897337163577562791e+01 9.957358724014160600e+01
1.514887175215298214e+02 5.896021241930149159e+01 9.951910548688610447e+01
1.514607404049932029e+02 5.892824662199409858e+01 9.950194533939311725e+01
1.514481863507735966e+02 5.890523085592483454e+01 9.950144552927196173e+01
1.514978170057943601e+02 5.895549239872107705e+01 9.959426075878036499e+01
1.516045791427276299e+02 5.904249978562065593e+01 9.972592765003491877e+01
1.516526846418639991e+02 5.913128590853964539e+01 9.982444046991952291e+01
1.517624970905660859e+02 5.921696291849909954e+01 9.995106270901985113e+01
1.519470372775048759e+02 5.942299984074677610e+01 1.001318126692065533e+02
1.519071149440776196e+02 5.937876174492533465e+01 1.001009236687042971e+02
1.516266112138770836e+02 5.903730568044002780e+01 9.981959672183361931e+01
1.514829182540946420e+02 5.885354215922872356e+01 9.961532138525805635e+01
1.516885460180568543e+02 5.912321054501353501e+01 9.980296823510676063e+01
1.518508287292817727e+02 5.928307383224510119e+01 9.993436317085421194e+01
1.517734818880082344e+02 5.931312246572993274e+01 9.994939790030747417e+01
1.516753034998958753e+02 5.923945804902549384e+01 9.990228589628939915e+01
1.517433217772659759e+02 5.932512158371206823e+01 9.997599073881245602e+01
1.517959390427656103e+02 5.936192990408055437e+01 9.999581164018570689e+01
1.517149097769229797e+02 5.926007031642390643e+01 9.992457522264825798e+01
1.516800124952530382e+02 5.912758143352402840e+01 9.985451237887566833e+01
1.517584765591503242e+02 5.912943734610625768e+01 9.989796523379598625e+01
1.517535029584349218e+02 5.901858607636804521e+01 9.982559811836189567e+01
1.515773897171417843e+02 5.875916379806690770e+01 9.961752642991019968e+01
1.516005328857909262e+02 5.870837181952934714e+01 9.960366159914738660e+01
1.515497899082456286e+02 5.869140032585659839e+01 9.950692384020776160e+01
1.514976504024206463e+02 5.872570592054488969e+01 9.947030294863471056e+01
1.517855189817593669e+02 5.907895284879518982e+01 9.972046526442160541e+01
1.519239602601952583e+02 5.925463488135634549e+01 9.985016476583651013e+01
1.518712707182320401e+02 5.919463684139603998e+01 9.979093849150444839e+01
1.517440714924477163e+02 5.903970305398684104e+01 9.961361370067743337e+01
1.518058629687251084e+02 5.912282098712498879e+01 9.966760666903505239e+01
1.520074015998823995e+02 5.939485489581164046e+01 9.987175705308033002e+01
1.520045142164128720e+02 5.938769952591540147e+01 9.988155602650954279e+01
1.518331087454521082e+02 5.920776665727481003e+01 9.972438779385282714e+01
1.517680844287096704e+02 5.912199042030601248e+01 9.968049270497728287e+01
1.519070647180605533e+02 5.923445014761549032e+01 9.982909923925959106e+01
1.520399419338241671e+02 5.936733716357755952e+01 9.999996937437983036e+01
1.519191753133000873e+02 5.921824796952138570e+01 9.990401685634134310e+01
1.518033614680697383e+02 5.912419668998297340e+01 9.981726304957675211e+01
1.520158407957761142e+02 5.931466722201124497e+01 1.000543065747081357e+02
1.520345285492031167e+02 5.931168061153238114e+01 1.001230880425328564e+02
1.518116328355649216e+02 5.900216829390794970e+01 9.990096654457252612e+01
1.520287145814702683e+02 5.914424789601989119e+01 1.001085298477294145e+02
1.521768029302593277e+02 5.928544058017175189e+01 1.002177922602932654e+02
1.522410946821673008e+02 5.932364910389435408e+01 1.002247014002033580e+02
1.524642280506180327e+02 5.955485906089598558e+01 1.004304614668447044e+02
1.527450221116977502e+02 5.984812632455807346e+01 1.007138305300682362e+02
1.527633668581788697e+02 5.986255589175680569e+01 1.007057000404258247e+02
1.524408166015361701e+02 5.954368315958398483e+01 1.003589775942962774e+02
1.523064705810292594e+02 5.940605529761977976e+01 1.001853915791794805e+02
1.524472369565483802e+02 5.954452842670063717e+01 1.002829831804094027e+02
1.526334039764305146e+02 5.974347613039164173e+01 1.004556332765738489e+02
1.525629650500422656e+02 5.963889821268880809e+01 1.003753549509377621e+02
1.523759368377209569e+02 5.946956793375066042e+01 1.001722176624076610e+02
1.522059964964290657e+02 5.936057992674351880e+01 9.997446435790324415e+01
1.519878685793387376e+02 5.919257022454704753e+01 9.971021915693792437e+01
1.519934902181769303e+02 5.923705945045387011e+01 9.973182491945462402e+01
1.520079173353260273e+02 5.928897722678884463e+01 9.972347882544622166e+01
1.519438509879825006e+02 5.923491075694283126e+01 9.967455868481336267e+01
1.519127610834119366e+02 5.916777327240876616e+01 9.975215788119709259e+01
1.517669598559370741e+02 5.900287268317183731e+01 9.971577831951097437e+01
1.520017052345309878e+02 5.923877326015851708e+01 1.000245470470777036e+02
1.521197976259019242e+02 5.935946392914456737e+01 1.001616346731021281e+02
1.520590339454373918e+02 5.929843074322255347e+01 1.000886403449669899e+02
1.519502799181683486e+02 5.910337371831779762e+01 9.990494910021928376e+01
1.522252355110190933e+02 5.942702404723695508e+01 1.001027183300461871e+02
1.525282858227879217e+02 5.978001862037706360e+01 1.003634881356347535e+02
1.527203096862711504e+02 5.999386752581740012e+01 1.005504011956242181e+02
1.528553845965380731e+02 6.014209797748404185e+01 1.007293270938736498e+02
1.528900491234947481e+02 6.020510222832012204e+01 1.008180911663461217e+02
1.528281633203072261e+02 6.018003822077397302e+01 1.007527556933027881e+02
1.524638029670100821e+02 5.976859281400448509e+01 1.004089635065110002e+02
1.521679398757824799e+02 5.939452168906420582e+01 1.001240153863115694e+02
1.521924060712229334e+02 5.938313385846063142e+01 1.001731045803677489e+02
1.521765162744545705e+02 5.936079430608469920e+01 1.000799377687398106e+02
1.518988913525498958e+02 5.905084587962906539e+01 9.972512893386091548e+01
1.515008134164716864e+02 5.864246793497568433e+01 9.933230390415405964e+01
1.511139077066310676e+02 5.828277492619225342e+01 9.899190013597775817e+01
1.513707819333341433e+02 5.853202214844850459e+01 9.926908527397679904e+01
1.515883059131947448e+02 5.875446337788340401e+01 9.949305288432090322e+01
1.515246327988141672e+02 5.866178657617816583e+01 9.946361186314022973e+01
1.516056375641606735e+02 5.877482819027085270e+01 9.957485514081659517e+01
1.520049172495743051e+02 5.918684078352586653e+01 1.000006786637429457e+02
1.520029951856525088e+02 5.917971971432421441e+01 9.997828153520109140e+01
1.517408325268586680e+02 5.895593708272592437e+01 9.978621969594884433e+01
1.517645490071173811e+02 5.897457461013585345e+01 9.984116940868052836e+01
1.519841837047200102e+02 5.924881111342504880e+01 1.001250346069507913e+02
1.520857137607036407e+02 5.941776408472271243e+01 1.002404809447391330e+02
1.522551910426186055e+02 5.956568460511325469e+01 1.003338449853609546e+02
1.523123641753745403e+02 5.963435337065575226e+01 1.003603704475015661e+02
1.524829733802109502e+02 5.985928997562200493e+01 1.005171956732123846e+02
1.525582952554789244e+02 5.999634085090222868e+01 1.005274564809937345e+02
1.525830628070218324e+02 5.997545172789749302e+01 1.005247491761708147e+02
1.526307089218556712e+02 5.998199581041516382e+01 1.005413017113596510e+02
1.526260783280861517e+02 5.988313875855985913e+01 1.005028408325268572e+02
1.525930247087503631e+02 5.979527017922112719e+01 1.004486163344807750e+02
1.526262755570800209e+02 5.981512170621454771e+01 1.004544339772880335e+02
1.527374000073501463e+02 5.994060589726942112e+01 1.005188972326689623e+02
1.527149747032377434e+02 5.995811640185713998e+01 1.005169494432262240e+02
1.525074028249072171e+02 5.976932660386372476e+01 1.003695140326591684e+02
1.522588318163442693e+02 5.953868750842204349e+01 1.001520268035427677e+02
1.521665384474035534e+02 5.947190283103233099e+01 1.000927895039874613e+02
1.522213975082995319e+02 5.949401697884382401e+01 1.001814862000955486e+02
1.523082235915277352e+02 5.959046440690423907e+01 1.002301282600972741e+02
1.522813808479621684e+02 5.958891352549888865e+01 1.002196273474537804e+02
1.520354424177089641e+02 5.941675588930675644e+01 9.998940843552081503e+01
1.518402518651002708e+02 5.925708615599465645e+01 9.985176219818451671e+01
1.516177469343754183e+02 5.902348617559505328e+01 9.962634415846920888e+01
1.514584385833813087e+02 5.884452842670064143e+01 9.947857309110509050e+01
1.516826426235131180e+02 5.909536695618086100e+01 9.964812877460768448e+01
1.518689590964216904e+02 5.928213668826793992e+01 9.982139873332434377e+01
1.518384743541056707e+02 5.920651590694711786e+01 9.978385294802220074e+01
1.515609131334909421e+02 5.896416434932807249e+01 9.953456284989771063e+01
1.512234420747020067e+02 5.857964376278619767e+01 9.920188898825200852e+01
1.511785191900135885e+02 5.853810929671325880e+01 9.921426786392424901e+01
1.513783562617142877e+02 5.870757800345457156e+01 9.945278141882373291e+01
1.515508801803236452e+02 5.886839803506020985e+01 9.965501953914566968e+01
1.515588575418652226e+02 5.889013732528083978e+01 9.968855091815609626e+01
1.516654138746309570e+02 5.901154095870441552e+01 9.979343631708542262e+01
1.515762136933272757e+02 5.897350761352917203e+01 9.963321654763508661e+01
1.513623721380357949e+02 5.876661929904080495e+01 9.941483260036015679e+01
1.511077335816050322e+02 5.856652374710587594e+01 9.919644987811003034e+01
1.512820729869779939e+02 5.877299310311033764e+01 9.934999326236356865e+01
1.513211904791072016e+02 5.875985593708272603e+01 9.936284377258640177e+01
1.511757065330573084e+02 5.855283409489042157e+01 9.926158322206025275e+01
1.510315823645428850e+02 5.835021499185358351e+01 9.915681910058678739e+01
1.512598044860408493e+02 5.855100880792836193e+01 9.941656356041210074e+01
1.513355575700408053e+02 5.862079234604500755e+01 9.951685144124168403e+01
1.513536646617093879e+02 5.862143915914297310e+01 9.950718477049160526e+01
1.514013634526099281e+02 5.871477747424385285e+01 9.953673849395450191e+01
1.514380051696046792e+02 5.880846124634023653e+01 9.954971028163319602e+01
1.513277088361039375e+02 5.872370423001066086e+01 9.945710085629234243e+01
1.510416238928838197e+02 5.841327069373154757e+01 9.919089561563622226e+01
1.505668018277370095e+02 5.796454655706777714e+01 9.875151596819836186e+01
1.500660815131506354e+02 5.751181046416189702e+01 9.831332091974861953e+01
1.498307897734929099e+02 5.731758400607612458e+01 9.813882471120039952e+01
1.497173733018093742e+02 5.728632504808222592e+01 9.809915228283372812e+01
1.499506315002878694e+02 5.746591980987614789e+01 9.829203366368169270e+01
1.501276414597395501e+02 5.761569011772488125e+01 9.844162756795824976e+01
1.501807989611789651e+02 5.775089488062133114e+01 9.855297619776800389e+01
1.500635677622471746e+02 5.774360965809557911e+01 9.850528230696671983e+01
1.502406401979640123e+02 5.799331626465436074e+01 9.872510198331515596e+01
1.502221067976626614e+02 5.800624762651443689e+01 9.873117810635665137e+01
1.501404135683747540e+02 5.788447893569844638e+01 9.863370900760740767e+01
1.500078438338376259e+02 5.770999130232387131e+01 9.847735419142237845e+01
1.500820362362337903e+02 5.772831277333366273e+01 9.853135818500324206e+01
1.503332961742475220e+02 5.790638605431760055e+01 9.872531146255711576e+01
1.504724700175178498e+02 5.806031899645967798e+01 9.886195930467592063e+01
1.505089684066102222e+02 5.808300645588073507e+01 9.889674755913807758e+01
1.506127439330646496e+02 5.816999669243302407e+01 9.901366025162009521e+01
1.506886623954135018e+02 5.823480540480944967e+01 9.910459751809973739e+01
1.510178216608886430e+02 5.860540358442258224e+01 9.939691048743736701e+01
1.511569612034643626e+02 5.873340520145532651e+01 9.953012581004765025e+01
1.514015557815045838e+02 5.906376989134029998e+01 9.980080116622362141e+01
1.519150090039323402e+02 5.966526809667895748e+01 1.003149698031385100e+02
1.524360267545417855e+02 6.023578664967965324e+01 1.008038331026203309e+02
1.527044113143291213e+02 6.049053423331822188e+01 1.010155235143511590e+02
1.526084159204224022e+02 6.038666437995369307e+01 1.009016574585635340e+02
1.526285455280469421e+02 6.038772035133711569e+01 1.009137876541999930e+02
1.530106221900993546e+02 6.064056179637637456e+01 1.011029425095858159e+02
1.533011233477477901e+02 6.086961325966851177e+01 1.012243583932574609e+02
1.534366123163994189e+02 6.096372824049687011e+01 1.012185554507478713e+02
1.536261726549962532e+02 6.111721649863410022e+01 1.012826781492325239e+02
1.538267177910352643e+02 6.125733851110484807e+01 1.014271465497176337e+02
1.539570334799279578e+02 6.134616260979284874e+01 1.015995614411191781e+02
1.540079406107973625e+02 6.141678528990212271e+01 1.017034925457240462e+02
1.540661280640933057e+02 6.147595521309306577e+01 1.017732050324019042e+02
1.540191091619605288e+02 6.144866411044823451e+01 1.017765370998762791e+02
1.540168930920851267e+02 6.140083546691820260e+01 1.017416373681567023e+02
1.541379365682155083e+02 6.151014565544952006e+01 1.018665004716345521e+02
1.542758131102154948e+02 6.163404221435484232e+01 1.019633876836005868e+02
1.543423932084624823e+02 6.172601707684580674e+01 1.020212137545785254e+02
1.542589347184280371e+02 6.162675576680427980e+01 1.019304614668447044e+02
1.538388038857786739e+02 6.114122085972240939e+01 1.014574732638335917e+02
1.532565618453773766e+02 6.064202815107005762e+01 1.008529921230904876e+02
1.535233844985361031e+02 6.095159926988521448e+01 1.010945547647339851e+02
1.538542832992368119e+02 6.132559689333709230e+01 1.013861131187906608e+02
1.538500728889760012e+02 6.138806703335742299e+01 1.013413739878232604e+02
1.536631157280934872e+02 6.121119672673371781e+01 1.011689578713968984e+02
1.537272494518014128e+02 6.127298820301110993e+01 1.012857260109517199e+02
1.538201957589641324e+02 6.141237765064742860e+01 1.014013450772378206e+02
1.537859648907890460e+02 6.136272249513052657e+01 1.013827430755472818e+02
1.536883732895591095e+02 6.126420477514669471e+01 1.012778674768164109e+02
1.537674829415295790e+02 6.138828876284744496e+01 1.013881442099202559e+02
1.538117296125246583e+02 6.143420881772856035e+01 1.014716774264678918e+02
1.535756550820154018e+02 6.119177395842265810e+01 1.013300229079638797e+02
1.530718587301392972e+02 6.064332055224118534e+01 1.008844201345077209e+02
1.529195048449731189e+02 6.050772378140657537e+01 1.007573042104102541e+02
1.533315039629552530e+02 6.090077789075228765e+01 1.011079981869632860e+02
1.534957969398880380e+02 6.107647829868555078e+01 1.013108206441180386e+02
1.534788340213889342e+02 6.108061765750756678e+01 1.013615550464896984e+02
1.534477232913966418e+02 6.106550575149146454e+01 1.013827675760434204e+02
1.533379157427937969e+02 6.093259668508287064e+01 1.012776886231946207e+02
1.532010412710857281e+02 6.079063836042679725e+01 1.011878159032720390e+02
1.531800296456003139e+02 6.076859526405409895e+01 1.011221790741262510e+02
1.532279219904202989e+02 6.078714826475236066e+01 1.011412171846479851e+02
1.534450931631365620e+02 6.101863997745954293e+01 1.013015496563805442e+02
1.532909446166284795e+02 6.081928801558231612e+01 1.011070071418946270e+02
1.528205044652154072e+02 6.030013965282797272e+01 1.006129289118104708e+02
1.525759797135891915e+02 6.008378802170744137e+01 1.003808357119231687e+02
1.527781970084894283e+02 6.033169139175068096e+01 1.005788511717362326e+02
1.531805723315897012e+02 6.078486481851257395e+01 1.010308130489642480e+02
1.532469258002474533e+02 6.089454496453553389e+01 1.010691551003907875e+02
1.532139787580698567e+02 6.085740833751883372e+01 1.009911491957712144e+02
1.531867954576080137e+02 6.079813918731854017e+01 1.009829047788217764e+02
1.533960554201222521e+02 6.097251411841089919e+01 1.011703519496269763e+02
1.535961301466354598e+02 6.118513799904447836e+01 1.014251950852004711e+02
1.536335828300523190e+02 6.124689884970170795e+01 1.015222893263588588e+02
1.535648969141625173e+02 6.123542281731204895e+01 1.014629503497445882e+02
1.532076380296701075e+02 6.088494934522424273e+01 1.010863066727101227e+02
1.530574757138832069e+02 6.070294128456101390e+01 1.008881380847962106e+02
1.536135561245115184e+02 6.124408864279501330e+01 1.013475517879237060e+02
1.538170241697394260e+02 6.151641043231125394e+01 1.015743418554225741e+02
1.536155823155419000e+02 6.131289338609106920e+01 1.014793399566341208e+02
1.532888645245066073e+02 6.090619005034852051e+01 1.012399419338241557e+02
1.532343643958790267e+02 6.077473998848476811e+01 1.011856451593144754e+02
1.534221276230843785e+02 6.095364751136210657e+01 1.014024341242910197e+02
1.534341634918107218e+02 6.099282257965723630e+01 1.014201639083191395e+02
1.533959966189315196e+02 6.098005659614607055e+01 1.014000220504465233e+02
1.534935147186730546e+02 6.105593218262669808e+01 1.014040193063909499e+02
1.534822959414928221e+02 6.109015937572736021e+01 1.013698999154732832e+02
1.535297362521590969e+02 6.113833225122808557e+01 1.013827161250015365e+02
1.535593573519863639e+02 6.116505494236258045e+01 1.014305190430106194e+02
1.535272923276696417e+02 6.114252551114159928e+01 1.013833127120824145e+02
1.533972939202018893e+02 6.098746064607808393e+01 1.012508446546042506e+02
1.530868910095429385e+02 6.065123666254241641e+01 1.009300192328894639e+02
1.529909960676703804e+02 6.055187490046673560e+01 1.008253139126067310e+02
1.531560595852066058e+02 6.070836079430608123e+01 1.009545748551408195e+02
1.532579657238059099e+02 6.077590988717521725e+01 1.010535335840550744e+02
1.531603226715340895e+02 6.067088728546752918e+01 1.010140130587644336e+02
1.530164582082787206e+02 6.050449706606558919e+01 1.008959084171454492e+02
1.530061287991081826e+02 6.052806899339711322e+01 1.009021021425683813e+02
1.528484607563303257e+02 6.034612708407345139e+01 1.007736950423246043e+02
1.528060099717019398e+02 6.027453540934203602e+01 1.007565606203525590e+02
1.527986904484815796e+02 6.031116732613835296e+01 1.008008611924391431e+02
1.527917776334970767e+02 6.035902537026375114e+01 1.008429763202704805e+02
1.528451323639303610e+02 6.044598253114625663e+01 1.009402555401746895e+02
1.530263343582707591e+02 6.069868922345677476e+01 1.011475285124523822e+02
1.531302764880988718e+02 6.079238769585084157e+01 1.012493832000098024e+02
1.530947973196457212e+02 6.077787850203966968e+01 1.012006688635444931e+02
1.531332765738506225e+02 6.077718636302385136e+01 1.012352525388639179e+02
1.531044468400485243e+02 6.076542857492864158e+01 1.011776800480209744e+02
1.529531183006455990e+02 6.067280812436451498e+01 1.010592838504979767e+02
1.530555793754823526e+02 6.078380027195550639e+01 1.012180715659492165e+02
1.534110668741041934e+02 6.116921512660631066e+01 1.015504942975095304e+02
1.535206833188372002e+02 6.127410910070928907e+01 1.016254866411044873e+02
1.533855667577268491e+02 6.111631243032671534e+01 1.014572772598645116e+02
1.534309429015937667e+02 6.110938001494530170e+01 1.014614313189842107e+02
1.535039311046048738e+02 6.116390954416826986e+01 1.015488527642684744e+02
1.535276377846651314e+02 6.121881760605652545e+01 1.016233832735112941e+02
1.534531599514890274e+02 6.116579853242028264e+01 1.015568436010829174e+02
1.533271747252881880e+02 6.101162303536646903e+01 1.014146586468375943e+02
1.531684788866974429e+02 6.078552265683379829e+01 1.012034410946821623e+02
1.529388969876640090e+02 6.049833274123800919e+01 1.009502872683171830e+02
1.527752361235314993e+02 6.031898788450465787e+01 1.008219757200083251e+02
1.524846822898163623e+02 6.002847570163295643e+01 1.005920483639793730e+02
1.524541816221778561e+02 5.996199605542012279e+01 1.005264703360243033e+02
1.524775991963837214e+02 6.002673739143217801e+01 1.005540186938785467e+02
1.524426835393416582e+02 5.999839031740392414e+01 1.005079896117896396e+02
1.525136333010743499e+02 6.019692273768544055e+01 1.007279783415614105e+02
1.524508213791329183e+02 6.030551628670480824e+01 1.007887910230182200e+02
1.523666548247601895e+02 6.026300180078646918e+01 1.007641435239063554e+02
1.521935171687226784e+02 6.010713086940010186e+01 1.006042973870220862e+02
1.521616677487719187e+02 5.995029461846602459e+01 1.004669831314084121e+02
1.521648956891376940e+02 5.987288162585292639e+01 1.004070855434822533e+02
1.523117332875990826e+02 5.996214918352096390e+01 1.005230035158212019e+02
1.522960039690803740e+02 5.992728252747117779e+01 1.005217882912128999e+02
1.522119268415185331e+02 5.976265634379096525e+01 1.004124683024831199e+02
1.519085224975805772e+02 5.943597652852470503e+01 1.000836054930112340e+02
1.518773260158518212e+02 5.942976932782888611e+01 1.000850779728289552e+02
1.521760287145814630e+02 5.976455513224142635e+01 1.004380590706961840e+02
1.521632566059462590e+02 5.989591699231909416e+01 1.005225759821636444e+02
1.519984981195869125e+02 5.965679092501623160e+01 1.003298501794661348e+02
1.517192916906567461e+02 5.943062562016881145e+01 1.000470127770087316e+02
1.514173304259411168e+02 5.914919454618956252e+01 9.976155259644008311e+01
1.513411657336061182e+02 5.911138048045472715e+01 9.966612316399407234e+01
1.516098259239749666e+02 5.938592201492080136e+01 9.991819651847950468e+01
1.516464504906224420e+02 5.943820362362338017e+01 9.999990199801545998e+01
1.516076294544964469e+02 5.943024953755313788e+01 1.000002303046636740e+02
1.516629576998934112e+02 5.955789099729269509e+01 1.001580931263858076e+02
1.516631708542097954e+02 5.954875353725913101e+01 1.001916931067854080e+02
1.515197731254057771e+02 5.946306182700199372e+01 1.001141061606497544e+02
1.514811934191667433e+02 5.941783758621112099e+01 1.000908931655866070e+02
1.516141551616420315e+02 5.947023802231995404e+01 1.002014026534037328e+02
1.515221655988533769e+02 5.933282208964731552e+01 1.001205412159596193e+02
1.513866068037877710e+02 5.915943697859881922e+01 1.000185285002021232e+02
1.513878845046612298e+02 5.908122771986132449e+01 9.998714213962833242e+01
1.513288811848439934e+02 5.900292658426332792e+01 9.995468265732381496e+01
1.513728767257536845e+02 5.905164582082787206e+01 9.999493207237446768e+01
1.513171515723193465e+02 5.909219046685695531e+01 9.995250333819259936e+01
1.513889355759454247e+02 5.923545466795702907e+01 1.000110031728142559e+02
1.513670921586162024e+02 5.929336526564662790e+01 1.000355416447183075e+02
1.512416839190993585e+02 5.920800431208731851e+01 9.993108622949614528e+01
1.511545430044958493e+02 5.910292168416410163e+01 9.983840085261726927e+01
1.513273976798030276e+02 5.935505873993948711e+01 1.000118557900797498e+02
1.515317477428917812e+02 5.963130060883732853e+01 1.002112420526515706e+02
1.515388320613492397e+02 5.974417071945706681e+01 1.002204750646200608e+02
1.513992649851159626e+02 5.959193443667233936e+01 1.000805600813416447e+02
1.514722654383751319e+02 5.958815033504428271e+01 1.001312111820264334e+02
1.515337678087981317e+02 5.958241109382465339e+01 1.001501880413078425e+02
1.516661329641925136e+02 5.972970930161335446e+01 1.002930541093457180e+02
1.518432004998101092e+02 5.991698864402004432e+01 1.004681297546275260e+02
1.519573078854846813e+02 6.004680329776677894e+01 1.005795298354791640e+02
1.517531452511913415e+02 5.984970170645955534e+01 1.004122232975217770e+02
1.514904680819786620e+02 5.947085788487216718e+01 1.000750768703066171e+02
1.512729673775893957e+02 5.925817765309747642e+01 9.985753451507393663e+01
1.512239039090541723e+02 5.920402788156459906e+01 9.979700971444671609e+01
1.515076821305631540e+02 5.950810721417109050e+01 1.001009493942252391e+02
1.515849824208940220e+02 5.967860126667564913e+01 1.002819798850926674e+02
1.514116389606889470e+02 5.950637747914394993e+01 1.001628290722887158e+02
1.512827210251007557e+02 5.936110546238561625e+01 1.000353591160220930e+02
1.512813526723916198e+02 5.935570677806225603e+01 1.000094755668802264e+02
1.515916686062892893e+02 5.966631671791353853e+01 1.003068184880743843e+02
1.516604598743124654e+02 5.970241942399333368e+01 1.003748722911638964e+02
1.514537969643885162e+02 5.949534000563511427e+01 1.001973992723352609e+02
1.512722544131518703e+02 5.931776163467310425e+01 1.000400044100893098e+02
1.513530435741323856e+02 5.942421016525584321e+01 1.001194166431870229e+02
1.516042496110546267e+02 5.971560191593879807e+01 1.003675111171001220e+02
1.515050630275263188e+02 5.952949982237140603e+01 1.002311719812326203e+02
1.513238193823424922e+02 5.928615844470850504e+01 1.000010302458624807e+02
1.512966667075008331e+02 5.926146684470360526e+01 9.996299690068724431e+01
1.514465276671852507e+02 5.942930259337751409e+01 1.001103465595178363e+02
1.515637331405960992e+02 5.953580012495253015e+01 1.002220908723401607e+02
1.516250456321740501e+02 5.960968137104776332e+01 1.002848170425451144e+02
1.514775795959868105e+02 5.947753917016819258e+01 1.001483860298171038e+02
1.511378532665286514e+02 5.915949087969031694e+01 9.984690742487535431e+01
1.510295145226690749e+02 5.904730678296235169e+01 9.976161629773002915e+01
1.512321789516237800e+02 5.934767429040437747e+01 9.999031740392743473e+01
1.513337776089965701e+02 5.950706961815976825e+01 1.001315970648405624e+02
1.512812044443899993e+02 5.956443017971113818e+01 1.001857284610013323e+02
1.512205546912325076e+02 5.950100452034153875e+01 1.001454729208266485e+02
1.508811615685217760e+02 5.924051402040891645e+01 9.981297668777793319e+01
1.506783844372848478e+02 5.899948181450674412e+01 9.962276096090945998e+01
1.506073317734684167e+02 5.891266798152662432e+01 9.962235792774804111e+01
1.506636326885619326e+02 5.898900295230978230e+01 9.971995197902757013e+01
1.506085506731511430e+02 5.892332202227095195e+01 9.966887334468522397e+01
1.506877718023789896e+02 5.901400325856598528e+01 9.976516151952077394e+01
1.507827087748526935e+02 5.908467248961791540e+01 9.982651811199177416e+01
1.507980497605076380e+02 5.913085469980767073e+01 9.983826242481410418e+01
1.506485599833396520e+02 5.899147382734500411e+01 9.969058568436010148e+01
1.504778319510970164e+02 5.881767833298624026e+01 9.952198674523158672e+01
1.504477134911981864e+02 5.876493488993152425e+01 9.949290710636890367e+01
1.506360671803604134e+02 5.896155627151449607e+01 9.965083117933137657e+01
1.509548553858215598e+02 5.927662897673678088e+01 9.993555144491675435e+01
1.510489532163026354e+02 5.936034104690619984e+01 1.000048939741029699e+02
1.510337408582523722e+02 5.934802464749910911e+01 9.999591209221986787e+01
1.510657164557582348e+02 5.942024966005561737e+01 1.000651774448432576e+02
1.510113474047849422e+02 5.939047910720191936e+01 1.000142556136761840e+02
1.510167252636865953e+02 5.934468767992552074e+01 9.995895799389937508e+01
1.514679974519484063e+02 5.974394041479339990e+01 1.003515931447611820e+02
1.515851012483002762e+02 5.982118925408239818e+01 1.004242677414217582e+02
1.515167117884137156e+02 5.976120346437015485e+01 1.003531709767122777e+02
1.515882434369295879e+02 5.982623513126140580e+01 1.003835638421678027e+02
1.517571523073342235e+02 5.999840746775122113e+01 1.005805184304982163e+02
1.517856035084710413e+02 6.000905415834670720e+01 1.006277394617241043e+02
1.517587742401783544e+02 5.999183153458857731e+01 1.006268782692849584e+02
1.517271134740478544e+02 5.995327632884566071e+01 1.006080778135757186e+02
1.517882091362349968e+02 6.001225024806752373e+01 1.006647192855655391e+02
1.517293246438240431e+02 5.996957773394911584e+01 1.005722201124572734e+02
1.514274785314402720e+02 5.969167105633889037e+01 1.002858926143254337e+02
1.511114760323896462e+02 5.936659847361909215e+01 1.000123176244319012e+02
1.512025639769205441e+02 5.945925935000183671e+01 1.001027269052198250e+02
1.511371733777608881e+02 5.940171135965503169e+01 1.000346731021303128e+02
1.511196836985948835e+02 5.943280861437444429e+01 1.000466942705589730e+02
1.512736938172998009e+02 5.962283691244747530e+01 1.002121510210581761e+02
1.513312944837132932e+02 5.972634660851882415e+01 1.002914395266504215e+02
1.512958667663020265e+02 5.968240986879984433e+01 1.002575945412894640e+02
1.511365302397373682e+02 5.950788793473067528e+01 1.001182406193725427e+02
1.510921451409390954e+02 5.946783207359948875e+01 1.000696022344452416e+02
1.510530153985618256e+02 5.940190368854969449e+01 1.000621565336698069e+02
1.510284377258639381e+02 5.935492276218593588e+01 1.000518356996729210e+02
1.511191851134985598e+02 5.945443765236245781e+01 1.001645110313483826e+02
1.511537197878257075e+02 5.950521738065195620e+01 1.002176562825397212e+02
1.510929806078572994e+02 5.946336808320368306e+01 1.001731878820546058e+02
1.510412943612108165e+02 5.942055959133172394e+01 1.001217074395756583e+02
1.507933885411179631e+02 5.918248827038747351e+01 9.992061471744803214e+01
1.506079540860702366e+02 5.901598779875292422e+01 9.975163234555499514e+01
1.507157660692629122e+02 5.912120517940488185e+01 9.986097315970648935e+01
1.508725141184108907e+02 5.928731241807646768e+01 1.000268500937144012e+02
1.509053411081574438e+02 5.932826867244061475e+01 1.000885386679080256e+02
1.508853242028150987e+02 5.933247540762700112e+01 1.000895970893410549e+02
1.509784640638972917e+02 5.939678553490708168e+01 1.002085016721588602e+02
1.511935073685242230e+02 5.959080618882532576e+01 1.004101762810696954e+02
1.511319045460670623e+02 5.951603189964596652e+01 1.003170890960541897e+02
1.510603165464100641e+02 5.946526932170376512e+01 1.002079418358221687e+02
1.510761071161691120e+02 5.947852899021205531e+01 1.001849701706459541e+02
1.511615342210679671e+02 5.958905195330205373e+01 1.002600017150347327e+02
1.512392706202300587e+02 5.973691122245225671e+01 1.003494224008036184e+02
1.510840759025370232e+02 5.960453871690901906e+01 1.002562433389276180e+02
1.508987026987296360e+02 5.939984687189915746e+01 1.000636694393061390e+02
