1.488924442643654515e+02 5.899915528733262704e+01 1.051035892587616729e+02
1.489558806455358138e+02 5.905088653364515494e+01 1.051437054097152668e+02
1.489551129403346010e+02 5.904994822728812665e+01 1.051432789068256994e+02
1.487698234988875470e+02 5.885875882920218061e+01 1.049485353179934464e+02
1.479285809064134298e+02 5.844290784931178706e+01 1.042028815009110616e+02
1.472004539886313239e+02 5.860757706077902895e+01 1.035793520473323497e+02
1.468710290803886949e+02 5.902338539038046150e+01 1.028873665105192146e+02
1.467841954615353757e+02 5.911180180884614543e+01 1.026732762767245504e+02
1.465229683653329005e+02 5.900334567822252296e+01 1.022433649182417668e+02
1.463158514537824999e+02 5.876353258126657408e+01 1.019347924471077249e+02
1.462905242905243028e+02 5.871683288432056713e+01 1.018306333330963867e+02
1.462610019974551960e+02 5.869441423382310319e+01 1.017889225352279539e+02
1.460315197482685221e+02 5.845841596826818432e+01 1.015885135663460801e+02
1.457413887881868106e+02 5.818722647540381843e+01 1.013361565455161468e+02
1.459081099524449314e+02 5.834039906453699587e+01 1.014655587069380118e+02
1.459332534825145729e+02 5.834967668711511379e+01 1.015142072851432431e+02
1.458939749358468703e+02 5.832246106384037176e+01 1.014716778386729175e+02
1.460867589808476623e+02 5.864233823100818199e+01 1.016877939611929804e+02
1.462191810196736412e+02 5.893548788376374858e+01 1.018333641363198012e+02
1.461959010702853163e+02 5.897822110383686578e+01 1.018509052523830860e+02
1.462478787404895684e+02 5.905982650810236834e+01 1.018644289481727867e+02
1.465357575283683786e+02 5.937499200307082248e+01 1.021398633295185050e+02
1.466269059347877146e+02 5.933572056478460155e+01 1.021596435857519651e+02
1.464319633112736483e+02 5.897157476714127000e+01 1.019277302700947985e+02
1.463784632626997109e+02 5.886815255534467184e+01 1.018346009946995139e+02
1.463718453595300844e+02 5.880565803472207165e+01 1.018343924821757298e+02
1.464918739352236798e+02 5.893541087629757413e+01 1.019235920073358557e+02
1.462337472780822623e+02 5.869925385688932806e+01 1.017162215635122067e+02
1.458111220106293899e+02 5.833897857296872047e+01 1.013523067882673843e+02
1.454366572125192931e+02 5.803441759845700432e+01 1.010798283088923455e+02
1.452925501792496732e+02 5.791569222603705214e+01 1.009574492283851868e+02
1.454522648488165828e+02 5.805949359890246342e+01 1.011224004056516321e+02
1.455046654677196614e+02 5.815331712622352711e+01 1.012082175259515111e+02
1.452892400429346367e+02 5.797306397306397230e+01 1.010517087364378028e+02
1.449720486592407838e+02 5.769294990723562222e+01 1.008046912948390741e+02
1.450359624867014077e+02 5.775681634548629972e+01 1.008620180221165441e+02
1.450386849968130889e+02 5.779688155303918506e+01 1.008698182860744481e+02
1.447790252987297208e+02 5.757499579420761648e+01 1.007565699215945472e+02
1.446095650381364806e+02 5.744114378597137005e+01 1.006721495982579739e+02
1.449494605923177346e+02 5.778819037193421337e+01 1.010250558600312303e+02
1.449770126789831295e+02 5.783794904238254020e+01 1.010626781538111629e+02
1.448263884446150485e+02 5.772349225304890297e+01 1.009605378201437276e+02
1.445058407201264288e+02 5.737642552667183082e+01 1.006437362127017252e+02
1.441652580224008773e+02 5.701992953224480232e+01 1.003326864706175030e+02
1.443165338584057906e+02 5.714442572570651180e+01 1.004797209723318048e+02
1.445150733229550895e+02 5.731125233095676208e+01 1.006869990071960501e+02
1.445165672677987914e+02 5.735184711293085513e+01 1.006786525825934717e+02
1.444753599802861004e+02 5.735889388845053816e+01 1.006817565758452417e+02
1.441853652641829910e+02 5.710654042181135992e+01 1.004489890696787313e+02
1.442936116975525920e+02 5.717900563220760546e+01 1.005555223831085954e+02
1.445315233024592771e+02 5.742619130550165352e+01 1.007446704909759063e+02
1.446421901397270915e+02 5.758435397844264969e+01 1.008824297395726006e+02
1.448760132405452623e+02 5.785068607728706525e+01 1.011126465215135113e+02
1.448850622101853673e+02 5.795105879342332855e+01 1.010905039131640137e+02
1.447143650912123860e+02 5.783250639161969531e+01 1.008622312735613207e+02
1.445806647284479709e+02 5.772757127929541809e+01 1.006976971213424434e+02
1.446242793878261921e+02 5.777994820359352701e+01 1.007576586886931693e+02
1.447794683878427691e+02 5.792501486836462021e+01 1.008160125770963162e+02
1.446697682904579381e+02 5.779467203112523066e+01 1.006799024730059244e+02
1.443476389510872195e+02 5.748781860358214857e+01 1.003754990676172980e+02
1.438188274961673869e+02 5.704109473813907272e+01 9.993398090688731372e+01
1.438366742726348662e+02 5.700792703009452111e+01 9.991110613524406858e+01
1.440105239587998085e+02 5.716049896099157479e+01 1.001682755303445020e+02
1.441348637678686941e+02 5.725892635005935460e+01 1.004029137255738249e+02
1.441534213824854191e+02 5.727552679030511484e+01 1.004945715660001326e+02
1.439627686672021696e+02 5.712139693913093197e+01 1.003780213583169285e+02
1.436764264744560364e+02 5.686180595540201210e+01 1.001392176515329169e+02
1.438639728270270268e+02 5.705935617019360961e+01 1.002935465373889059e+02
1.438986913469672118e+02 5.709276674793915873e+01 1.003608688337752426e+02
1.440750633238317846e+02 5.727549361785815307e+01 1.005225928058440417e+02
1.443357016091006244e+02 5.759831128550340651e+01 1.007836860275283897e+02
1.444222212744380158e+02 5.767163305586950628e+01 1.008503472444359090e+02
1.444622734499581895e+02 5.769344512447960938e+01 1.008302293400815586e+02
1.444272634863767735e+02 5.762020628523091403e+01 1.007563957662479766e+02
1.443206448723690016e+02 5.747694870354968799e+01 1.006289732890718085e+02
1.443804002966564610e+02 5.749821224205460624e+01 1.006947542514045040e+02
1.442357802751891427e+02 5.737558318346495412e+01 1.005750419986873254e+02
1.442638429805917610e+02 5.739370600208038553e+01 1.005404917104424527e+02
1.443464791001736955e+02 5.746213957544006945e+01 1.006191281807045357e+02
1.442335802311171733e+02 5.737193066010799924e+01 1.005658970658970617e+02
1.437390098498472923e+02 5.688357300426265795e+01 1.001441449446375600e+02
1.434343386954224400e+02 5.659409956946903009e+01 9.987283342455756951e+01
1.431867904946722660e+02 5.638568537829621619e+01 9.969135762978127957e+01
1.431809355577828455e+02 5.641290337103144736e+01 9.969639984172003722e+01
1.432548876046413113e+02 5.647783251231527402e+01 9.976929037027559843e+01
1.432246485497717003e+02 5.647890350846015650e+01 9.977412880861156452e+01
1.432749806296604334e+02 5.651894739086857555e+01 9.978983833171025708e+01
1.434178223710243287e+02 5.666339562644981243e+01 9.991035501626635096e+01
1.435057968851072303e+02 5.692497103334541464e+01 1.000268578347396016e+02
1.436213922002099252e+02 5.717744534246997290e+01 1.001953395081473843e+02
1.441541559152396701e+02 5.775374315522098811e+01 1.006932768927842829e+02
1.445403969320225599e+02 5.815811054481005016e+01 1.010517715271409855e+02
1.445723502915621168e+02 5.820483986001227095e+01 1.010753986024922000e+02
1.446532294561851302e+02 5.817287109897947062e+01 1.010116601151083842e+02
1.445968836855536495e+02 5.801759087473373455e+01 1.008461248658292959e+02
1.443829806391382817e+02 5.767569431116228884e+01 1.005752291860666219e+02
1.444025796316436754e+02 5.763990953399820683e+01 1.005271516478413076e+02
1.445633451569412102e+02 5.774897817016043433e+01 1.006830976904868464e+02
1.447891831758826697e+02 5.793876247817134839e+01 1.009624902555937069e+02
1.448284664614713790e+02 5.797901250364304815e+01 1.010604674471669568e+02
1.442690557936863343e+02 5.735574013652831127e+01 1.005910109777104822e+02
1.441471742998836589e+02 5.722447557915538141e+01 1.004537967050282390e+02
1.444052831860713582e+02 5.748066520234007726e+01 1.006876541630236233e+02
1.447989050723040805e+02 5.793151903743036968e+01 1.010581548537213621e+02
1.445958991747169193e+02 5.775671445868490395e+01 1.008995668626210431e+02
1.444328874008676848e+02 5.756915981300218021e+01 1.007249518407153914e+02
1.442408023467136786e+02 5.735891047467401904e+01 1.005503391882702289e+02
1.441838108980966240e+02 5.728352727367505537e+01 1.004529981968405679e+02
1.441199278736224585e+02 5.721889076076268310e+01 1.003627170129633157e+02
1.442067934801924878e+02 5.731099524449277993e+01 1.004246701118622269e+02
1.443338534299125513e+02 5.741689117304881051e+01 1.005185978954451826e+02
1.444624618220677235e+02 5.756027315140615741e+01 1.006130623618308277e+02
1.444485803377428965e+02 5.754715463336152936e+01 1.006298748687911200e+02
1.444434030665557884e+02 5.753660579522648533e+01 1.006088127344284970e+02
1.445034096536559503e+02 5.759900553742918561e+01 1.006877797444299887e+02
1.448062124884785078e+02 5.789743434817326317e+01 1.009579645860434027e+02
1.451563832081073429e+02 5.826716733366979639e+01 1.012562156872501760e+02
1.452875435092183807e+02 5.842043944014387336e+01 1.013272201252496814e+02
1.452338645663768943e+02 5.836643588121420834e+01 1.012305236270753568e+02
1.450277996952873707e+02 5.816788693882289607e+01 1.010870125131208823e+02
1.450083914443520428e+02 5.809404744133808407e+01 1.010397891654049261e+02
1.452039785611214313e+02 5.830264763515994986e+01 1.012136198958859126e+02
1.452644969516890683e+02 5.835175944289245109e+01 1.011848451676037826e+02
1.452111864599549449e+02 5.827926579897022918e+01 1.011067501190653957e+02
1.450685556005753085e+02 5.814040712070269024e+01 1.009777128545601386e+02
1.449408191698832127e+02 5.800178064956389790e+01 1.008442446989244985e+02
1.452358786077997763e+02 5.828991178498567649e+01 1.011158891282044010e+02
1.454678108791409272e+02 5.857173067764200880e+01 1.013485511933787819e+02
1.455037698116515799e+02 5.860492208029153716e+01 1.014726090366484499e+02
1.453748036309612530e+02 5.845886261157197339e+01 1.013813457113949710e+02
1.453428443477704661e+02 5.839193483035847265e+01 1.013661432528427611e+02
1.455273412046811075e+02 5.857788416655412078e+01 1.015771922840888379e+02
1.456387947028341046e+02 5.866954793063167273e+01 1.016942614036210131e+02
1.455484720533981715e+02 5.855608512997675774e+01 1.014972774898883330e+02
1.456366337548603553e+02 5.866127851349526168e+01 1.015451702101948399e+02
1.457660596108871971e+02 5.876494833391384986e+01 1.016082085220016324e+02
1.457888384193802835e+02 5.882644412693673530e+01 1.016152920241590181e+02
1.459982110573243688e+02 5.900885230441880935e+01 1.018115805012356674e+02
1.459315605029890719e+02 5.884417243037932366e+01 1.017130938756554457e+02
1.458813528197764526e+02 5.872967654494748047e+01 1.016123550778723228e+02
1.456571236645128238e+02 5.846801939166471129e+01 1.013588962579110415e+02
1.453723370225833378e+02 5.815931067655205311e+01 1.010669822788049430e+02
1.452816115648627999e+02 5.810678092205186118e+01 1.010294583176356582e+02
1.453319590462447479e+02 5.819204003440456319e+01 1.011023346294282277e+02
1.451832457817679369e+02 5.807211571497285973e+01 1.009739181635733303e+02
1.449243762987605351e+02 5.786976734267374667e+01 1.007574027869594318e+02
1.447033589472013091e+02 5.766604705274656339e+01 1.005728229989313718e+02
1.445049071526904072e+02 5.751546546866743626e+01 1.004688842447463202e+02
1.442000665818399909e+02 5.725679146615107129e+01 1.002785170494530149e+02
1.443684084570784023e+02 5.740090797726265492e+01 1.004061255292782420e+02
1.445893926361906665e+02 5.761603485002499525e+01 1.005631082108914569e+02
1.445931423074280247e+02 5.759433177659778380e+01 1.005462791177076838e+02
1.443698336875676773e+02 5.735411468662699974e+01 1.003064435108770027e+02
1.442973364894547217e+02 5.730279572644104746e+01 1.002701564080874448e+02
1.439419529567312850e+02 5.700300447591087760e+01 9.991236076457751381e+01
1.441714837798581641e+02 5.722107421861116450e+01 1.001158038276264932e+02
1.448499053400531125e+02 5.788321284626703545e+01 1.007385999331812201e+02
1.450034226856886903e+02 5.803143207823011096e+01 1.008308667249553991e+02
1.446529391972741792e+02 5.781589884299243920e+01 1.005227823626838415e+02
1.443606034541995200e+02 5.764706411997052271e+01 1.002711397341939232e+02
1.440343216353068669e+02 5.739261723498177048e+01 9.995020341818371890e+01
1.441054350684892427e+02 5.750218227311823682e+01 1.000238403267959910e+02
1.441578854460627781e+02 5.757006020799124002e+01 1.001222416517983049e+02
1.438761044647744143e+02 5.731474136153939014e+01 9.993624374166246582e+01
1.435862045270912404e+02 5.703224598791101130e+01 9.972660453941242054e+01
1.438100000710838060e+02 5.726339159836696524e+01 9.994326563784692041e+01
1.442620256043901463e+02 5.772165118224231861e+01 1.004082047308648242e+02
1.444634522565557120e+02 5.787580709748197449e+01 1.006042621855429786e+02
1.443622916948040142e+02 5.775568611282896825e+01 1.005359660408921485e+02
1.445827273438110865e+02 5.793852553212158796e+01 1.007317593007248178e+02
1.447471039269068740e+02 5.812546174861445536e+01 1.009125870480550304e+02
1.446645756177775866e+02 5.806008833348735010e+01 1.008652167937882211e+02
1.445298101825195545e+02 5.791521004082580504e+01 1.007483550020495784e+02
1.447729843591912697e+02 5.814506784950134488e+01 1.009055011764371415e+02
1.449943713465880819e+02 5.838262166587289670e+01 1.010729545039889814e+02
1.450417036894869511e+02 5.844365659882901554e+01 1.011282458646990676e+02
1.449020133305847651e+02 5.832037712333278989e+01 1.010056487938261398e+02
1.447843838336449096e+02 5.821087487589950626e+01 1.008748403575989840e+02
1.449753042979643851e+02 5.827625184521735946e+01 1.010097728398221051e+02
1.453029651428666114e+02 5.849308828372867453e+01 1.012674540383899995e+02
1.454483990740148442e+02 5.848015221414236464e+01 1.013490357480505253e+02
1.451712041835194498e+02 5.817579619796368462e+01 1.010909505564678028e+02
1.448884386913943558e+02 5.787607010759720083e+01 1.008392439525444502e+02
1.451213767987167103e+02 5.810616960124349362e+01 1.010618322564135383e+02
1.451067726289401207e+02 5.815493428301309820e+01 1.010637005760158473e+02
1.448127995886616475e+02 5.792393913329873811e+01 1.008313311392129066e+02
1.448642832263521996e+02 5.795903795164878858e+01 1.008402711136701271e+02
1.449969552432606577e+02 5.809505564677978384e+01 1.009600485265509917e+02
1.448910415437509016e+02 5.799021768233590990e+01 1.008663399180640567e+02
1.447638619362757311e+02 5.791628933008243507e+01 1.007561351255932607e+02
1.447098382369318301e+02 5.789061622559159304e+01 1.007103216068733360e+02
1.446204977288721238e+02 5.781760130035991807e+01 1.006791395067257184e+02
1.443645474211976705e+02 5.755423458132817416e+01 1.005166407210742250e+02
1.443483794074927005e+02 5.753745998573585041e+01 1.005176441875949251e+02
1.444445487007063491e+02 5.761980584640683389e+01 1.006025253709982792e+02
1.444715605503782854e+02 5.765453028999827012e+01 1.006450571869291082e+02
1.443749872641498371e+02 5.754103194743589000e+01 1.005784599454550232e+02
1.441875487220314938e+02 5.737494461386086897e+01 1.004454384331231580e+02
1.439839753386551422e+02 5.729439835843776763e+01 1.002656662804446057e+02
1.442568649194265049e+02 5.768616851129166179e+01 1.005481308510865119e+02
1.441844305120167178e+02 5.765289654698521815e+01 1.004866101787284123e+02
1.440717756973914732e+02 5.757724796641052478e+01 1.004158900759885995e+02
1.440655937749533848e+02 5.759537196975620787e+01 1.004180676101858438e+02
1.443990503202325897e+02 5.791032302854962666e+01 1.007078881709423541e+02
1.450682724500458392e+02 5.851585642964953138e+01 1.013222193788696188e+02
1.452301397744747362e+02 5.863593594874382831e+01 1.014593447967832134e+02
1.448940851157599923e+02 5.832232955878276215e+01 1.011264818013586506e+02
1.447248369218812627e+02 5.813344801522141125e+01 1.009803856060013629e+02
1.449904629214973966e+02 5.833802012619746336e+01 1.012067686008572736e+02
1.452594298604150822e+02 5.856218293656717577e+01 1.014207451005480607e+02
1.451704435866997471e+02 5.847600684300191887e+01 1.013417342555273564e+02
1.449088729187251374e+02 5.816337904022633154e+01 1.011197335778616520e+02
1.448001999824659833e+02 5.802144361750273305e+01 1.010049474335188648e+02
1.449148451439091900e+02 5.807466762392871118e+01 1.010051310667074205e+02
1.449590462447605432e+02 5.811266073827650303e+01 1.010139371666465280e+02
1.447861324954920974e+02 5.794248845480372268e+01 1.007936958134002481e+02
1.448440468489729653e+02 5.798234278037233480e+01 1.007963306534735040e+02
1.450771602963721136e+02 5.821874977786308136e+01 1.010320931577089283e+02
1.451831000599473498e+02 5.836779713627004185e+01 1.012305342896475935e+02
1.451433914561993390e+02 5.839244781855619237e+01 1.012592225326215498e+02
1.451913564450510137e+02 5.847441219608707286e+01 1.013446771254652958e+02
1.454381736672377201e+02 5.875253473036724472e+01 1.015827083881271022e+02
1.455921530576702878e+02 5.892112895314865995e+01 1.017484876918374397e+02
1.456480521849979937e+02 5.894730082907422997e+01 1.017609403914822650e+02
1.454965915310743014e+02 5.876181946132685141e+01 1.015564559505446169e+02
1.455672903086696124e+02 5.882592166089703056e+01 1.015673874565500228e+02
1.456869599110978299e+02 5.893842364532019928e+01 1.016403218201247824e+02
1.456732300722448485e+02 5.891687221736482627e+01 1.016737252894888428e+02
1.456195226958773787e+02 5.883299450048218660e+01 1.016529960643261177e+02
1.458117712428057189e+02 5.903533457966955211e+01 1.018643045514966730e+02
1.461066517864547336e+02 5.932044109876622429e+01 1.021412245845743314e+02
1.461357819338115007e+02 5.933946312764047093e+01 1.021715915903107970e+02
1.459629368988974818e+02 5.915522098773330129e+01 1.020191807827275738e+02
1.463956536986093511e+02 5.951589671047798902e+01 1.023659548807332129e+02
1.467289052855555269e+02 5.980375417321230458e+01 1.026101716200238343e+02
1.471157232659695637e+02 6.013846297836445842e+01 1.029025192104009818e+02
1.473544227164916833e+02 6.031455654362058283e+01 1.030946090034759948e+02
1.474912661686060744e+02 6.044036778765843110e+01 1.031978108554463205e+02
1.478065359198364206e+02 6.070770572248405017e+01 1.034005738833324983e+02
1.480481675777242287e+02 6.090769885104860748e+01 1.035937121626776758e+02
1.478437518511410076e+02 6.057335612754332033e+01 1.032588481578629427e+02
1.477270097171575003e+02 6.043027507066916115e+01 1.031122176491634690e+02
1.478056390790380874e+02 6.045124124188163250e+01 1.031815800510381820e+02
1.477327106391145719e+02 6.032337922978317124e+01 1.030905939526629140e+02
1.477344735177247514e+02 6.029380125439238469e+01 1.030677997426765842e+02
1.479555583989081526e+02 6.049628587067010699e+01 1.032823875631757460e+02
1.478301227143591632e+02 6.038239182820463924e+01 1.031798953646244286e+02
1.475960022462485597e+02 6.011457052343752139e+01 1.029301459350720478e+02
1.479607344853650375e+02 6.051807424467523333e+01 1.033004961650281786e+02
1.481889573662972737e+02 6.080346272957110187e+01 1.035444593720455799e+02
1.480359127280309508e+02 6.062475683411643956e+01 1.033932036764549025e+02
1.476650767586728250e+02 6.024049787103974296e+01 1.030577390134040314e+02
1.473064281093837735e+02 5.989828616922213200e+01 1.027135843539784474e+02
1.474046327691647775e+02 6.001487784246405255e+01 1.028468096399130900e+02
1.474601575217338905e+02 6.006221847847463380e+01 1.029396439174764311e+02
1.475043266348685052e+02 6.010198513400484188e+01 1.030127299265230363e+02
1.477742259564919607e+02 6.042948130140248253e+01 1.033024521546688987e+02
1.479505564677978384e+02 6.058750062198338071e+01 1.034960892054488113e+02
1.479171447053220447e+02 6.058907631321424248e+01 1.034268606780922113e+02
1.478695386897357480e+02 6.055740255001338568e+01 1.033406466731589859e+02
1.481207015024749012e+02 6.088698028845811905e+01 1.035959323471638811e+02
1.484116878377962223e+02 6.119769238242144382e+01 1.038727445697889067e+02
1.484579491845501593e+02 6.124976838523636502e+01 1.038909846766989631e+02
1.483705480799076781e+02 6.109843686690977194e+01 1.038065856785068632e+02
1.482478870336013301e+02 6.093068498733523342e+01 1.036786549520539609e+02
1.481436746067287800e+02 6.078416821273964388e+01 1.035685591547660493e+02
1.480338110165696435e+02 6.059038307067863371e+01 1.034538358011264449e+02
1.482366889632899358e+02 6.079215210988610352e+01 1.036389664887201860e+02
1.484871563393730867e+02 6.106923089681710337e+01 1.038540246471280994e+02
1.486576319137895439e+02 6.128747479486396088e+01 1.039968533564592690e+02
1.486811298535436379e+02 6.131623767584358831e+01 1.039854846849920733e+02
1.486323485855505453e+02 6.124029765162769934e+01 1.039135774825430047e+02
1.487490184509888991e+02 6.136443605655428257e+01 1.040157272940524109e+02
1.489750863075986160e+02 6.152200281018014749e+01 1.042428234965180849e+02
1.492687122219141997e+02 6.177585969950501976e+01 1.045146551131772839e+02
1.501559531510270347e+02 6.268335003802984318e+01 1.053514478588370196e+02
1.506872951897582311e+02 6.321031331376158846e+01 1.057946957257302074e+02
1.507113878640972189e+02 6.323432779590415009e+01 1.058004132339107741e+02
1.509168556311413454e+02 6.334673026298641929e+01 1.059306174577110511e+02
1.511213365178882384e+02 6.346775401208898870e+01 1.060897018507855876e+02
1.510676101858367986e+02 6.331337299810206076e+01 1.059985072398865498e+02
1.511583214267943447e+02 6.337730696597691349e+01 1.060907254577205379e+02
1.512498833040704938e+02 6.341428121231076886e+01 1.061298985633960967e+02
1.512718493876129457e+02 6.342415120001327011e+01 1.060999473979769476e+02
1.511836248954475650e+02 6.331505649978556249e+01 1.060071261524463466e+02
1.509774842016221328e+02 6.302626665434546993e+01 1.057467816802792129e+02
1.508457682620244213e+02 6.281869954530053235e+01 1.055833054921724852e+02
1.507563851036757399e+02 6.272525513165907540e+01 1.054908515130189954e+02
1.506534486312811509e+02 6.265642467366605217e+01 1.054033591841473623e+02
1.505133838976203435e+02 6.261168333582126877e+01 1.052749901075024184e+02
1.504389650670438812e+02 6.258603984958664768e+01 1.052041302065932626e+02
1.503944902935050720e+02 6.257965889246677449e+01 1.052205624151436893e+02
1.503080950248437944e+02 6.247697358288491642e+01 1.051275089624843275e+02
1.501660375749045784e+02 6.234481573890440842e+01 1.049990853882479485e+02
1.496673739506251763e+02 6.187555711939948111e+01 1.045807701694401146e+02
1.494329703319851035e+02 6.162345836976378877e+01 1.043999542694124045e+02
1.494243585278068167e+02 6.165015389645931521e+01 1.044386013548575107e+02
1.494229605461132451e+02 6.174417171954117833e+01 1.044735437888147231e+02
1.495649101855998424e+02 6.195245203619587926e+01 1.046062738575053856e+02
1.496658207692690326e+02 6.209918324696649705e+01 1.047047510052436223e+02
1.495239694623930973e+02 6.199953913993322629e+01 1.045839381381253332e+02
1.497342306480237539e+02 6.221392792575058905e+01 1.047781912486345988e+02
1.499581541428832168e+02 6.241729398133338691e+01 1.050178763947236860e+02
1.503619860343998198e+02 6.281560976881173985e+01 1.053932036764549025e+02
1.505903652997249083e+02 6.309960974985605731e+01 1.056318000554453818e+02
1.505381494987406370e+02 6.302373725526435067e+01 1.055488807853339921e+02
1.505597269907614759e+02 6.305947464321848628e+01 1.055681978120401823e+02
1.507806993225712517e+02 6.330388567826991419e+01 1.057994488634882657e+02
1.507496570205929913e+02 6.320088759990238003e+01 1.057390915962344593e+02
1.506385873750405722e+02 6.303343190289002962e+01 1.056110992638086259e+02
1.504846577432784329e+02 6.284991007897411919e+01 1.054701874480199564e+02
1.504186836699151968e+02 6.276553477538698900e+01 1.054186599753102200e+02
1.502732023495570388e+02 6.254833936361030311e+01 1.051810066415977758e+02
1.501793195857235332e+02 6.239848046498293144e+01 1.050417534481573938e+02
1.501670564429185220e+02 6.233650604093953973e+01 1.050203607740553622e+02
1.500770276065842666e+02 6.223931669498171715e+01 1.048751993308643620e+02
1.497934718993832348e+02 6.190374659093870946e+01 1.045739958818776500e+02
1.497975521103599874e+02 6.186575940024216180e+01 1.045341415563090379e+02
1.497004374024078572e+02 6.182396685598656205e+01 1.045414916227724120e+02
1.495983231328058878e+02 6.172750138021073951e+01 1.045110748583655038e+02
1.496497238393790212e+02 6.181189919367259478e+01 1.045812559088421096e+02
1.497795856761374012e+02 6.193322860317934442e+01 1.047153543409701086e+02
1.496929593850776143e+02 6.184244864786736429e+01 1.046234204583958274e+02
1.494332226795280860e+02 6.163941313202396799e+01 1.044111298298490453e+02
1.495574499392233463e+02 6.182962986657567939e+01 1.045778581024886478e+02
1.498130578598558884e+02 6.215300198797735476e+01 1.048461805481509970e+02
1.497835225347540700e+02 6.212852309157727859e+01 1.048372192485493031e+02
1.496906858877302113e+02 6.205570601629715100e+01 1.047490551776266017e+02
1.495930818861853311e+02 6.194419328163170491e+01 1.046878887396128732e+02
1.492593552224093969e+02 6.159226442231368281e+01 1.043595881403763173e+02
1.490559405928864010e+02 6.133600371531405671e+01 1.041902747863339016e+02
1.489433082881358814e+02 6.116596412162914476e+01 1.040613405933602991e+02
1.489146283382736726e+02 6.110883879849397005e+01 1.039903444484725270e+02
1.489335354483137621e+02 6.114797873172257425e+01 1.040750206735428378e+02
1.489775102656876129e+02 6.124382340884803710e+01 1.041592478858488704e+02
1.489256084182192694e+02 6.118599317121484660e+01 1.041111229584136026e+02
1.488704201290408093e+02 6.111486315180896156e+01 1.040699737226830877e+02
1.489446600653497228e+02 6.120713942142513275e+01 1.041676973819831034e+02
1.490992353750974360e+02 6.141660091413785949e+01 1.042998907678710623e+02
1.492892210872506382e+02 6.164164279435215121e+01 1.044938642820416277e+02
1.492223916386477924e+02 6.157460957214652097e+01 1.044078256171852246e+02
1.492790608406371859e+02 6.163362927894947774e+01 1.044595995137866993e+02
1.491140089612995894e+02 6.149210140343145525e+01 1.042615078772714270e+02
1.491901634216905279e+02 6.154409447512895781e+01 1.043589306150882550e+02
1.494555903866248627e+02 6.183021630804881852e+01 1.046419863661242999e+02
1.493982755066498953e+02 6.177237540784339132e+01 1.046239997914874778e+02
1.492855650097029354e+02 6.164739110551918344e+01 1.045209187820025249e+02
1.493936455808376991e+02 6.177301990109872065e+01 1.046598852707227110e+02
1.493684913881958209e+02 6.177159348587920107e+01 1.046279449432158799e+02
1.493674843674843657e+02 6.177206500851821147e+01 1.045683127308743110e+02
1.492963188061710298e+02 6.167436622855342421e+01 1.044722749427182862e+02
1.491751884313460721e+02 6.153034686532223674e+01 1.043362572475872980e+02
1.493740039380433586e+02 6.171182739901951919e+01 1.045073879778313284e+02
1.495436584943974196e+02 6.191867300734296009e+01 1.046529901406748735e+02
1.495478465158268193e+02 6.193198819060887672e+01 1.046411250672334461e+02
1.494558723524240804e+02 6.183907572084911664e+01 1.045517478325360088e+02
1.494072687939683135e+02 6.177907505740017768e+01 1.045003767442191105e+02
1.496519866741541591e+02 6.203559048140328969e+01 1.047139030464153677e+02
1.498522309655314473e+02 6.221249321741932903e+01 1.049320509813120594e+02
1.499036909086170226e+02 6.224511121062845120e+01 1.050025092586668904e+02
1.497333077431599690e+02 6.204901702931259422e+01 1.048672130642573990e+02
1.494611041212026521e+02 6.172582735636922990e+01 1.045588372583446528e+02
1.493661006025538143e+02 6.159760637100538361e+01 1.044189182465044468e+02
1.498919869584894116e+02 6.214796214549909337e+01 1.048374253916125838e+02
1.499699066669510046e+02 6.225385807405511684e+01 1.048977068361304816e+02
1.499862571291142785e+02 6.227810831751718723e+01 1.049289706826652662e+02
1.499737949516274682e+02 6.227257681198567951e+01 1.049083338664619447e+02
1.499541390920701360e+02 6.227467733871674938e+01 1.049370386956593819e+02
1.500652217696552668e+02 6.238403031013868372e+01 1.050871274319550253e+02
1.500099837218063783e+02 6.233864684849906723e+01 1.050311050926814431e+02
1.497888099858543285e+02 6.207687240692166597e+01 1.048527617246829067e+02
1.499514924046943634e+02 6.226165004490127330e+01 1.050408376516750906e+02
1.503397048126112168e+02 6.267733397782659210e+01 1.054301234251973227e+02
1.503057006850110326e+02 6.271000646862715655e+01 1.054308461106490711e+02
1.500615135639766322e+02 6.247590377147027141e+01 1.052070908474849347e+02
1.497930584285264217e+02 6.223240616344064335e+01 1.049786606387591661e+02
1.498509170996855744e+02 6.229103727872200835e+01 1.050699618753805993e+02
1.500280212398438948e+02 6.248804725652016145e+01 1.051466861910211605e+02
1.499205093392285448e+02 6.235181749467463419e+01 1.049677066228790352e+02
1.495028338747550549e+02 6.188515106495402307e+01 1.044638917914780052e+02
1.494228361494371313e+02 6.181556948798328222e+01 1.044111760343287472e+02
1.494452630930463499e+02 6.185513947829218750e+01 1.044165239066716850e+02
1.494594348362821279e+02 6.186887524079642020e+01 1.044150335160187382e+02
1.495058750773036422e+02 6.194194347888929286e+01 1.045197767020427051e+02
1.499253963515047303e+02 6.246652426209076481e+01 1.049798678788826578e+02
1.500116423441546658e+02 6.257156244594668237e+01 1.050915287048292015e+02
1.499109722607259414e+02 6.243793790591820425e+01 1.049864135135071166e+02
1.498280944561732611e+02 6.233343403540447980e+01 1.048841487831635675e+02
1.498311688311688386e+02 6.225344697265879290e+01 1.048653198653198615e+02
1.500279691117129630e+02 6.241389262078917000e+01 1.050589687634022624e+02
1.501204005809917135e+02 6.245827143117783464e+01 1.051084040024926765e+02
1.501897689065176849e+02 6.249864229913490732e+01 1.051558358627324168e+02
1.500874354618196946e+02 6.239171683999270357e+01 1.051035312069794827e+02
1.497632020415271654e+02 6.201170158066710059e+01 1.047955570246210613e+02
1.496368920260545963e+02 6.189125361046543361e+01 1.047210220904802185e+02
1.494980120226425697e+02 6.178589199525160325e+01 1.045935747339688220e+02
1.490862921971296373e+02 6.129570037698116636e+01 1.041902901878271308e+02
1.485125060125060088e+02 6.075384267256188764e+01 1.036503280518058858e+02
1.479448200039333017e+02 6.025086663017697219e+01 1.031063532344320492e+02
1.474831685373557377e+02 5.980421384854882660e+01 1.026446733343285018e+02
1.468820506258929868e+02 5.930385013636244906e+01 1.021495887801306566e+02
1.465494518253138949e+02 5.902106213436263005e+01 1.019057167973424072e+02
1.465028777097742534e+02 5.898300385985115213e+01 1.019187085492504252e+02
1.466099169030203484e+02 5.932107966837030943e+01 1.022087293294189863e+02
1.466554200224150861e+02 5.956605818921089934e+01 1.023678930994201863e+02
1.466562907991479392e+02 5.969392967915135273e+01 1.024636275966325201e+02
1.467538059459241708e+02 5.985238261100329993e+01 1.026278098839675152e+02
1.470201972812810141e+02 6.020571182147536859e+01 1.029000751118977774e+02
1.472932586479384440e+02 6.038540222776676103e+01 1.031222286197655649e+02
1.472787575496935233e+02 6.025076711283607978e+01 1.030724320379492838e+02
1.470204650303172400e+02 5.989717015332779226e+01 1.028081210889092603e+02
1.468524773894231998e+02 5.969376855583752217e+01 1.026629797861324960e+02
1.469163888474233204e+02 5.975418742906427383e+01 1.027093264334643692e+02
1.473018775604982409e+02 6.015269869703367078e+01 1.030573421287706992e+02
1.474702336524996724e+02 6.037070446430052328e+01 1.032374554837608969e+02
1.476335570104043029e+02 6.051864528465513615e+01 1.033947461952388096e+02
1.477161611422695273e+02 6.059873778839295966e+01 1.034772887211310888e+02
1.478511694472285569e+02 6.074420963090913972e+01 1.036438866734433191e+02
1.481477844359617677e+02 6.103762347851017722e+01 1.039245717792515791e+02
1.483131739634202688e+02 6.116727917220528354e+01 1.040658141347796573e+02
1.484970168492336029e+02 6.130017154894002118e+01 1.042237209059869087e+02
1.483361316661809326e+02 6.111780483701665645e+01 1.040622054464418937e+02
1.484442904295121082e+02 6.110920843433158467e+01 1.040312579228835403e+02
1.486885273092169655e+02 6.126107426600037087e+01 1.041690207256709755e+02
1.488454460153967602e+02 6.135959761821830938e+01 1.042408615832261205e+02
1.487475813731971357e+02 6.118728926610700114e+01 1.040982757435959343e+02
1.486063319092875759e+02 6.101347630657975429e+01 1.038880891959709629e+02
1.484405265415117583e+02 6.080758677556707426e+01 1.037418223994578739e+02
1.483664015240370020e+02 6.077440603548978260e+01 1.037203278385544394e+02
1.486146759644296651e+02 6.103320088049152048e+01 1.039837952596573274e+02
1.486639631122389744e+02 6.111391655234019993e+01 1.040259218978430766e+02
1.485433824522494604e+02 6.099903444484725412e+01 1.039158734897651186e+02
1.483936834922056676e+02 6.084633100889258372e+01 1.038097417998895793e+02
1.483374443472965538e+02 6.075519681923622528e+01 1.037098571926158144e+02
1.485767942147252541e+02 6.100165506815753247e+01 1.039025073630984934e+02
1.486911846591649464e+02 6.113679250871368964e+01 1.040155851264225646e+02
1.484835393579236040e+02 6.095114053981048841e+01 1.038388968265815606e+02
1.484214855569535416e+02 6.085611806547767344e+01 1.037776249475756885e+02
1.485677440603548973e+02 6.102870364446719265e+01 1.039233621696675840e+02
1.486987515312638379e+02 6.120629470875775979e+01 1.040860682831126240e+02
1.486883341981864248e+02 6.120828387084544886e+01 1.040752765752765754e+02
1.486423074280217236e+02 6.115383840753298728e+01 1.040401327371770748e+02
1.485766745569701186e+02 6.109864537943355600e+01 1.040023007461431064e+02
1.487319559659461277e+02 6.125485798638508328e+01 1.041585796979885714e+02
1.488073711546618085e+02 6.135172627044548221e+01 1.042604807161457359e+02
1.485840957072484230e+02 6.115361686297647026e+01 1.040965744709587142e+02
1.482306503932119597e+02 6.082116259948772097e+01 1.037978613249549227e+02
1.480756912308636402e+02 6.064608908697578471e+01 1.036797994014742841e+02
1.484534934140845337e+02 6.099608328179756711e+01 1.040263886815611016e+02
1.487723706689224059e+02 6.124449041197809862e+01 1.042900456595037895e+02
1.488782819989716586e+02 6.132073135767716821e+01 1.043935401398455554e+02
1.486136594658762249e+02 6.103145695756533229e+01 1.041351350710956609e+02
1.484608588820411512e+02 6.081250103663897022e+01 1.039547587059902298e+02
1.487085528046119123e+02 6.105001575691230897e+01 1.041640294571329122e+02
1.488187433803197450e+02 6.112589180569476355e+01 1.042231581591187535e+02
1.488157543059020895e+02 6.111280882955760063e+01 1.042071228352016590e+02
1.490070586228221714e+02 6.128352253475406286e+01 1.044000620798650374e+02
1.490417096131381811e+02 6.132622969076170705e+01 1.044204536569068580e+02
1.487379033117949234e+02 6.112427227944469621e+01 1.041367119470567815e+02
1.484519189075839449e+02 6.088053298644431521e+01 1.039042110051962311e+02
1.487178055478548231e+02 6.124124780528721601e+01 1.041818975587448506e+02
1.491103315586074132e+02 6.169627070612292385e+01 1.045822451585998323e+02
1.489190722614367814e+02 6.150286704720202380e+01 1.043712292998007314e+02
1.486527733350393419e+02 6.120036276440217193e+01 1.041101953146288110e+02
1.484539293948161003e+02 6.089815821835526322e+01 1.039096619490708093e+02
1.484535455422154939e+02 6.086806133111551986e+01 1.039100244765269423e+02
1.484947800785239167e+02 6.088316545705708194e+01 1.039613623923968788e+02
1.488056118302423840e+02 6.124304267161409854e+01 1.042844276686641223e+02
1.488572802858517150e+02 6.138599222343064810e+01 1.043544215317614317e+02
1.487602141518397616e+02 6.134318673481234896e+01 1.042992237647410008e+02
1.485965744709587000e+02 6.121418619694481578e+01 1.041555065077232598e+02
1.484955714783301062e+02 6.113317671199444447e+01 1.040820650796020317e+02
1.484792719595675123e+02 6.113641102557358664e+01 1.040519824091252730e+02
1.485649232176325825e+02 6.124703165836170626e+01 1.041334397221096708e+02
1.485846394984326082e+02 6.127863078355689197e+01 1.041322526224004008e+02
1.484510576086930769e+02 6.114058246077950542e+01 1.039843307577297793e+02
1.481841272210730267e+02 6.086715027355421626e+01 1.037088821596210693e+02
1.481692327923855146e+02 6.084301021000528209e+01 1.037303542106497787e+02
1.484959304515954841e+02 6.115685117655561243e+01 1.040972758312659749e+02
1.489559789781464758e+02 6.159651760390676856e+01 1.045707971102059730e+02
1.492715532050507363e+02 6.181638695185493049e+01 1.048721853771114922e+02
1.491479266035916282e+02 6.166481256382733989e+01 1.047336927804908129e+02
1.491917509602238567e+02 6.168860313195288825e+01 1.047003177446527218e+02
1.494343635747576684e+02 6.193247629947137511e+01 1.048819688795058198e+02
1.495672654293343840e+02 6.205721773209457837e+01 1.049862903015612403e+02
1.495583716593568795e+02 6.201977670204271220e+01 1.049374663832791867e+02
1.494685560744674149e+02 6.188914479062262330e+01 1.048091281096207155e+02
1.495782810511874459e+02 6.197763703182422290e+01 1.048882301788705718e+02
1.498285553162400561e+02 6.217889189810372130e+01 1.050917881607536799e+02
1.499609903870987750e+02 6.229407255761935858e+01 1.051961309079535738e+02
1.500380262867947465e+02 6.238480156953063016e+01 1.052707381106395843e+02
1.500719593305800288e+02 6.240833268173169301e+01 1.052907955937512554e+02
1.500477778014723924e+02 6.236750806208934250e+01 1.052533829972253585e+02
1.499953487490433304e+02 6.229110954726718319e+01 1.052140570613477024e+02
1.499919438343083584e+02 6.228570480787229258e+01 1.052305034866611209e+02
1.501056329184407900e+02 6.240244101820456279e+01 1.053104704089925718e+02
1.502982961209562234e+02 6.260127192639507854e+01 1.054730509410312322e+02
1.504238455396090899e+02 6.271620616201897036e+01 1.055866014117245584e+02
1.501415420922810142e+02 6.238662486938348906e+01 1.052574039716896834e+02
1.500110997377007322e+02 6.217620611462975688e+01 1.050897326537720602e+02
1.499837928901968382e+02 6.211160869781559768e+01 1.050622054464418937e+02
1.500096034233965270e+02 6.213745477292275154e+01 1.050811919334086753e+02
1.500880870634565269e+02 6.219153770877908727e+01 1.051251288394145575e+02
1.503669014802019603e+02 6.251384594241736892e+01 1.053632880529432185e+02
1.504835464663050857e+02 6.263679369344394132e+01 1.054174645824892167e+02
1.503806407968969552e+02 6.253956999030890529e+01 1.052601987503465324e+02
1.502231569743885018e+02 6.236141025549892447e+01 1.050922987794909034e+02
1.504687870968659240e+02 6.264969066693204525e+01 1.053276217488040203e+02
1.506696972066430078e+02 6.285651021119001314e+01 1.055955022900835729e+02
1.507054239320249280e+02 6.286819165144288490e+01 1.056741541618388851e+02
1.506469942208858583e+02 6.275357255406516543e+01 1.055922620528531866e+02
1.506580631556001038e+02 6.273125105144809766e+01 1.055873229124460693e+02
1.506202773690458514e+02 6.266126666619277330e+01 1.055281788089669845e+02
1.506575169949554152e+02 6.270742968033608378e+01 1.055690910986477462e+02
1.509588732741442243e+02 6.302693602693602770e+01 1.058821714683783597e+02
1.509104711198307314e+02 6.296789736444908669e+01 1.058197231522354684e+02
1.509770908711795414e+02 6.303062409220044771e+01 1.058609470259716545e+02
1.510814348031096870e+02 6.312844252992036331e+01 1.059280288221174970e+02
1.509863246587384538e+02 6.308609079298734201e+01 1.058714461054362488e+02
1.509785066238268314e+02 6.313132260915512006e+01 1.059014730935913207e+02
1.509477462876477603e+02 6.307845046761303109e+01 1.058748166629940073e+02
1.512056087499437353e+02 6.336064965867921472e+01 1.061384795645879393e+02
1.513128540862531111e+02 6.346286226089181781e+01 1.062338278397391633e+02
1.513291630828576615e+02 6.349461777047984157e+01 1.062477815926091722e+02
1.511922319607048735e+02 6.333045680828931978e+01 1.060878074671178126e+02
1.510318325170541982e+02 6.315843042197722212e+01 1.059586446212062043e+02
1.509749216300940304e+02 6.306740167331300029e+01 1.058849532150024828e+02
1.509232555439452028e+02 6.297337437238915214e+01 1.058045740065444562e+02
1.509619950383497269e+02 6.295611877631581876e+01 1.058140885751723204e+02
1.512045341996081049e+02 6.320307698140210562e+01 1.060364399329916552e+02
1.511384535005224734e+02 6.312449737819196116e+01 1.059587417690866005e+02
1.506919002362351989e+02 6.261475060243532909e+01 1.054742131614052738e+02
1.503405116139106212e+02 6.217004314787565988e+01 1.051272601691320858e+02
1.503761992431943213e+02 6.220332577475434732e+01 1.051481694732926258e+02
1.505563836819994492e+02 6.241197928143741080e+01 1.053457291659262154e+02
1.508138492596620779e+02 6.271332015913296942e+01 1.056109215542713144e+02
1.508331579932565205e+02 6.276786750924681968e+01 1.056508327468918651e+02
1.506788990064852101e+02 6.258369408369408404e+01 1.054943227726478909e+02
1.503435160898215202e+02 6.223256847148472559e+01 1.051314943950411873e+02
1.503102192461798268e+02 6.221645495537121207e+01 1.050717140914185279e+02
1.506137791236313319e+02 6.259655314581422658e+01 1.053673196899797944e+02
1.507378369669009999e+02 6.271981485035671966e+01 1.054854112317166539e+02
1.506709139246084987e+02 6.265625170304973324e+01 1.054926143916291750e+02
1.504520361958785486e+02 6.243226541748709479e+01 1.053292862948035378e+02
1.504595935901354551e+02 6.244231074526641123e+01 1.053497430320090444e+02
1.505385866642024268e+02 6.250931671867632389e+01 1.054184952978056486e+02
1.505268388790556173e+02 6.246983676786632600e+01 1.054040889779806065e+02
1.503873534784864887e+02 6.233382262692607867e+01 1.053283183701902885e+02
1.502853991474681266e+02 6.225489471302279298e+01 1.052654719846838134e+02
1.506249404673050094e+02 6.256668965043349573e+01 1.055996393681122782e+02
1.507827619379343389e+02 6.275696799095813816e+01 1.057234922530489030e+02
1.506978724614192515e+02 6.265827877650537658e+01 1.056317550356959174e+02
1.507336785637278354e+02 6.268999282053469102e+01 1.056408004511452816e+02
1.510317128592990628e+02 6.304191101728047641e+01 1.059157846349964558e+02
1.509736539687278594e+02 6.298825695377419720e+01 1.058857801567161232e+02
1.507667100277937777e+02 6.282650099398868093e+01 1.057104637745031823e+02
1.506053710930558225e+02 6.261949544708165405e+01 1.055424145276361969e+02
1.507823946715572276e+02 6.278804820430435996e+01 1.057052213431523739e+02
1.509395799420429967e+02 6.293001679947492732e+01 1.058166357452071793e+02
1.510142890315304101e+02 6.299963865727412582e+01 1.059210720860967143e+02
1.508910024476526814e+02 6.287371486386264507e+01 1.057910467565640005e+02
1.507661757144515775e+02 6.274108786670363003e+01 1.056698476673846159e+02
1.507564798820956469e+02 6.273997658973028280e+01 1.056575975566123304e+02
1.506952838258256975e+02 6.264602274208185406e+01 1.055794645967059751e+02
1.505628534938879852e+02 6.250098214137622676e+01 1.054668903437376315e+02
1.503428727812964212e+02 6.227099756656406981e+01 1.052511936157256400e+02
1.501925222196158245e+02 6.209357354923857741e+01 1.051077808343818134e+02
1.502870056416854538e+02 6.219215613796894360e+01 1.052007312155095349e+02
1.503544156081102017e+02 6.224168852493975379e+01 1.052782753644822549e+02
1.504442359319206730e+02 6.236006084774557934e+01 1.053608095972628007e+02
1.505168065833090338e+02 6.245882351547376032e+01 1.054638420328075483e+02
1.505313586249546915e+02 6.248577494390302434e+01 1.055032070647834246e+02
1.502473633828313666e+02 6.217027535500442070e+01 1.051784144518134667e+02
1.497389411354928654e+02 6.157880588668766109e+01 1.045992898726888853e+02
1.494291673478865619e+02 6.125027308032234430e+01 1.043006762440259934e+02
1.495191961842208173e+02 6.135299511654191207e+01 1.043947876607975189e+02
1.499226513315183240e+02 6.180578953977968837e+01 1.047897862035793111e+02
1.500964512590128379e+02 6.199895032899959091e+01 1.049678985491793384e+02
1.498425611972409968e+02 6.181449019872665218e+01 1.047535453052694407e+02
1.496969175688387566e+02 6.172204569741515456e+01 1.046608259465402284e+02
1.499259176328141905e+02 6.201433405127986731e+01 1.049104497946862438e+02
1.499936759099320795e+02 6.211990417901748174e+01 1.050111435727199307e+02
1.498004665467719576e+02 6.193544286401429133e+01 1.048455028824486988e+02
1.497332224425820471e+02 6.185281622227434895e+01 1.047549267007395031e+02
1.500257797302132303e+02 6.210885538471745093e+01 1.050364920611226012e+02
1.502419325793709959e+02 6.234533583548361690e+01 1.052450744839907344e+02
1.501877513109040194e+02 6.228213640036300092e+01 1.051872229212130634e+02
1.502335814158474250e+02 6.230325066285657698e+01 1.052340292438814657e+02
1.502817963827816072e+02 6.226992538568893565e+01 1.052379708414191128e+02
1.501772806649653944e+02 6.214880922762696258e+01 1.051135943057125388e+02
1.501876932591218292e+02 6.215658935117063066e+01 1.051220165530510400e+02
1.504202427749225706e+02 6.240811350663567225e+01 1.053360084542350563e+02
1.505247513843573017e+02 6.252641474562656754e+01 1.054666332572736565e+02
1.505496958797451441e+02 6.257606323616175814e+01 1.054462594511855542e+02
1.506591294128240008e+02 6.271265552546340416e+01 1.055419098325502318e+02
1.507156185358155938e+02 6.277097387195909306e+01 1.055743299758078138e+02
1.507238832140309910e+02 6.281628269559303845e+01 1.055896177349379315e+02
1.506702504756692065e+02 6.270522371261287731e+01 1.055337340091034690e+02
1.506699282290415169e+02 6.264684257541400569e+01 1.054882403675507163e+02
1.507068337610209596e+02 6.265437627506592833e+01 1.055332494544317257e+02
1.509336207488916841e+02 6.286815018588417558e+01 1.056825337588884395e+02
1.509709978035101301e+02 6.289103798956015368e+01 1.057185080928923355e+02
1.508390010828434527e+02 6.273217869523288215e+01 1.056125470041726260e+02
1.507321277518321949e+02 6.260980909256771554e+01 1.055273779313188243e+02
1.509826022362968274e+02 6.282979335935000620e+01 1.058057314879974911e+02
1.513139499617332149e+02 6.319009589206633848e+01 1.061724220862151924e+02
1.513596544852702550e+02 6.323157566753626213e+01 1.062137051964638204e+02
1.511992526721590764e+02 6.303711522923345711e+01 1.060612695095453688e+02
1.510627314666723464e+02 6.287639946260635782e+01 1.058297732189357845e+02
1.511986022552524958e+02 6.303144629499309559e+01 1.059187760788746004e+02
1.512919732156185262e+02 6.311175205017569567e+01 1.059586991187976395e+02
1.511194883387001653e+02 6.290727945654054309e+01 1.057538568893248652e+02
1.510011870997092558e+02 6.271333319116570237e+01 1.055427438826453539e+02
1.508763556275871451e+02 6.256136191850477246e+01 1.053735845435352871e+02
1.509216040299784254e+02 6.258958337776071801e+01 1.053712755042804332e+02
1.508866971379286781e+02 6.253270684797778500e+01 1.053363425481652058e+02
1.507972239400810963e+02 6.240500951338389513e+01 1.051950800522229059e+02
1.507386402140096777e+02 6.238210986240542866e+01 1.051906195428362878e+02
1.506130884258963079e+02 6.228429260941576473e+01 1.051156960171738461e+02
1.502291197217305694e+02 6.195929029919177822e+01 1.047899212628276615e+02
1.502699917305828592e+02 6.201915827285285587e+01 1.048632833140222260e+02
1.504682444904119905e+02 6.225116162800891573e+01 1.050563824972691975e+02
1.504508289557550711e+02 6.227336821179185478e+01 1.050678222525513235e+02
1.501709068162270171e+02 6.198674049905577021e+01 1.048233164390799885e+02
1.499910315920168102e+02 6.176704886064491973e+01 1.046435786435786497e+02
1.499908846854659714e+02 6.177344166506728129e+01 1.046441378362560641e+02
1.503144901987266451e+02 6.211412624959422857e+01 1.049473636197774198e+02
1.503592552311764052e+02 6.215119290488748760e+01 1.049958818776552789e+02
1.503016500922904868e+02 6.204953949535230606e+01 1.049243680056487875e+02
1.503636328094456189e+02 6.207500408731935693e+01 1.049566613827697523e+02
1.506377355539917176e+02 6.232685048941206674e+01 1.051592467011186187e+02
1.506908955849842471e+02 6.236195049249236178e+01 1.052049381926229188e+02
1.506771029554280688e+02 6.234575996891268090e+01 1.051533811016569615e+02
1.510937559976968885e+02 6.284457168447315922e+01 1.055852152773335035e+02
1.513404120965697359e+02 6.311760935652561244e+01 1.057777694846660381e+02
1.514256392212057278e+02 6.323008290742281190e+01 1.058550494387932872e+02
1.513269867333906689e+02 6.315300198797735476e+01 1.057450709297999936e+02
1.511955930404206185e+02 6.294839196563334838e+01 1.055623926338212044e+02
1.510859237460222744e+02 6.275523946952518628e+01 1.054049787103974296e+02
1.510411930707497277e+02 6.265817215078298830e+01 1.053371007755244193e+02
1.511132981231503436e+02 6.267445271386158367e+01 1.053575231555527125e+02
1.511082357707973358e+02 6.265669005324177476e+01 1.053524726505022073e+02
1.510209874963569519e+02 6.254447003461781662e+01 1.052614521949497259e+02
1.507186336742987010e+02 6.221705916779808376e+01 1.050160720505548113e+02
1.504183010020448421e+02 6.189554588815672531e+01 1.047659245516388324e+02
1.502333338072254207e+02 6.169463696310987189e+01 1.046065214661273757e+02
1.504404637508085898e+02 6.190626414271734745e+01 1.047914803678350495e+02
1.506229453815660690e+02 6.214205863466947477e+01 1.049854325568611273e+02
1.506110068548492222e+02 6.214788395330267434e+01 1.050115925854842089e+02
1.505733845610693038e+02 6.211856898802711413e+01 1.049821591471837792e+02
1.505221781502569627e+02 6.204158995538305987e+01 1.049280122358940162e+02
1.504481858225700535e+02 6.195898700824809424e+01 1.048506955551290503e+02
1.506501266476635976e+02 6.217041752263427412e+01 1.050250653378732153e+02
1.508148420636105413e+02 6.230398638034105829e+01 1.051876790423588517e+02
1.507162784305641310e+02 6.217058693905984512e+01 1.050852366024779769e+02
1.507156635555650439e+02 6.211221646443321021e+01 1.050604887723114302e+02
1.507578470608027317e+02 6.213039733483083182e+01 1.050737245786506833e+02
1.507300189319893775e+02 6.211187881631231278e+01 1.050160459864893312e+02
1.504655421207145309e+02 6.180149370789764873e+01 1.047402526318782492e+02
1.502550274028106401e+02 6.154188139902425547e+01 1.044812469048922310e+02
1.502991301710513596e+02 6.155421207145344908e+01 1.044696578735987629e+02
1.503256858995775360e+02 6.156248978170160768e+01 1.045075064508561979e+02
1.502309750093001242e+02 6.152110123046083601e+01 1.044440155720943864e+02
1.501418347206524686e+02 6.151795340218985331e+01 1.043947959539092523e+02
1.501251489798287935e+02 6.151551996625888563e+01 1.043998097323220406e+02
1.502166610984344857e+02 6.162761321874622666e+01 1.045215040387454195e+02
1.500460954845191281e+02 6.146422233121740675e+01 1.043453228034508840e+02
1.499598992505396495e+02 6.139800775761366936e+01 1.042624201195629752e+02
1.499611906065107974e+02 6.144519082450116798e+01 1.042927894947599441e+02
1.500623369514995034e+02 6.159311505863229996e+01 1.044025914789461638e+02
1.500875788141798068e+02 6.170533981617725772e+01 1.044775090809573612e+02
1.501231574482806082e+02 6.179003736639204902e+01 1.045082682324061665e+02
1.501177764034906943e+02 6.172664718970137443e+01 1.045050054853010550e+02
1.501038522688768921e+02 6.158095972627992154e+01 1.044038733570753266e+02
1.500975554276046751e+02 6.150434440582223772e+01 1.043891957340233176e+02
1.500168729282029858e+02 6.139159836696782691e+01 1.043164414494463728e+02
1.500678980752872462e+02 6.142429336764312353e+01 1.043124098124098111e+02
1.499367472520181934e+02 6.122327663214363014e+01 1.041500768889931408e+02
1.496362167298127872e+02 6.095901307231356725e+01 1.038548895002096941e+02
1.494635091236076505e+02 6.078430327198800143e+01 1.036821961107675349e+02
1.496796513101931794e+02 6.103201378078225048e+01 1.038987600613216387e+02
1.498580302200991810e+02 6.119926096527081683e+01 1.040675781981200743e+02
1.496991981745676412e+02 6.101958477574240902e+01 1.038812296078305906e+02
1.494595592329582416e+02 6.077656698346353181e+01 1.036763814547065721e+02
1.493520769505991268e+02 6.065854534081135085e+01 1.035698516954674631e+02
1.495274099190355344e+02 6.080776211564388944e+01 1.037291576330985237e+02
1.496699365221532787e+02 6.092468906754621116e+01 1.038508092892329415e+02
1.496533242346050088e+02 6.093560043313738106e+01 1.038029746207086106e+02
1.496272234424943690e+02 6.096011605617516693e+01 1.037338539038046434e+02
1.497053658802427378e+02 6.108408859886692710e+01 1.038102690048502836e+02
1.498451213993085958e+02 6.122322331928243244e+01 1.039294054786665669e+02
1.498210962545937832e+02 6.119314420299642165e+01 1.039031838440705400e+02
1.497450176169388101e+02 6.114764108360167683e+01 1.038413172304797882e+02
1.499014185959998713e+02 6.120328312446539343e+01 1.039926925838255869e+02
1.499940076344017257e+02 6.123104135419406191e+01 1.040629968462480832e+02
1.498934418072349217e+02 6.107315590813127670e+01 1.039511452787314880e+02
1.500912171207737629e+02 6.125137369472344773e+01 1.041240128235202178e+02
1.504202569916855623e+02 6.162301172645999969e+01 1.044271639690358882e+02
1.504314337368524548e+02 6.167658285884886737e+01 1.044339050841513910e+02
1.504428462433388631e+02 6.170201309363871189e+01 1.044427254008534760e+02
1.504367188184922099e+02 6.173896956901882760e+01 1.044065437390560476e+02
1.504632615149856463e+02 6.175280247940346356e+01 1.044398133339020092e+02
1.505592566528527243e+02 6.185915452910526824e+01 1.045288209327618176e+02
1.505944111535244474e+02 6.178081187194487711e+01 1.044817859571554095e+02
1.504486656383208185e+02 6.156866459575819306e+01 1.042700438587138052e+02
1.505320232586242355e+02 6.159910268530958177e+01 1.042918215701466949e+02
1.505689809187346100e+02 6.160286894277042080e+01 1.043138895404905213e+02
1.506050654326516280e+02 6.161639145382987692e+01 1.043207609759333963e+02
1.507006068188334211e+02 6.167103595182413045e+01 1.044295429073754207e+02
1.507116769382779182e+02 6.164391036804829582e+01 1.044291424685513334e+02
1.506752583304307507e+02 6.160219838544961846e+01 1.043998417200387649e+02
1.506609325722626238e+02 6.157308245485585729e+01 1.043852458433739230e+02
1.508433300871724612e+02 6.172387610564950222e+01 1.045383189151662009e+02
1.508560268412485073e+02 6.179765755135213112e+01 1.045884033864329439e+02
1.509952989903728735e+02 6.193858358390377816e+01 1.047034596492724603e+02
1.511460026016676181e+02 6.205573563455337194e+01 1.048521113077763260e+02
1.510069839848164861e+02 6.191005883370415575e+01 1.046919855368131209e+02
1.506693702210943684e+02 6.135145733667901169e+01 1.042632446918161264e+02
1.506729990498463394e+02 6.121983262131045223e+01 1.041933941810789150e+02
1.511175584131249252e+02 6.160280733679748266e+01 1.045190966668799177e+02
1.514208280316654793e+02 6.175232266365271272e+01 1.047458516670339321e+02
1.511365377917101966e+02 6.138273658470702543e+01 1.044214559386973207e+02
1.509260349211088226e+02 6.111376253740785813e+01 1.041649428841547120e+02
1.508877077128308599e+02 6.109827929778668931e+01 1.041514807943379424e+02
1.507622542573281521e+02 6.096984506097806644e+01 1.040063892502316207e+02
1.508430801090899536e+02 6.103206827837369985e+01 1.040438208024414877e+02
1.510608998737077684e+02 6.122419124389567457e+01 1.042477460507017213e+02
1.510874212450567029e+02 6.130153280399585469e+01 1.043017815973480964e+02
1.509682409362212354e+02 6.144016401405563954e+01 1.042860661505981739e+02
1.509038176747536397e+02 6.151091373505166615e+01 1.042405085336119868e+02
1.508718666846745577e+02 6.154205673910107066e+01 1.042241485936067278e+02
1.509221963951027874e+02 6.163618829628681794e+01 1.042834964706885899e+02
1.509153924892841019e+02 6.166293595111329040e+01 1.042652385928248009e+02
1.508851984541639695e+02 6.156233102784826627e+01 1.042274006781395883e+02
1.509625601546783855e+02 6.158570457092624650e+01 1.042829728199186263e+02
1.509866018856166647e+02 6.159724502827950943e+01 1.043053417117456547e+02
1.506757464392932491e+02 6.128324530787585189e+01 1.040182590625940406e+02
1.507089721991199838e+02 6.130547440153351602e+01 1.040537547655774233e+02
1.509236157019408324e+02 6.147405085336119868e+01 1.042339131403170853e+02
1.508573691406203636e+02 6.141458094906370491e+01 1.041817956719434619e+02
1.507180472328255689e+02 6.120464911844221945e+01 1.040522643749244764e+02
1.509219037667313614e+02 6.142002123036606065e+01 1.042306729030866990e+02
1.507938545672535895e+02 6.130559168982814100e+01 1.041080734627532678e+02
1.506087677146790327e+02 6.109102874866421473e+01 1.038764077557181054e+02
1.504984989467748164e+02 6.095883773223674496e+01 1.037793653163111287e+02
1.505372562121330589e+02 6.098571689212083413e+01 1.038010624660871031e+02
1.505712425687795246e+02 6.105433765285982162e+01 1.038506659368728293e+02
1.505250996950504430e+02 6.104314432146944114e+01 1.038607361439873813e+02
1.503912879676426542e+02 6.092707037534623993e+01 1.037915088013610188e+02
1.504104948144357081e+02 6.094142456704032895e+01 1.038302660667192754e+02
1.505096152706990154e+02 6.106405007143923314e+01 1.039177548414001677e+02
1.506873331011261996e+02 6.123655034985084455e+01 1.041088316901124813e+02
1.506808775060006553e+02 6.120609448934572328e+01 1.040911638079125794e+02
1.508314199939815694e+02 6.138923127593078277e+01 1.042185140165435797e+02
1.509467854714160069e+02 6.149999052215800788e+01 1.043106445643391424e+02
1.508636292552548639e+02 6.141223044425014876e+01 1.042230195456796480e+02
1.504940147427832073e+02 6.099048069245113624e+01 1.038206496112900084e+02
1.504266734907128864e+02 6.089121806855796848e+01 1.037403568881401412e+02
1.506430206356314727e+02 6.109460900347600187e+01 1.038921765153292256e+02
1.506703879043780603e+02 6.109806841580240899e+01 1.038700647099661865e+02
1.505883796918279813e+02 6.095026976307764244e+01 1.037310970365157488e+02
1.504598032873894908e+02 6.071666228316474445e+01 1.035314676201375761e+02
1.505708350215739415e+02 6.082524162573423610e+01 1.036203283124465457e+02
1.505515144406770105e+02 6.081728260792300489e+01 1.036429495518165425e+02
1.505868051853273641e+02 6.084486786703535444e+01 1.036774015074507673e+02
1.507627234105066520e+02 6.101029412113155814e+01 1.038444484725272901e+02
1.508363034520669999e+02 6.104759298355357799e+01 1.038903129346479091e+02
1.507456230140959121e+02 6.097074545596713335e+01 1.038108590005141707e+02
1.505429073754197020e+02 6.077118830813412131e+01 1.036246395458218075e+02
1.504388300077955307e+02 6.065034937695035921e+01 1.035197944729964377e+02
1.504689114935420378e+02 6.067786473697803729e+01 1.035452934221407162e+02
1.505694903527415818e+02 6.077767115205539028e+01 1.036143158064340355e+02
1.505883334873482795e+02 6.077419159931475434e+01 1.036134639853851667e+02
1.505487599428486192e+02 6.081124403784502164e+01 1.036037409042335184e+02
1.504338138599222248e+02 6.068137272324464249e+01 1.034849468174591323e+02
1.505492136945339041e+02 6.084032561126156935e+01 1.036167054073458047e+02
1.507822371024341521e+02 6.107430391174233364e+01 1.038318938860810761e+02
1.509846849920741647e+02 6.123814618149593514e+01 1.039928809559351492e+02
1.511865180067150618e+02 6.144413522984951470e+01 1.041765852283093636e+02
1.512056845726796439e+02 6.146670908000957212e+01 1.042072697417524978e+02
1.510841300644256364e+02 6.124342889367520115e+01 1.039962846859398553e+02
1.509508668671230112e+02 6.110045564725367484e+01 1.038782002525844916e+02
1.509659188649336556e+02 6.107245928674500135e+01 1.038632927918642253e+02
1.511802981729090050e+02 6.130128756483436092e+01 1.041151214230032025e+02
1.513278871283797287e+02 6.140738726699317596e+01 1.042135227480055022e+02
1.513172162630290813e+02 6.138463215310505916e+01 1.042014965512502442e+02
1.512712463599163186e+02 6.129815395332636996e+01 1.041164637223750589e+02
1.514909770944253751e+02 6.151944142338231103e+01 1.042829526795044046e+02
1.516754443330798097e+02 6.175302757815072852e+01 1.044156235116826252e+02
1.517268568869554031e+02 6.177920063880655022e+01 1.044025488286572028e+02
1.515264301471198110e+02 6.158331141582372936e+01 1.042173671976627674e+02
1.515202624414447143e+02 6.157080540331772056e+01 1.042006127424846653e+02
1.516526619703959682e+02 6.168083485571170144e+01 1.043151891895734309e+02
1.518448133694438980e+02 6.188979046860820432e+01 1.045273577909045883e+02
1.519971092581930066e+02 6.205346213720597603e+01 1.046659818925828773e+02
1.522060790878524870e+02 6.227536211280053635e+01 1.048679973556820784e+02
1.522541969069062588e+02 6.235601025502503347e+01 1.048940152166753137e+02
1.521912237552631666e+02 6.228528896755497613e+01 1.048030563670957775e+02
1.521307255051097513e+02 6.218529181090757163e+01 1.047338266550089259e+02
1.523561737477993745e+02 6.233609020062222328e+01 1.049045877494153416e+02
1.527871975679857428e+02 6.281125233095676208e+01 1.053516338614860786e+02
1.528981996839139583e+02 6.290157379566246476e+01 1.054210993348924319e+02
1.527919056859943510e+02 6.276564258583962896e+01 1.053143361837943104e+02
1.528538635238142547e+02 6.267526306935173608e+01 1.053043974817373822e+02
1.529716174174302239e+02 6.264614358456722698e+01 1.053714686153109739e+02
1.529364415916139990e+02 6.247632553543883915e+01 1.052581029625364550e+02
1.525983622289041080e+02 6.194351917012015463e+01 1.048297661105542886e+02
1.521749657020592963e+02 6.141676677637268966e+01 1.044192736655790839e+02
1.518758615950734168e+02 6.110441738520556498e+01 1.041197051443356827e+02
1.520933875465895255e+02 6.134963522155640447e+01 1.043569971353222599e+02
1.522868622893253416e+02 6.165017640633404028e+01 1.045765264656890281e+02
1.523415020483986098e+02 6.179874868791124953e+01 1.047049559635766514e+02
1.524369995995611760e+02 6.194556875345053015e+01 1.048065904174278558e+02
1.523939488717813902e+02 6.197178683385580200e+01 1.047494129661617279e+02
1.523182979217461934e+02 6.188842328990111952e+01 1.046622322213455192e+02
1.520116530067269025e+02 6.156463769764262395e+01 1.043551821285811485e+02
1.518451569412160609e+02 6.133727493087098992e+01 1.041768340216616053e+02
1.521583534145110548e+02 6.177133995360596685e+01 1.045369529211893678e+02
1.524852133817651065e+02 6.230516518693858785e+01 1.050369493669986269e+02
1.525745479661735828e+02 6.245510109303212687e+01 1.051693465264893774e+02
1.525951219916737216e+02 6.245790890372170878e+01 1.052172901901965929e+02
1.526053509526416008e+02 6.244150749815774759e+01 1.051984032205707109e+02
1.526687446835230162e+02 6.249898468617680436e+01 1.052184216075841761e+02
1.527958674239462482e+02 6.253471496574945121e+01 1.052576776443771536e+02
1.529959588851214392e+02 6.267503678587422655e+01 1.053706440430578368e+02
1.531345119029847979e+02 6.276761753116432629e+01 1.054358859531273254e+02
1.529290844167691432e+02 6.248503567222778798e+01 1.051646869824209745e+02
1.528123256965621408e+02 6.219544376440928346e+01 1.049545525629269491e+02
1.530404147029762782e+02 6.236070415627065699e+01 1.051209550347481354e+02
1.532557323173086843e+02 6.256888021666346589e+01 1.053005174901726662e+02
1.532471015574463991e+02 6.251315879887308569e+01 1.052687844904593675e+02
1.533443122285486879e+02 6.259264590545378582e+01 1.053197883123991545e+02
1.534199477770906412e+02 6.262859772958294968e+01 1.053789063518127591e+02
1.533715681326518734e+02 6.254139210543151250e+01 1.052849809376902925e+02
1.530683743368472562e+02 6.215821953999294180e+01 1.049317204415726650e+02
1.528268125780440982e+02 6.186743697827441935e+01 1.047251413975551912e+02
1.531367463042339807e+02 6.216485758357679714e+01 1.050122335245487903e+02
1.531943170859427141e+02 6.237325874271687098e+01 1.051216338851806853e+02
1.531933621933621907e+02 6.251526051033440012e+01 1.052174240647147059e+02
1.530520795570056691e+02 6.242986870819382972e+01 1.051235543329139404e+02
1.527719358729210910e+02 6.215105903036937463e+01 1.048029781748993514e+02
1.528833111788776762e+02 6.232287453469719196e+01 1.049507246994931791e+02
1.533484362745446390e+02 6.288085404834173175e+01 1.054914592796366151e+02
1.537352258214327207e+02 6.318250887955321105e+01 1.057544350376862639e+02
1.539943002627731801e+02 6.339843070631248168e+01 1.059337344829955612e+02
1.539873245710684273e+02 6.336774145394834790e+01 1.058800614638053048e+02
1.536687091416155511e+02 6.298528328084978511e+01 1.055149690666932116e+02
1.534975878892134915e+02 6.268690778296689814e+01 1.052309667161883908e+02
1.535543968893722706e+02 6.264392932373228007e+01 1.051629999265467177e+02
1.533754919592358021e+02 6.239307335612754457e+01 1.049369806438771917e+02
1.532511047609569914e+02 6.223694012610268800e+01 1.047846314422669138e+02
1.534782282122183688e+02 6.243437897625089761e+01 1.049844160583076871e+02
1.535265415117631846e+02 6.246881434566163449e+01 1.050056653800496207e+02
1.533932013069943991e+02 6.235200349732369318e+01 1.049315285152723618e+02
1.531735357326490430e+02 6.213716214455130427e+01 1.047711894928643659e+02
1.532211405635050880e+02 6.221374547729227800e+01 1.048780663780663787e+02
1.535183680577769110e+02 6.255507810926530254e+01 1.052019763670009951e+02
1.535634754772685824e+02 6.262211251620118446e+01 1.052487566256039173e+02
1.534876065368676166e+02 6.259584823131621079e+01 1.051607465696135648e+02
1.534301909548214837e+02 6.258467977926105874e+01 1.051076860559619206e+02
1.535079803429557046e+02 6.268884600165388576e+01 1.051786229643372508e+02
1.535920547250596542e+02 6.280018813516350207e+01 1.052595175304534934e+02
1.536411345450754311e+02 6.286718344600117803e+01 1.053173003788767375e+02
1.535140805190066260e+02 6.265275793354611267e+01 1.051402317806258679e+02
1.532563187587818163e+02 6.226850489412066025e+01 1.047995981394996221e+02
1.532557074379734559e+02 6.225126233008006693e+01 1.048222975710660450e+02
1.532671874740840394e+02 6.221958501268846220e+01 1.048119311813893120e+02
1.530444143522961156e+02 6.195295554655160686e+01 1.046203354208280274e+02
1.530418399334655533e+02 6.195336427848743455e+01 1.046007245810201454e+02
1.532691446484549829e+02 6.224504486573452056e+01 1.048314365802050503e+02
1.532139113395271011e+02 6.218083604044195312e+01 1.048074801498446789e+02
1.530824204986766688e+02 6.201612773287649816e+01 1.046784061587017192e+02
1.529524437430841317e+02 6.186548928174543960e+01 1.045336795115120196e+02
1.529783419463222458e+02 6.188272236794404080e+01 1.045729201468117679e+02
1.530018635806813165e+02 6.190003364633906813e+01 1.045845897397621513e+02
1.530731796027362464e+02 6.197127858457907479e+01 1.046593793909064800e+02
1.530790037366392085e+02 6.200505524397149770e+01 1.046879503455858185e+02
1.532262277951933243e+02 6.216847456502628688e+01 1.048283456189860061e+02
1.530009572620409983e+02 6.191817542063847668e+01 1.045781388835575996e+02
1.524959979812196593e+02 6.133007887933996471e+01 1.040697059736468617e+02
1.524769830607268943e+02 6.131502569679909698e+01 1.040459853046059919e+02
1.529819482651994917e+02 6.186630911507759123e+01 1.045501543703514216e+02
1.533600442615220913e+02 6.229438888059577550e+01 1.049065792809635127e+02
1.534467748088437702e+02 6.247923404819956517e+01 1.050779327404943189e+02
1.534107755955046457e+02 6.255665853941715682e+01 1.051527318694806326e+02
1.534337415913770712e+02 6.265317732805417705e+01 1.052405713243151695e+02
1.536251395019867800e+02 6.287589950644137815e+01 1.054264010027556822e+02
1.536609017692761654e+02 6.292849916002625577e+01 1.054734655966183112e+02
1.535524491928432838e+02 6.268930449226015611e+01 1.052105621071138302e+02
1.534870046939012411e+02 6.241926892665809135e+01 1.049451967481524122e+02
1.533285304369048276e+02 6.211832848778661287e+01 1.046830846584541206e+02
1.533588998121017823e+02 6.214340211877157572e+01 1.046767581989256826e+02
1.535417048742172028e+02 6.232323587742306614e+01 1.048390081912249343e+02
1.538044638266313200e+02 6.270788461675161329e+01 1.052421482002762758e+02
1.537768714591374817e+02 6.273894824387435420e+01 1.052838104242045176e+02
1.537139362188623295e+02 6.265421396702184609e+01 1.052380940533649891e+02
1.535940746901337945e+02 6.252143887858173343e+01 1.051471091397199729e+02
1.533703277200814057e+02 6.222210848811833728e+01 1.049002149100671204e+02
1.530630264645043042e+02 6.181798633769076901e+01 1.045311512971611450e+02
1.529968498022685139e+02 6.169384556330368952e+01 1.043993453180645332e+02
1.531176875487220457e+02 6.171967268272687335e+01 1.044517483064281151e+02
1.533242630385487644e+02 6.193908117060826157e+01 1.046508315621616134e+02
1.533604541781881778e+02 6.194965844226928198e+01 1.046580584166791112e+02
1.532484450415484787e+02 6.195315576596365048e+01 1.046094844764795511e+02
1.531125541125541076e+02 6.185776365579321379e+01 1.044979681876233570e+02
1.529491821807092720e+02 6.175008352348253737e+01 1.043632264469702875e+02
1.529316884538559407e+02 6.176281463473581823e+01 1.043564616372498079e+02
1.529376239524022765e+02 6.173381954662742999e+01 1.043248554036731406e+02
1.531016794736006545e+02 6.188828586119226571e+01 1.044859348824866032e+02
1.532885078796408891e+02 6.212228785627800676e+01 1.046826155052756064e+02
1.530819347592746738e+02 6.192757625516246378e+01 1.044899487485694323e+02
1.526342429692183487e+02 6.140796423062433007e+01 1.040430365110168083e+02
1.523566334231358894e+02 6.111090615277807103e+01 1.037832832192438133e+02
1.523038738309674329e+02 6.099468530010401679e+01 1.037322438553965611e+02
1.523425908154972319e+02 6.099511180299357704e+01 1.037664636039020252e+02
1.523632714667197376e+02 6.102199570179865873e+01 1.037930536896054150e+02
1.525836147067674062e+02 6.122119624582678910e+01 1.039746420337553303e+02
1.527717937052912305e+02 6.140618121159992882e+01 1.041622855342067169e+02
1.524817338290244777e+02 6.116459101927082287e+01 1.039028817378571006e+02
1.524460248745963042e+02 6.122222933060371730e+01 1.038834983662569869e+02
1.524775576548975664e+02 6.129378703762940006e+01 1.039231110068548531e+02
1.525852662207342121e+02 6.146076528835149588e+01 1.040580470432687150e+02
1.527373867694064700e+02 6.166179624061397391e+01 1.042304691294839074e+02
1.528550636555562789e+02 6.174057606323616199e+01 1.043074837040354339e+02
1.528025706276937683e+02 6.165096306721922303e+01 1.042599641737572824e+02
1.528095036691095743e+02 6.162330198537095072e+01 1.042696694839551981e+02
1.529948215440826402e+02 6.179513763011299687e+01 1.044073327694017337e+02
1.531214123406241754e+02 6.194929709954340780e+01 1.045632195755348448e+02
1.532415048917511911e+02 6.209480211450654963e+01 1.046422327900160383e+02
1.533146750166454524e+02 6.213079540419441571e+01 1.046779180498392350e+02
1.532155723313358919e+02 6.200744839907401484e+01 1.045736641574080039e+02
1.532230396860938697e+02 6.204083291275409806e+01 1.045919078185088011e+02
1.533294166151308957e+02 6.215026644583294768e+01 1.047060471001357769e+02
1.533865608939500476e+02 6.219521511147127057e+01 1.047465008992102611e+02
1.532737034904522488e+02 6.201997692145475582e+01 1.046359560891580571e+02
1.529865390949134678e+02 6.169953819214902779e+01 1.043273622928795277e+02
1.529988887230266528e+02 6.169856671334503773e+01 1.043488959498811681e+02
1.532571753187516777e+02 6.195268068913389214e+01 1.045889566554591141e+02
1.532122159905411252e+02 6.189154505410662921e+01 1.045852780680366862e+02
1.529426886742157592e+02 6.162433033122688641e+01 1.043892893277129730e+02
1.529237649779521746e+02 6.157813888355759957e+01 1.043830469840322053e+02
1.529636548454282376e+02 6.158742716870795419e+01 1.044093171925684231e+02
1.530695235251885435e+02 6.169771963121716851e+01 1.045050114089522992e+02
1.531957612721159592e+02 6.184497923167874234e+01 1.046909026933657429e+02
1.532047877318813391e+02 6.185503877622104341e+01 1.047199510943353289e+02
1.531954710132050081e+02 6.181943526278501366e+01 1.047196809758386138e+02
1.529678239111736673e+02 6.157211689970310431e+01 1.044637614711506330e+02
1.528295860315564880e+02 6.144910517324310462e+01 1.043274238988524729e+02
1.530950224743328079e+02 6.183345062162796069e+01 1.045755253686288171e+02
1.531882879937067230e+02 6.206470641199705085e+01 1.046412838210867733e+02
1.531279413890251249e+02 6.203176024850901626e+01 1.045392157559645199e+02
1.531224371322893489e+02 6.204145608086494690e+01 1.044762426043214276e+02
1.532237149823356788e+02 6.221691700016823035e+01 1.045552333089278960e+02
1.532456739574966207e+02 6.213772844561022168e+01 1.045592933794904269e+02
1.533023277579927708e+02 6.213197776498269320e+01 1.045922667917741791e+02
1.533445183716119686e+02 6.208139689174171849e+01 1.045853384892793798e+02
1.532670796636313923e+02 6.195791956629395258e+01 1.045057601584695135e+02
1.531773730739247981e+02 6.187067721550479860e+01 1.044362698057279317e+02
1.531766456495520572e+02 6.186856602620149204e+01 1.044554197854690472e+02
1.531004509083326752e+02 6.177943166120505936e+01 1.044326824425346558e+02
1.530511684994443726e+02 6.169759049562005515e+01 1.043804192523404311e+02
1.528904681343105096e+02 6.152700474129045460e+01 1.041977966386833430e+02
1.528041711982598656e+02 6.140899968486175453e+01 1.041062821506171190e+02
1.529301080237040935e+02 6.149868139523312038e+01 1.042265464876302303e+02
1.533407153875134270e+02 6.191565549939934243e+01 1.046212524020405823e+02
1.535559145288209209e+02 6.210216047408165707e+01 1.048002272312617151e+02
1.536970348571333886e+02 6.223695908178666514e+01 1.049313745003400129e+02
1.537457639969955210e+02 6.223139440380819565e+01 1.048867232019941440e+02
1.538184365351852989e+02 6.223696855962865726e+01 1.048830185505062360e+02
1.538894267564218410e+02 6.230906768837803611e+01 1.049333091648362597e+02
1.539197973163490474e+02 6.231287422666733278e+01 1.049115942441065528e+02
1.538945862566552307e+02 6.226020585872802826e+01 1.048821181555171762e+02
1.537124434587488793e+02 6.203785805509943430e+01 1.046560242348419649e+02
1.537303921220177472e+02 6.203519241203970580e+01 1.046531548181794449e+02
1.538486518954499331e+02 6.216096574470958558e+01 1.047611406108943015e+02
1.538735241222925936e+02 6.220694749512483668e+01 1.048002509258666919e+02
1.539182690143281320e+02 6.225651660873335658e+01 1.048425694903527443e+02
1.541734871587088378e+02 6.252390667168992167e+01 1.050807701694401146e+02
1.542296824685987247e+02 6.257147951482927084e+01 1.051180927264671112e+02
1.542347851017801759e+02 6.254914379544921132e+01 1.050872956636503375e+02
1.542631202951399985e+02 6.261763660532133713e+01 1.051513789075365395e+02
1.541506941334527596e+02 6.254430654184348981e+01 1.050677322130524090e+02
1.540239268121041505e+02 6.242023092762008929e+01 1.049230825733288839e+02
1.537950997187450355e+02 6.219098207029241365e+01 1.046649073422472469e+02
1.534739169788430786e+02 6.184113596675172886e+01 1.042951364453827523e+02
1.533183275400024286e+02 6.168567447877792631e+01 1.041458402936235501e+02
1.533312422844442438e+02 6.169211111821949345e+01 1.041156877240621128e+02
1.534071278110687047e+02 6.173083639586102578e+01 1.041686179173863849e+02
1.533874565500181291e+02 6.172825605337920507e+01 1.042172345078749061e+02
1.531782071240199343e+02 6.149430500169416547e+01 1.041321685065527447e+02
1.530658603392593591e+02 6.141657840426313442e+01 1.040607067626771993e+02
1.531728865004727140e+02 6.152370171335688553e+01 1.041690100630987388e+02
1.533402687442096237e+02 6.167706622879036615e+01 1.043322173174389889e+02
1.534604608126775531e+02 6.188549937564715719e+01 1.044837052201584271e+02
1.536250198442316730e+02 6.206745024725320548e+01 1.046338294983615214e+02
1.537293400815568418e+02 6.222032783855443938e+01 1.047441373623639578e+02
1.535757706077903038e+02 6.209780540568717555e+01 1.045727376983534640e+02
1.535431763091861512e+02 6.205406990382359567e+01 1.045513462089816699e+02
1.538664015240370020e+02 6.232979928300125039e+01 1.047990969986043837e+02
1.540169072853801993e+02 6.243495830934254798e+01 1.048990266256276129e+02
1.540035162793783456e+02 6.238725751533633002e+01 1.048169473292626037e+02
1.540600385748169003e+02 6.241782000156384669e+01 1.048638851569886015e+02
1.543627952051597276e+02 6.272368773353994698e+01 1.051408715349602119e+02
1.546006144011070091e+02 6.296433606532128380e+01 1.053282686115198459e+02
1.546947495124834973e+02 6.305509469548878343e+01 1.053712755042804332e+02
1.546236325251103665e+02 6.296772320910251608e+01 1.052421920352954885e+02
1.544311802045792206e+02 6.277387053741733780e+01 1.050489649011816482e+02
1.544012006056341022e+02 6.271256667069474844e+01 1.050008992102588223e+02
1.543785651495010995e+02 6.265495797761807495e+01 1.050503143089350004e+02
1.543063558408385916e+02 6.251124309006082314e+01 1.049703236919985727e+02
1.543219172726561794e+02 6.248291737454299266e+01 1.049491395304203252e+02
1.543521350023813170e+02 6.247501522378369998e+01 1.049591173285754593e+02
1.542235834772780549e+02 6.229843947331632137e+01 1.048360795380499866e+02
1.541098671443498915e+02 6.225785890810521295e+01 1.047757708447363569e+02
1.541126026864943128e+02 6.232261981769370607e+01 1.048447636107734695e+02
1.539999016673893379e+02 6.224589194786238977e+01 1.047388771600594310e+02
1.541118527522468469e+02 6.242141328840835968e+01 1.049034823960932385e+02
1.541719979527861426e+02 6.249119271533064790e+01 1.049673381717716723e+02
1.541909477131152073e+02 6.249998222904626743e+01 1.050071249677160949e+02
1.540119989479595404e+02 6.227862959882664029e+01 1.048026097237919885e+02
1.539118382985378162e+02 6.218911256595986004e+01 1.047234590806019412e+02
1.539123773508009947e+02 6.222282406518859688e+01 1.047407217850567633e+02
1.540519835938555104e+02 6.241288560007771480e+01 1.048954830974535355e+02
1.541521466127377380e+02 6.248328345618985935e+01 1.049610117122432342e+02
1.541166165525771419e+02 6.243423325443029626e+01 1.049006260114634443e+02
1.540879674057013915e+02 6.238569959505920082e+01 1.048562815582520074e+02
1.540957333124820821e+02 6.237117835640002994e+01 1.048523328523328502e+02
1.542459428912630983e+02 6.254217521212595443e+01 1.050253745524681506e+02
1.542959053353141883e+02 6.258269772555486554e+01 1.050478986439577511e+02
1.542034229226347577e+02 6.247838933553219221e+01 1.049144672149598279e+02
1.541323189672943386e+02 6.237543509218386362e+01 1.048146217037842689e+02
1.540296715690804490e+02 6.223952520750550121e+01 1.046782568826903770e+02
1.539105658982506384e+02 6.210632835509682792e+01 1.045479294469442237e+02
1.540059686709932976e+02 6.219138132438624922e+01 1.046165146657757532e+02
1.541385115523046636e+02 6.230721713972945253e+01 1.047208514893243887e+02
1.541970846158038171e+02 6.231069787720034014e+01 1.047222565793994420e+02
1.542144776405860114e+02 6.230126150076888791e+01 1.047242338941846356e+02
1.542189061622559052e+02 6.226366527105443538e+01 1.047421185820200549e+02
1.540699950478275468e+02 6.210837556896670009e+01 1.046316259000988111e+02
1.539298284273653792e+02 6.196421166864516294e+01 1.045500228652937977e+02
1.538341567208562424e+02 6.184129116641432233e+01 1.044650232088655741e+02
1.538544855071948803e+02 6.185352350623286810e+01 1.045002985520226844e+02
1.540521767048860511e+02 6.204563699391285780e+01 1.046564436293500364e+02
1.541599563545376270e+02 6.224315048206673850e+01 1.048154984041683520e+02
1.540193039946734643e+02 6.218050550070254445e+01 1.047284124377720502e+02
1.538780995505133546e+02 6.207682146352097163e+01 1.046272044868103990e+02
1.539620459817504070e+02 6.225601309837762898e+01 1.047832299063826156e+02
1.541583368282875597e+02 6.243114940159274795e+01 1.049197866537767965e+02
1.542852095906283125e+02 6.253097714181458144e+01 1.049865722673604438e+02
1.544570618215938396e+02 6.269116925767171722e+01 1.051525956255020304e+02
1.545116008785959423e+02 6.273284688309318824e+01 1.051999978674855498e+02
1.544781251406867284e+02 6.269516061387982830e+01 1.051595653935555390e+02
1.545682842973483275e+02 6.282135926470901666e+01 1.052748834817800372e+02
1.548358046806322648e+02 6.311294862772695069e+01 1.055115771839909797e+02
1.547686375839085144e+02 6.303806893708371462e+01 1.054354606349680239e+02
1.547275843113281439e+02 6.296506348969403177e+01 1.053380402666116993e+02
1.548442364058127509e+02 6.308163028360072389e+01 1.054356987657480289e+02
1.548309674270265361e+02 6.303490452258925103e+01 1.054135774825430047e+02
1.547716894490293384e+02 6.297410061203164844e+01 1.053377606702729850e+02
1.546116027741643393e+02 6.281203069873020439e+01 1.051555124313745040e+02
1.546621267803533897e+02 6.288809038070121460e+01 1.052158057231948902e+02
1.548686110459509564e+02 6.312753384181955596e+01 1.054633811727407817e+02
1.550984878103104734e+02 6.334558225937536236e+01 1.056886469669720867e+02
1.551789227010901868e+02 6.337822513191971296e+01 1.057314548250508892e+02
1.552696754076064281e+02 6.347025971656513832e+01 1.058121136298476159e+02
1.554284363693230659e+02 6.361296995287143119e+01 1.059426543170385600e+02
1.553035101187810483e+02 6.344862772695285003e+01 1.057685048941206531e+02
1.551398491127555133e+02 6.314355257951316958e+01 1.055689584088598849e+02
1.552343076554899142e+02 6.314586517295877144e+01 1.055999675383911836e+02
1.554018995964808880e+02 6.328046948490298007e+01 1.057627139326646670e+02
1.553964462831457922e+02 6.321316140527963512e+01 1.057103073901103443e+02
1.552773157329807532e+02 6.305757670535995629e+01 1.055561325191867041e+02
1.553691050784646848e+02 6.314908171558418104e+01 1.056639157230290209e+02
1.556735961538917081e+02 6.353595893251065974e+01 1.059927790691337464e+02
1.558219409672611562e+02 6.378248708051663840e+01 1.061636456045323058e+02
1.558921125398957770e+02 6.389786085106282343e+01 1.062451882180946257e+02
1.558460739224286158e+02 6.385716773647808253e+01 1.061615841738994419e+02
1.557896156024234813e+02 6.378674855522146458e+01 1.060974961910922474e+02
1.557506723344161799e+02 6.365835341451104767e+01 1.060165471273845696e+02
1.557661010764458922e+02 6.363847956458793931e+01 1.060079684956532304e+02
1.557944030973587530e+02 6.364356087262491002e+01 1.059898717411032720e+02
1.560200172022832135e+02 6.387969064323743851e+01 1.062388818989804236e+02
1.564164338671727705e+02 6.437461288939121573e+01 1.066549698249205704e+02
1.565819857026753539e+02 6.458561334669708742e+01 1.068495949407279397e+02
1.564510884116795353e+02 6.442498880429914720e+01 1.066676428843916540e+02
1.561090496804782504e+02 6.403137639590840990e+01 1.063230024855640607e+02
1.559889950407191748e+02 6.387251473212064212e+01 1.061767937408331477e+02
1.561177124280572457e+02 6.394381298322185359e+01 1.063134701459824640e+02
1.562696386809687397e+02 6.407317960273624635e+01 1.064591291758779477e+02
1.564149671711248004e+02 6.418239751490982314e+01 1.065678471318865377e+02
1.562803747064830873e+02 6.401057608693076872e+01 1.064334868743735711e+02
1.560372111923836087e+02 6.370192068467930824e+01 1.061533739932754656e+02
1.559704078078462430e+02 6.362113985266694272e+01 1.060600279122446636e+02
1.562042652658416273e+02 6.387437949753221034e+01 1.062663569781796440e+02
1.563228425469804677e+02 6.398881733118186332e+01 1.063639313614683033e+02
1.562708767240787040e+02 6.395053040373237252e+01 1.063002272312617151e+02
1.562148022566741759e+02 6.387350279714812018e+01 1.062143117783511883e+02
1.561485876830704456e+02 6.384249366761682154e+01 1.061658705279394894e+02
1.563038240722969761e+02 6.409008925757694897e+01 1.063791397436717574e+02
1.565076995618867670e+02 6.436888945755940483e+01 1.066050369991256730e+02
1.565689039112684497e+02 6.446202939552692612e+01 1.066638268682603723e+02
1.565009027644495632e+02 6.438698621210936324e+01 1.066060333572648773e+02
1.562165722436658370e+02 6.402350860232633067e+01 1.062800287652504352e+02
1.556779441139047151e+02 6.340536848664927305e+01 1.057017974727334320e+02
1.555686373469624755e+02 6.324383881034127342e+01 1.055709286152635968e+02
1.555383260235477110e+02 6.316555775915382043e+01 1.055192400192400157e+02
1.555216770093617242e+02 6.309646310631532629e+01 1.054908526977492471e+02
1.553354942813070920e+02 6.286565395925001809e+01 1.052772884841850356e+02
1.550823043951122884e+02 6.268974639664294557e+01 1.051792366546061146e+02
1.548878202622044853e+02 6.256304068126728168e+01 1.050697782421920294e+02
1.548975966562173596e+02 6.260984700393567692e+01 1.051391797401649626e+02
1.549320249172465935e+02 6.268622893253434825e+01 1.051996625888251486e+02
1.546989114698474168e+02 6.251292540701408029e+01 1.049582323350796287e+02
1.544120930155413021e+02 6.230440814430961893e+01 1.047098844414115320e+02
1.546170347623549617e+02 6.256141404663571848e+01 1.049057606323616199e+02
1.548881247378784280e+02 6.288242381592134933e+01 1.051646668420067385e+02
1.550911247118143592e+02 6.311957956292931726e+01 1.053786184623623114e+02
1.553456178012828275e+02 6.341218068557969900e+01 1.056998355594414676e+02
1.556128799133725238e+02 6.379020796754787170e+01 1.060541279556057930e+02
1.556829578923174893e+02 6.389088752881855982e+01 1.061632451657082186e+02
1.555547546779073969e+02 6.372910668969782222e+01 1.060315185635382704e+02
1.554363029781748935e+02 6.359632449287621370e+01 1.059132445733430927e+02
1.554021495745633672e+02 6.356125173859164335e+01 1.058773235522003944e+02
1.554211680492468588e+02 6.343857647552228940e+01 1.058403421974850573e+02
1.554323388707625213e+02 6.332373938777879374e+01 1.057259316126311148e+02
1.553821371112011605e+02 6.319777175934811453e+01 1.056061956653089595e+02
1.552332425829962688e+02 6.299600272014065183e+01 1.054681911775507785e+02
1.551918007188943136e+02 6.290921649049727904e+01 1.054085281622227370e+02
1.553027589998033307e+02 6.313222655833493491e+01 1.055416551155467459e+02
1.552806720737755199e+02 6.321449541153974394e+01 1.055570577935109924e+02
1.552027120844854835e+02 6.320393709556270778e+01 1.055023659063067925e+02
1.551437527989252203e+02 6.318260958162436225e+01 1.054971128123837474e+02
1.550001646775045856e+02 6.300737020687759582e+01 1.053070548316853774e+02
1.549830334781073589e+02 6.285642609534234992e+01 1.052434158616424611e+02
1.550259846885462593e+02 6.282232008094077003e+01 1.053241552280961173e+02
1.552441965988764139e+02 6.298721676061577313e+01 1.055185848634124426e+02
1.554244426436544586e+02 6.314342936756730040e+01 1.057101024317773152e+02
1.554759357591869957e+02 6.317830308717007881e+01 1.057389529827953538e+02
1.555650653852624430e+02 6.327414302537454915e+01 1.058059518478237635e+02
1.554657127218703465e+02 6.316983818954262375e+01 1.056796062904437292e+02
1.554550845068086460e+02 6.318432151683383324e+01 1.056609929935053032e+02
1.555536967137952331e+02 6.330269028544890375e+01 1.057512007241071217e+02
1.555606416025135275e+02 6.335126185618796768e+01 1.057843447375467036e+02
1.554613398825221395e+02 6.328942604558368146e+01 1.057006577622341155e+02
1.553682994618955320e+02 6.320629944767875941e+01 1.056456898328819562e+02
1.554320450576608152e+02 6.326568049720759035e+01 1.057124304267161392e+02
1.554757225077422049e+02 6.333309046363233819e+01 1.057597473681217508e+02
1.553386492179595564e+02 6.319610247442759743e+01 1.056438570551870981e+02
1.552460376696829769e+02 6.304528986794996825e+01 1.054774936794641178e+02
1.552276518409523476e+02 6.300353641979257446e+01 1.054360293054874376e+02
1.551658290623807943e+02 6.289406852953651139e+01 1.053462279373609363e+02
1.551979281437409384e+02 6.292768643507560000e+01 1.053476709388039438e+02
1.554757497565379367e+02 6.322103986143395105e+01 1.056261607394612270e+02
1.554511251383172521e+02 6.324995083369467608e+01 1.056398976866957184e+02
1.553687401815480769e+02 6.318147224058554201e+01 1.055489826721353808e+02
1.554501951250719856e+02 6.331042538924312169e+01 1.056751185322613935e+02
1.554829232981942368e+02 6.333328238993263426e+01 1.056832754000241721e+02
1.554748612088513653e+02 6.335625075526553474e+01 1.057163116030111070e+02
1.554637425154666630e+02 6.328944737072816196e+01 1.057103156832220918e+02
1.553835208761317119e+02 6.313729128014842473e+01 1.056112520940107089e+02
1.552786035347611744e+02 6.300832391472785332e+01 1.054941462478408312e+02
1.552600696147494261e+02 6.294629380836277477e+01 1.054576091669687798e+02
1.552004279245658438e+02 6.291418287970012102e+01 1.054480341770982221e+02
1.552302286292434133e+02 6.297156410456903330e+01 1.054948381303061069e+02
1.555384444965725663e+02 6.330058857398758931e+01 1.058053476353968989e+02
1.556653693870442510e+02 6.345126493648660926e+01 1.059351158784656377e+02
1.555369138250911760e+02 6.337711267021612116e+01 1.058169437750718487e+02
1.553476176259427461e+02 6.319263121479870193e+01 1.056153974651511618e+02
1.554476147825901649e+02 6.328213403090250466e+01 1.056757890895821959e+02
1.555922904863791700e+02 6.339020630892552077e+01 1.057944718117131941e+02
1.557119067759461757e+02 6.350471878058085196e+01 1.058843703277200774e+02
1.557919447820925711e+02 6.354056397898762754e+01 1.059555986797366103e+02
1.558103649680004423e+02 6.351684804886775026e+01 1.058735181986413494e+02
1.557153946217985663e+02 6.335832166374038366e+01 1.056933610086319391e+02
1.556745451228209731e+02 6.326832955404383796e+01 1.056015941730227468e+02
1.557647078336733557e+02 6.333225759826745360e+01 1.056522887803675985e+02
1.559455166253195841e+02 6.351964875117584342e+01 1.058221648812781837e+02
1.559037951648789146e+02 6.343086506633304822e+01 1.057622175306904353e+02
1.556895675023753824e+02 6.320890822368654938e+01 1.054841234299362327e+02
1.557305200728846160e+02 6.325110239149648095e+01 1.054996066695574086e+02
1.558730075799041401e+02 6.339384580024974269e+01 1.056199160263199701e+02
1.560209934200082103e+02 6.358198925686610181e+01 1.057771166982989683e+02
1.560582733267462459e+02 6.364121510673234638e+01 1.058025635193122866e+02
1.560933970244315105e+02 6.374691555479732585e+01 1.059029777010072593e+02
1.561850122145688715e+02 6.388734637010499284e+01 1.060049261083743772e+02
1.562089828616922205e+02 6.392314062511106698e+01 1.060630548980302734e+02
1.561170122524802366e+02 6.382381994943571613e+01 1.059698995585695087e+02
1.560413553787938099e+02 6.373336342548164879e+01 1.058932475114741152e+02
1.562996905484590116e+02 6.392146778599980905e+01 1.060758310290329973e+02
1.564741894668003113e+02 6.404655397512540560e+01 1.061883353829166623e+02
1.564685655523093999e+02 6.401594646914844589e+01 1.061268206342097926e+02
1.564017325495157991e+02 6.388856427280072836e+01 1.060198963597978405e+02
1.563831844127410591e+02 6.382960261777995470e+01 1.059789189099533928e+02
1.561687174347272844e+02 6.361182313399061883e+01 1.057954894949968860e+02
1.560335669621383943e+02 6.346370697355919077e+01 1.057295201605546424e+02
1.561836568831642751e+02 6.365922182178339739e+01 1.059295298753426806e+02
1.563446996353400209e+02 6.386302385809774762e+01 1.061177598172672134e+02
1.562380561419970206e+02 6.377482424526759530e+01 1.060614602511154203e+02
