1.331935720787818695e+02 5.051072699437272462e+01 8.822684438099966542e+01
1.331797974077292395e+02 5.049531275860642410e+01 8.821204562851704623e+01
1.331789000434458785e+02 5.049441539432307025e+01 8.821114826423369948e+01
1.328151416645978031e+02 5.012990447078782097e+01 8.784461245241641336e+01
1.322440042101125357e+02 5.014435539763323391e+01 8.763344996482952354e+01
1.312994675293776936e+02 5.045587527929493632e+01 8.675069177217808658e+01
1.308721126593015640e+02 5.081098068727242634e+01 8.576420395771268090e+01
1.307941906653425974e+02 5.089401791625289917e+01 8.549024536577292110e+01
1.308230369186527753e+02 5.111400276191658065e+01 8.528580535211850133e+01
1.309340734649122737e+02 5.134803510840781371e+01 8.536741765971532914e+01
1.308814186113869482e+02 5.131441110145647144e+01 8.531535242883151682e+01
1.303959005710029828e+02 5.086561258689175702e+01 8.487754468718966905e+01
1.303042168363124915e+02 5.072135158060245175e+01 8.477404781115524202e+01
1.303017005958292032e+02 5.078419035501489276e+01 8.477862514481959977e+01
1.301039481442403201e+02 5.064418988952333933e+01 8.460742122848394331e+01
1.299890027619165949e+02 5.053663289266798841e+01 8.449094231007944700e+01
1.301110042204568060e+02 5.066116352201257911e+01 8.460044790632241529e+01
1.301606644116186828e+02 5.071804659053293562e+01 8.463155567279046920e+01
1.300408210236676609e+02 5.056442403177755551e+01 8.452495293363125484e+01
1.298746276067527390e+02 5.036980459698775547e+01 8.435481576878517274e+01
1.297857963008937361e+02 5.028062675852366681e+01 8.428037849635882139e+01
1.298105307120986538e+02 5.031752860187024368e+01 8.432056205519695880e+01
1.297303756516881776e+02 5.025427605718304847e+01 8.429109385344257532e+01
1.294684526026150309e+02 4.998633782274081483e+01 8.409857818189341572e+01
1.293921443127275666e+02 4.988003636006289554e+01 8.410190773957299371e+01
1.296398621110559475e+02 5.008980366600463441e+01 8.435828626696458343e+01
1.299363142895564351e+02 5.036919040673618042e+01 8.465239288522012373e+01
1.300557206326547544e+02 5.051310746648460537e+01 8.475429157356835219e+01
1.298919400136544198e+02 5.036336917618338305e+01 8.458177264357829017e+01
1.294066185141509493e+02 4.989348906612048751e+01 8.423698045969877057e+01
1.293541718387951107e+02 4.980811403508771917e+01 8.417951423369744646e+01
1.297415202954319682e+02 5.019868731380337579e+01 8.448290094339623124e+01
1.298296210381496110e+02 5.021172237048990183e+01 8.454729782149949813e+01
1.297053658246441614e+02 5.007041982166501271e+01 8.445252374006950902e+01
1.297464881247931032e+02 5.007773967643164781e+01 8.456270429907316100e+01
1.299490881537570317e+02 5.027387195878848303e+01 8.477734762909632593e+01
1.301096077457795559e+02 5.043194254799735177e+01 8.489941503227407793e+01
1.300758544356173445e+02 5.041887775157232454e+01 8.485439424031777378e+01
1.299708628144654199e+02 5.033950626861966526e+01 8.470243710691823935e+01
1.300289962450347616e+02 5.043401269240317930e+01 8.469149417618338305e+01
1.300910217022509130e+02 5.049775529625951975e+01 8.472730728649453624e+01
1.299620546797418115e+02 5.037006578947368496e+01 8.460763716484608210e+01
1.297676977304700472e+02 5.021729275281364124e+01 8.440000594794770450e+01
1.294501781798245474e+02 4.999570325430320850e+01 8.413539468512081498e+01
1.291853134827044016e+02 4.978261414887454350e+01 8.391774117634889762e+01
1.291456354994207345e+02 4.979106282067196076e+01 8.389872584616021811e+01
1.293578337057265912e+02 5.000238176514399413e+01 8.412925148957299371e+01
1.295292988145481559e+02 5.019614391964581301e+01 8.427736443851374304e+01
1.296622819947864969e+02 5.021838407191327036e+01 8.437292468346574026e+01
1.296016607704402475e+02 5.013973797997351767e+01 8.432581823071831195e+01
1.294376680941741142e+02 4.995697047749089847e+01 8.426199157977491438e+01
1.294000059479477045e+02 4.991382070299570017e+01 8.423400389978483815e+01
1.294601590946706438e+02 4.995174145564382684e+01 8.428826340615690071e+01
1.293794635468387924e+02 4.988642523171135679e+01 8.423625506868586399e+01
1.290170318189341288e+02 4.956940996358821394e+01 8.398669469960277922e+01
1.288819086705561006e+02 4.940858392295597667e+01 8.388481799280039297e+01
1.287949651915756419e+02 4.931695966774246642e+01 8.381788806479642062e+01
1.287965569141013020e+02 4.934674983449188801e+01 8.382506051390268453e+01
1.288600189299900762e+02 4.939488424776563846e+01 8.387251220622310655e+01
1.289571269343760207e+02 4.945639507820258274e+01 8.389596392957629689e+01
1.288727165052962675e+02 4.927222722194637328e+01 8.377613993710691886e+01
1.288202465553624734e+02 4.919078042245944715e+01 8.372564056810658428e+01
1.285925604104601234e+02 4.896480625206885406e+01 8.355785542866600224e+01
1.283731832898874643e+02 4.877880746234690434e+01 8.343472903219132775e+01
1.282852661577292395e+02 4.869609866352201522e+01 8.337801535087719174e+01
1.283368335712512476e+02 4.875273993503806480e+01 8.344719903384640247e+01
1.282888310472525575e+02 4.869057095125786105e+01 8.337452804328036393e+01
1.282456101559913861e+02 4.863303619455478355e+01 8.334280996565706801e+01
1.282042176121317425e+02 4.857790906363786831e+01 8.332138183755378691e+01
1.283918313989572937e+02 4.873980702788811925e+01 8.346968227615028013e+01
1.285603561527639727e+02 4.886742024577954169e+01 8.362038128930817038e+01
1.286511903653591560e+02 4.900701987131744630e+01 8.375859219836146963e+01
1.288314480925190253e+02 4.920948413190996007e+01 8.399737773088381232e+01
1.290585239262661332e+02 4.940582717850049477e+01 8.420577959491889430e+01
1.292527528653591560e+02 4.959706921342270647e+01 8.436483030246607484e+01
1.295699426928169373e+02 4.991588567527308840e+01 8.463540115028136768e+01
1.301132734918073481e+02 5.042377446416749365e+01 8.514633373675934536e+01
1.306036494538232375e+02 5.092784622227738822e+01 8.556265516385302305e+01
1.307200055341774316e+02 5.109723472153260815e+01 8.565298509392584947e+01
1.306278795825057841e+02 5.105797050852366681e+01 8.558203642212843931e+01
1.305508459016054417e+02 5.096924005916915235e+01 8.546570490938431419e+01
1.304585893536908259e+02 5.088557183051969446e+01 8.539180941741145148e+01
1.305450621689837760e+02 5.114765909467063665e+01 8.542174828285335764e+01
1.307224597091195051e+02 5.148207210981463078e+01 8.550853013282025472e+01
1.308191914411618768e+02 5.165566684251903240e+01 8.557193266923204078e+01
1.308099798804203999e+02 5.168399458995365592e+01 8.552201387164845414e+01
1.307171311238000726e+02 5.160089012330354308e+01 8.539091722525654404e+01
1.304581354994207345e+02 5.138227847773915613e+01 8.522731892378351404e+01
1.304087015888778467e+02 5.138832081678252450e+01 8.524334088464084402e+01
1.303850985807679592e+02 5.139763840615690071e+01 8.529600091029460884e+01
1.304206181727904550e+02 5.145258709864283020e+01 8.532547945630585673e+01
1.303813112897219355e+02 5.144371301928169515e+01 8.532058532977491438e+01
1.304212633958126446e+02 5.146439894695465256e+01 8.530328973229063649e+01
1.302110693892750817e+02 5.130651326133730805e+01 8.509923245614035636e+01
1.298855860538728848e+02 5.104570221987752632e+01 8.486375191368752269e+01
1.297788229787321939e+02 5.096365933258854852e+01 8.478006687562066190e+01
1.298034694637537143e+02 5.101955064548162966e+01 8.477135313224097501e+01
1.299139512992386756e+02 5.107430538315127677e+01 8.484404481132075659e+01
1.299872390661204804e+02 5.116297764606090936e+01 8.490997522550479459e+01
1.301449928624627717e+02 5.126760592519033111e+01 8.503732207878185534e+01
1.303051736800728122e+02 5.140421993958953806e+01 8.515863952333664599e+01
1.307220679203906002e+02 5.182456140350877405e+01 8.548382675438595868e+01
1.307473971263654278e+02 5.185339214043363398e+01 8.547962052093677698e+01
1.305079120634723608e+02 5.163388959574643877e+01 8.531656399991724982e+01
1.304545150095167116e+02 5.158848865235021464e+01 8.529884170183713366e+01
1.304676910067030917e+02 5.163048892130089484e+01 8.531858888819927245e+01
1.303813694761668387e+02 5.156603773584905781e+01 8.523516633565044742e+01
1.303933532977490870e+02 5.158128775653757003e+01 8.527797087057265912e+01
1.304317162673783628e+02 5.163835831471367044e+01 8.530896614324727523e+01
1.303855589001986175e+02 5.162353111552466345e+01 8.529485269778218992e+01
1.301606023460774679e+02 5.143088226166832300e+01 8.512861273171135679e+01
1.298896888447533797e+02 5.124664328864614049e+01 8.489882799569679150e+01
1.295757742676266275e+02 5.092006216898378312e+01 8.463720105097650048e+01
1.296263576837139908e+02 5.092243100380668608e+01 8.466926566120490349e+01
1.297248595767130155e+02 5.099856085526315752e+01 8.473962600339291384e+01
1.298973345436113789e+02 5.117662172087057115e+01 8.493646686734524565e+01
1.302829089601953001e+02 5.153467265599139324e+01 8.525763276853690797e+01
1.306950293259682212e+02 5.187960965946706438e+01 8.562723565251572211e+01
1.309173623179410697e+02 5.208576423369745356e+01 8.582005647964250272e+01
1.309173623179410697e+02 5.207370283018867951e+01 8.582647509102946515e+01
1.308896060906984360e+02 5.202105314879179332e+01 8.584957640268123669e+01
1.309716450988910879e+02 5.210300423080106214e+01 8.590352040921879961e+01
1.309652200223436012e+02 5.211616341857001089e+01 8.585116166004634408e+01
1.309032682679576283e+02 5.218601042701092041e+01 8.577194016881827565e+01
1.310447130503144706e+02 5.241746576050976358e+01 8.582633027143330651e+01
1.310255451423369664e+02 5.245298018040384136e+01 8.580887692403177880e+01
1.308335660791128703e+02 5.232469070671962896e+01 8.560825782025818853e+01
1.306629168735518078e+02 5.223754810079444155e+01 8.552352801224759560e+01
1.305896485021516185e+02 5.221463557183052018e+01 8.554580178334988716e+01
1.303944291004634124e+02 5.208300490317775910e+01 8.542507396143660969e+01
1.302825417390764642e+02 5.196412482414763190e+01 8.532931071044356486e+01
1.302530153508772059e+02 5.195826092353525638e+01 8.532576650943396146e+01
1.304536409198113347e+02 5.208877829154253902e+01 8.555138121689837760e+01
1.305035635964912331e+02 5.211210588381330666e+01 8.565969205147301579e+01
1.304778930300397235e+02 5.207664189217146600e+01 8.564688456843759923e+01
1.304973104932141723e+02 5.203926421300893423e+01 8.567820568520357938e+01
1.307928885820092546e+02 5.225373039763323391e+01 8.593137490690169500e+01
1.310579834388447580e+02 5.253097717022509272e+01 8.616118550355842842e+01
1.310768384330519609e+02 5.259986216277722804e+01 8.612260918363125484e+01
1.313135460629758313e+02 5.286961452126779193e+01 8.631358485393909064e+01
1.316925286018702366e+02 5.322299502441244812e+01 8.663018117965904707e+01
1.317546316410129066e+02 5.331240690168818475e+01 8.670925655825885769e+01
1.317051369579609457e+02 5.324713464084739911e+01 8.668177186775902499e+01
1.315724641054286792e+02 5.331080871400198617e+01 8.662054679741807206e+01
1.315026235621483011e+02 5.340033955023171330e+01 8.658349496234690434e+01
1.314304697844256964e+02 5.340023093553459432e+01 8.656502529170803939e+01
1.313435819058258858e+02 5.341837864117842116e+01 8.653811600049652952e+01
1.312523571975339394e+02 5.335002508482290295e+01 8.648530727615028013e+01
1.311119623572492685e+02 5.322443804824561653e+01 8.635319042742469264e+01
1.310920005275571043e+02 5.322158820547831937e+01 8.634613564424032006e+01
1.311190611035253255e+02 5.325886890723270284e+01 8.638816953202581317e+01
1.311210627172293925e+02 5.324876774040053107e+01 8.638289137495861780e+01
1.313746676907480833e+02 5.347442511792452535e+01 8.656591489779874848e+01
1.318418518288646055e+02 5.389906074147633319e+01 8.688981814796424885e+01
1.320850233262992504e+02 5.417630622103607863e+01 8.707665482249255717e+01
1.324154512164845983e+02 5.452440986014564572e+01 8.736852966732870129e+01
1.325497597546342377e+02 5.463130870365773006e+01 8.746020693685865410e+01
1.325843315541211496e+02 5.469393671383647870e+01 8.751864035087719174e+01
1.326928492738331613e+02 5.491981261378682433e+01 8.766438963712346322e+01
1.326897059127772138e+02 5.506804710774577671e+01 8.771705871400197907e+01
1.325465388116517715e+02 5.500686600049652242e+01 8.761867707298907249e+01
1.325470844712016003e+02 5.505772612545514733e+01 8.762466381165177154e+01
1.326373678521185013e+02 5.517056774453823209e+01 8.775386745903674068e+01
1.326694389275074570e+02 5.524075740648791566e+01 8.781023719380999637e+01
1.327286494538232375e+02 5.535855263157894512e+01 8.788706398957299371e+01
1.328102630544521787e+02 5.551538708209201900e+01 8.799260385633895964e+01
1.327883164204733646e+02 5.552897038439258637e+01 8.799655148336643151e+01
1.328272366869414043e+02 5.558092700057927971e+01 8.801904248386296103e+01
1.330126432679576283e+02 5.586731421714664236e+01 8.818305196954651137e+01
1.329189902453657623e+02 5.588051736800728264e+01 8.812407548204237173e+01
1.326843217270771333e+02 5.573648781446540568e+01 8.792260944223767183e+01
1.327726215967394978e+02 5.583569053086726086e+01 8.798163247889772265e+01
1.328631157418901125e+02 5.591281213795100768e+01 8.806441498055279737e+01
1.327659017088712403e+02 5.583461860724925430e+01 8.796022891840449631e+01
1.324150568416914950e+02 5.554686077664680255e+01 8.770024283142998911e+01
1.321956642047335322e+02 5.535759320175438347e+01 8.751820589208871581e+01
1.322224403136378612e+02 5.541065148129758455e+01 8.752980439010261193e+01
1.322944570299569591e+02 5.533824426928169515e+01 8.752069627192982182e+01
1.324062125020688541e+02 5.531720275777887963e+01 8.758692925562728249e+01
1.325123213029625902e+02 5.531765531901687893e+01 8.764549326588877420e+01
1.327136709698775121e+02 5.537741021185038193e+01 8.771830519695464545e+01
1.327407574064879157e+02 5.542459295349222259e+01 8.776017616269447785e+01
1.326065742924528195e+02 5.528996245034756640e+01 8.762093729311486356e+01
1.323625726684045105e+02 5.517542178707381595e+01 8.747849558300231365e+01
1.322688278405329356e+02 5.518787368627937440e+01 8.743734612917907612e+01
1.322630492800397235e+02 5.525175593760344128e+01 8.745288708209201900e+01
1.322295248365607279e+02 5.528078838753724256e+01 8.745031782729228098e+01
1.323052435038066790e+02 5.541094629261834115e+01 8.753513685451837034e+01
1.324817954009433834e+02 5.551061191451506005e+01 8.771188270647137131e+01
1.325625918052797090e+02 5.555573614904005098e+01 8.779181536535915598e+01
1.326090388116517715e+02 5.556120179576299023e+01 8.782691472194638038e+01
1.325577054369414043e+02 5.547504189424032006e+01 8.777402195051307388e+01
1.325089064051638559e+02 5.543200202747434702e+01 8.775807627855014914e+01
1.325970149060741505e+02 5.557649707257530736e+01 8.788862985145647144e+01
1.326070113373055221e+02 5.566800883399536559e+01 8.798494910625620946e+01
1.326297829257696037e+02 5.577035361842105488e+01 8.806987933424362325e+01
1.327740128992883228e+02 5.593228002937768650e+01 8.821681950306189890e+01
1.326436752627441251e+02 5.580720244745117498e+01 8.807743064175770087e+01
1.323512288977159983e+02 5.557527774329692249e+01 8.782037456554121491e+01
1.322119796838795196e+02 5.547402557100297571e+01 8.769281694803045468e+01
1.322720642999007055e+02 5.555283329195630415e+01 8.775023015971532914e+01
1.324622925976497925e+02 5.573970229228731910e+01 8.794354880420389975e+01
1.325131979787321939e+02 5.584288496151936698e+01 8.804141969753392516e+01
1.324640524143495668e+02 5.580382246151936698e+01 8.796071121938099679e+01
1.324818367779708694e+02 5.582207748882819942e+01 8.798834331554121491e+01
1.324713076175107460e+02 5.578649712429658791e+01 8.792902546756040749e+01
1.322619282212016003e+02 5.557346879137702444e+01 8.773661323857993466e+01
1.321576270791956347e+02 5.544982906115524912e+01 8.760874529336312833e+01
1.322298455085236810e+02 5.551290833953989079e+01 8.766351813348228461e+01
1.322583426431645250e+02 5.554795080271433250e+01 8.768793704485270268e+01
1.320945633171963038e+02 5.540359023295266638e+01 8.754331011047666777e+01
1.320644330830023137e+02 5.539733454361138598e+01 8.749536447989076748e+01
1.322155652619165949e+02 5.550736640392253918e+01 8.762074463133068036e+01
1.322963164101290943e+02 5.555602449520026198e+01 8.769584781529295014e+01
1.324784800666170099e+02 5.569296047459450705e+01 8.781366760799404858e+01
1.325898670245779556e+02 5.577066911825554740e+01 8.793224123841443429e+01
1.325532302528136483e+02 5.570835272881496536e+01 8.791852733987090573e+01
1.324485605966567334e+02 5.561474625537901062e+01 8.780240659136048009e+01
1.323564837802052239e+02 5.558461602118503464e+01 8.778370158887786090e+01
1.323179734049155911e+02 5.561207355801059293e+01 8.778701304410790840e+01
1.322461532294769881e+02 5.561741895274743541e+01 8.775936025943396146e+01
1.323018117965905276e+02 5.569513923369745356e+01 8.783088950264813377e+01
1.323689486097318877e+02 5.573962471036080757e+01 8.790178903922542020e+01
1.323940592932803781e+02 5.574701826795762827e+01 8.790594743048659154e+01
1.323531645667825103e+02 5.570295044066534018e+01 8.787066187727573663e+01
1.324172705126613607e+02 5.574892031818934157e+01 8.790772017750744283e+01
1.325338877855014914e+02 5.587179328037073844e+01 8.802958457464416142e+01
1.326085590967394978e+02 5.594253377399867588e+01 8.809750625827540205e+01
1.325180921052631504e+02 5.587022353939092767e+01 8.802087729642502723e+01
1.324676211829692249e+02 5.584717782811982545e+01 8.792484250868918139e+01
1.324014347484276755e+02 5.581256982373385966e+01 8.786294635468388492e+01
1.323613106690665404e+02 5.579127229187355397e+01 8.785077504344587851e+01
1.324586216794935467e+02 5.590143862752400139e+01 8.794055026274412512e+01
1.326297234462926156e+02 5.609485554245283367e+01 8.816745153715656613e+01
1.327286378165342740e+02 5.619741884930486719e+01 8.830679643536907975e+01
1.327996640702581885e+02 5.625904993172790114e+01 8.838637221739490712e+01
1.328722484276729574e+02 5.633892699023502360e+01 8.847976146143660969e+01
1.329595914535749728e+02 5.642718806893412875e+01 8.853270983325057841e+01
1.328250514626779193e+02 5.632617381454816297e+01 8.840008870200264823e+01
1.326596157625786248e+02 5.618617981421714802e+01 8.826924936900033458e+01
1.323170514730221896e+02 5.589197233945713350e+01 8.790015206057596231e+01
1.321361795556107381e+02 5.571442092850049477e+01 8.773501634392584947e+01
1.319906151729559838e+02 5.555861573154584221e+01 8.760006258275404889e+01
1.320626913687520698e+02 5.559685586312479444e+01 8.764639709533267364e+01
1.320993281405163771e+02 5.558625041377027287e+01 8.771403043280371037e+01
1.319735613724760128e+02 5.544748867303872686e+01 8.756927419521682054e+01
1.317352167639026845e+02 5.520868891716319382e+01 8.738116905619000363e+01
1.316192615235021606e+02 5.510706305858987264e+01 8.729306831347236084e+01
1.316234056914101416e+02 5.505298716277722804e+01 8.723431681355511103e+01
1.316641737007613244e+02 5.500340843263819579e+01 8.719304969380999637e+01
1.317094634433962312e+02 5.500961498675935246e+01 8.720152681231380143e+01
1.317265004344587851e+02 5.499172459450512918e+01 8.720056738248923978e+01
1.317195697823568423e+02 5.496581481711353945e+01 8.718247527722608936e+01
1.314250636171797453e+02 5.465915415011585310e+01 8.693498375951671164e+01
1.312463833891923173e+02 5.447214679534922510e+01 8.678178402226083676e+01
1.314413648729725139e+02 5.467662947906322302e+01 8.695116864241973076e+01
1.314166084802217824e+02 5.464222189465408519e+01 8.693288516840449631e+01
1.311942134227077190e+02 5.444090584657398324e+01 8.675971842932803213e+01
1.312714177838464025e+02 5.442179483200926882e+01 8.684639295762993072e+01
1.315296350028963843e+02 5.463990736717974528e+01 8.710393521391922889e+01
1.315685707857497562e+02 5.464141245655412149e+01 8.714194518578285908e+01
1.315668601042701198e+02 5.462624389688844673e+01 8.713978970125786816e+01
1.316421106938927608e+02 5.469911789349553288e+01 8.721714793321747550e+01
1.319272022922873191e+02 5.496735352532274277e+01 8.742918063141344476e+01
1.320364919521681486e+02 5.506551535087719174e+01 8.748324747600132412e+01
1.319634278798411060e+02 5.496939910211850133e+01 8.739473166997683506e+01
1.318242691782522229e+02 5.483704950761337216e+01 8.726486986924859934e+01
1.317569125496524407e+02 5.485317620407150230e+01 8.724011089043362688e+01
1.318351526295101053e+02 5.495427967767295740e+01 8.735297837015889399e+01
1.316938397364283446e+02 5.485732813017212806e+01 8.723802522964250272e+01
1.315395279915590834e+02 5.472144467891426700e+01 8.713960350463422344e+01
1.314919340657067153e+02 5.469373758689175702e+01 8.709595591277722804e+01
1.315035454940417026e+02 5.472870376117180058e+01 8.709763168238993103e+01
1.315434122600132412e+02 5.473935834574643877e+01 8.713597267047335038e+01
1.315956171383647870e+02 5.470880658308507094e+01 8.714650053790136042e+01
1.314012524309003709e+02 5.445970782646474362e+01 8.696250594794770450e+01
1.311388664763323391e+02 5.416290911535915598e+01 8.668005989324727523e+01
1.310611966236345722e+02 5.406032770605759907e+01 8.657274340036411786e+01
1.312863523047004435e+02 5.428263871648460537e+01 8.680011792452830832e+01
1.315240103132240961e+02 5.449826087181396872e+01 8.706443825513075296e+01
1.314945692651439799e+02 5.451645512661370674e+01 8.709243110724925430e+01
1.313844934417411423e+02 5.441570723684210265e+01 8.700858314713670438e+01
1.312753007592684469e+02 5.430828342229393968e+01 8.690948645936775563e+01
1.313763408742966021e+02 5.440367298700761012e+01 8.693711596946374698e+01
1.315747178603939176e+02 5.455508446085732999e+01 8.709110574933797011e+01
1.316033636937272320e+02 5.456268490359152423e+01 8.713128542907978158e+01
1.316105930362462857e+02 5.456826433714002178e+01 8.712708436775902499e+01
1.314936680217643072e+02 5.453571483987090573e+01 8.704296099180734814e+01
1.314708602284011931e+02 5.455935534591194624e+01 8.700534539473683537e+01
1.315124958622972429e+02 5.464141116352201522e+01 8.705817868669315374e+01
1.314516587015888831e+02 5.459872300148957436e+01 8.701376303376365229e+01
1.313878398088381232e+02 5.453948920059583116e+01 8.694209285004964727e+01
1.314457482518205893e+02 5.457760908018867951e+01 8.699378180858987264e+01
1.314244494269281631e+02 5.447998515599139324e+01 8.695305129716980730e+01
1.314031544811320771e+02 5.440166749420721715e+01 8.691348839374379054e+01
1.314618671900860534e+02 5.442054446996027650e+01 8.699408179203905433e+01
1.314227749503475593e+02 5.436213691658391411e+01 8.698993503806686078e+01
1.312975551348891088e+02 5.428317661784177517e+01 8.691229880420389975e+01
1.313323208891923173e+02 5.437228851166832300e+01 8.694805502110227735e+01
1.312838903715657182e+02 5.436964167494207345e+01 8.693054348725587488e+01
1.309755953119828007e+02 5.412318458291956347e+01 8.670223797997351767e+01
1.310480529522509130e+02 5.419440349842767546e+01 8.676991657356835219e+01
1.311949207112710951e+02 5.422834559127772280e+01 8.687529093222443066e+01
1.312537562582754163e+02 5.421750739614365955e+01 8.691256387578616227e+01
1.312523222856669918e+02 5.416415818437603491e+01 8.691912342767295740e+01
1.312652629510095892e+02 5.417076040632240819e+01 8.692452830188679513e+01
1.313025591691492764e+02 5.420608345746441614e+01 8.694939330933465271e+01
1.312265224160046273e+02 5.414194001365441977e+01 8.689708628144654767e+01
1.310737416211519246e+02 5.397827964664018197e+01 8.678353090863951991e+01
1.309986901584740053e+02 5.385871167452830122e+01 8.671343434500165870e+01
1.308551183382985812e+02 5.372684179493545287e+01 8.655209367759020722e+01
1.307690683445051434e+02 5.362742443520357227e+01 8.650917406281033095e+01
1.308765826713008948e+02 5.375105770026481622e+01 8.661254034260178969e+01
1.309057495965739690e+02 5.376856923411121869e+01 8.664490105718304847e+01
1.308097600649619210e+02 5.360639456098974165e+01 8.655643180031447059e+01
1.308534244662363335e+02 5.366251086146971261e+01 8.657552859152598046e+01
1.309898070278881050e+02 5.380559650157232454e+01 8.672594313761999274e+01
1.309790296052631504e+02 5.383216701837140050e+01 8.674018847236014551e+01
1.309535478214995123e+02 5.383411820382323754e+01 8.675192273874544924e+01
1.310847414452995565e+02 5.402108547459450705e+01 8.687695635758026924e+01
1.311982192361800799e+02 5.414764616434955258e+01 8.694674259351208434e+01
1.313178143619662421e+02 5.427536928997020738e+01 8.704255368669315374e+01
1.313855886399371116e+02 5.433659565334326658e+01 8.709717524205561290e+01
1.313152373489738522e+02 5.430117691782522371e+01 8.702874798286991620e+01
1.313472295494041759e+02 5.431447963215822483e+01 8.702545333705727160e+01
1.314194867696954532e+02 5.437012656198278648e+01 8.708436646598808295e+01
1.314787942734193962e+02 5.446924652432969083e+01 8.716005151439919985e+01
1.312476014254386030e+02 5.429288599594504916e+01 8.696878749793114594e+01
1.310356799280039581e+02 5.412315872227738822e+01 8.676965150198610388e+01
1.310824488993710588e+02 5.418835340119165522e+01 8.681301462677920711e+01
1.311873926783349873e+02 5.430869202044025457e+01 8.690986143867924341e+01
1.311797715470870571e+02 5.429975458250579123e+01 8.693250501696458343e+01
1.311039765909467008e+02 5.423130146267791929e+01 8.684210914225421618e+01
1.310234232766468097e+02 5.415434277763985449e+01 8.675807498551803576e+01
1.311081698940748197e+02 5.420985911122144785e+01 8.681523346987752632e+01
1.311470526626117135e+02 5.426279196665011284e+01 8.684026527846739896e+01
1.310832467001820589e+02 5.420290389150943611e+01 8.675545271640184808e+01
1.309837401212346890e+02 5.412922174983449253e+01 8.668945894364448179e+01
1.310008973642833610e+02 5.414479373551804287e+01 8.671315634309830500e+01
1.310175412735848965e+02 5.416381682389937424e+01 8.670950223435949056e+01
1.309776266654253618e+02 5.414503036039391048e+01 8.668212745158888310e+01
1.308868739138530373e+02 5.408468972401522734e+01 8.661913092725919228e+01
1.309628705830023137e+02 5.416041744248592948e+01 8.669643614490234995e+01
1.311519907522343544e+02 5.435125217229393968e+01 8.690869900281363414e+01
1.312653431190003346e+02 5.442639026812313574e+01 8.702227635716650411e+01
1.313394209285004877e+02 5.449219525819265186e+01 8.709060534591195335e+01
1.313448426121317425e+02 5.448494005503144422e+01 8.709422454278384862e+01
1.313544731152763916e+02 5.448904672500827218e+01 8.708221227449520541e+01
1.314690073133895964e+02 5.463434215698444518e+01 8.715882701299238988e+01
1.314986255068685921e+02 5.472638794066534018e+01 8.718370236469712609e+01
1.314294301866104036e+02 5.469709817734194246e+01 8.711916196002978552e+01
1.312143575699271878e+02 5.448856830312810473e+01 8.691062691368752269e+01
1.311109253454981740e+02 5.436392517999006913e+01 8.679651165797749002e+01
1.313021777246772501e+02 5.451194890971532914e+01 8.696231716525984723e+01
1.314014670742303963e+02 5.461196752937768650e+01 8.709077990524660606e+01
1.314149559851870208e+02 5.466008901233035289e+01 8.713691529088050913e+01
1.315593217270771333e+02 5.481210174611055663e+01 8.726853690830850496e+01
1.316093155205230119e+02 5.492496793280371037e+01 8.731790487421383773e+01
1.315015412942734088e+02 5.485626137868255370e+01 8.723574820009930875e+01
1.313045051824726954e+02 5.468412647922873049e+01 8.706302109193975980e+01
1.311020435079443871e+02 5.449409084326381958e+01 8.689220249917245553e+01
1.311667882116848602e+02 5.457878961850380506e+01 8.696524329692154254e+01
1.312224933279543109e+02 5.459823294232042201e+01 8.701952090574313559e+01
1.311934880316948124e+02 5.446962538273750454e+01 8.700013059624296829e+01
1.312584305693478939e+02 5.444227646060907233e+01 8.706812986180072755e+01
1.312887444141013020e+02 5.443598715243297193e+01 8.709650933051969446e+01
1.311744377896391995e+02 5.430069461684872323e+01 8.701041666666667140e+01
1.310873016488745577e+02 5.426029382861635497e+01 8.695278234649123306e+01
1.310851319409963480e+02 5.430531720663687167e+01 8.696269473063554756e+01
1.310533673142171551e+02 5.423778472567030917e+01 8.690423933507116772e+01
1.310941211002151476e+02 5.431474341070837397e+01 8.690850116890102584e+01
1.312632678024660606e+02 5.447054602159880687e+01 8.706444084119496551e+01
1.313044586333167842e+02 5.450785258399536559e+01 8.705100106545845051e+01
1.311746420887123463e+02 5.434472494620986538e+01 8.694905453492221170e+01
1.307715354497682938e+02 5.393966065665342313e+01 8.659181433093345959e+01
1.303253941161866862e+02 5.347077488828202263e+01 8.623892647302217540e+01
1.295923729208043653e+02 5.272093651729559838e+01 8.559410558382985812e+01
1.291451195796093998e+02 5.228330850711684974e+01 8.522181448609731547e+01
1.293240428976332339e+02 5.233397338422707890e+01 8.534875791335650774e+01
1.295768216236345722e+02 5.245184748427672616e+01 8.553095777474345596e+01
1.296359623262164860e+02 5.246473384227077474e+01 8.554347432555445607e+01
1.298045349222111895e+02 5.260666221863621672e+01 8.566974408308507805e+01
1.297906994786494579e+02 5.259436031115524912e+01 8.567097763571665325e+01
1.297935053583250635e+02 5.256516623220787920e+01 8.567008027143330651e+01
1.300781353442568786e+02 5.271535191161866862e+01 8.589013881992717359e+01
1.302828391364614333e+02 5.283650514109566387e+01 8.605827566410128782e+01
1.302978990814299891e+02 5.279003227408143317e+01 8.603585060824229913e+01
1.305693763447533797e+02 5.302636492469380869e+01 8.630939930900363777e+01
1.308207185120820952e+02 5.331251810244952338e+01 8.657738021350546376e+01
1.308341479435617316e+02 5.336325151026150593e+01 8.663191254965242649e+01
1.307207089436444960e+02 5.321482047542204441e+01 8.651243508978815555e+01
1.307675218781032811e+02 5.323099889316451794e+01 8.654536603152929786e+01
1.308613313575802692e+02 5.337517197327044016e+01 8.660160517005958525e+01
1.307854497682886574e+02 5.336662115193644240e+01 8.654929297004302668e+01
1.306024818458292032e+02 5.323320739200595852e+01 8.637582624751738081e+01
1.304903656177590108e+02 5.314425195506454713e+01 8.629097748055279737e+01
1.306096155039722078e+02 5.327410729063224437e+01 8.637490172955975254e+01
1.306676299755875448e+02 5.335209393619662421e+01 8.642699928624627148e+01
1.306012844980966463e+02 5.333917395936775563e+01 8.642083669521682054e+01
1.305987230014895601e+02 5.338695796094008728e+01 8.646270119579610025e+01
1.306745670928500545e+02 5.347595736097319019e+01 8.658492376282687530e+01
1.306975313430983192e+02 5.354330623138033474e+01 8.662047438761999274e+01
1.306511489883316699e+02 5.349817553169480533e+01 8.658239847111883591e+01
1.306888770791956347e+02 5.349107937148295377e+01 8.655608268164515096e+01
1.308153162239324843e+02 5.361976580602449616e+01 8.660069616848726071e+01
1.309712882220291306e+02 5.373410475628930527e+01 8.671347572202913057e+01
1.308681236552466203e+02 5.364541956305858861e+01 8.665346739490234995e+01
1.307274960691823935e+02 5.355064806769281915e+01 8.652431417576961792e+01
1.307521063493048530e+02 5.358127870531281189e+01 8.650167447658060382e+01
1.308046008668487161e+02 5.369783520564382684e+01 8.648394183424362325e+01
1.308995430424528195e+02 5.383030893123137872e+01 8.649745660584243012e+01
1.310342627648129792e+02 5.398022695299570017e+01 8.658183858821581680e+01
1.311460815954981740e+02 5.414270678169480533e+01 8.670155267295596957e+01
1.310910462698609820e+02 5.401758652970870855e+01 8.674395248882819942e+01
1.307637449313141360e+02 5.367864790218470716e+01 8.655163077209533640e+01
1.304411631599635939e+02 5.333260277019198980e+01 8.630966179452168774e+01
1.306330620551969446e+02 5.346801426473022190e+01 8.648911654874213184e+01
1.307544958726415132e+02 5.359202380213505279e+01 8.661177874668983634e+01
1.307337129675604217e+02 5.352797087057265912e+01 8.658731328616352130e+01
1.308594331864448748e+02 5.362292726952995991e+01 8.662304105635551821e+01
1.310504825595829175e+02 5.373191565292949434e+01 8.673428190168817764e+01
1.310191937686196582e+02 5.372569875455147326e+01 8.669814682638198633e+01
1.309794485476663226e+02 5.370911949685534381e+01 8.660527091608739170e+01
1.310230043342436375e+02 5.377826438886130234e+01 8.664174347277391064e+01
1.310212690851539321e+02 5.379023528012247368e+01 8.665178774619330682e+01
1.310121506227242776e+02 5.382258435741476177e+01 8.662011621772592207e+01
1.313219378413604659e+02 5.416164582298907959e+01 8.691907041335650774e+01
1.314052685886295819e+02 5.425622336353856667e+01 8.700343041418403800e+01
1.312108689692982466e+02 5.405144586850380506e+01 8.683752146433300823e+01
1.308862506723766899e+02 5.371446101249586036e+01 8.656230475215160425e+01
1.306071962408970535e+02 5.343967100091029465e+01 8.631204355966566766e+01
1.308025617552135031e+02 5.361291790797749002e+01 8.644304452168155706e+01
1.310748911266964569e+02 5.389807933010592222e+01 8.666493271060906523e+01
1.310827333664349510e+02 5.395442837636544198e+01 8.669158598146309203e+01
1.311052657439589666e+02 5.398629385964912331e+01 8.675125941327374335e+01
1.312143562768950744e+02 5.410158060244952338e+01 8.684584729808010195e+01
1.311891330995531177e+02 5.404542551100628600e+01 8.680579045638860691e+01
1.311520993669314805e+02 5.403885820092684611e+01 8.676567413522012373e+01
1.312455248158722156e+02 5.416358795721615138e+01 8.687334879799735177e+01
1.311724788459947035e+02 5.417306329650777741e+01 8.686636642461105851e+01
1.310470456802383410e+02 5.410057203740483089e+01 8.682595529212181873e+01
1.309641765454319682e+02 5.406088241683217177e+01 8.677196215036411786e+01
1.308940786887619936e+02 5.399787554824561653e+01 8.669905582795432508e+01
1.307522317734193962e+02 5.377250910294604580e+01 8.650033618834822846e+01
1.304071383130585957e+02 5.336581042080437243e+01 8.608609137082092388e+01
1.299709184148460679e+02 5.284931391716319382e+01 8.568627291252896327e+01
1.297207645440251440e+02 5.260040394323071666e+01 8.545229228732208071e+01
1.296919894074809747e+02 5.259892471449850859e+01 8.542251892999007623e+01
1.296535579071499455e+02 5.247180414184045105e+01 8.544525819265143696e+01
1.295461677114366239e+02 5.229109902557100042e+01 8.539276238207547465e+01
1.292062657749917207e+02 5.187236350753062197e+01 8.516637832050645329e+01
1.290571390888778467e+02 5.165563710278053833e+01 8.502862514481959977e+01
1.290963231338960497e+02 5.165006930652101858e+01 8.501242086643495099e+01
1.291479112359318151e+02 5.144490260882157884e+01 8.496319384102946515e+01
1.292808323506289412e+02 5.137892952457795559e+01 8.498121095043032369e+01
1.293839464891592286e+02 5.139918357952664962e+01 8.500651817485932327e+01
1.295081512744124552e+02 5.142746348477325569e+01 8.510485197368420529e+01
1.294046931893412875e+02 5.131703595663687167e+01 8.510056427921217903e+01
1.293669883730552783e+02 5.123328109483614412e+01 8.507042628682555119e+01
1.295641512020026482e+02 5.137276176142005824e+01 8.527490250537901773e+01
1.296837023646971261e+02 5.152380601415094219e+01 8.540360833540218266e+01
1.297061830209367770e+02 5.154775296880172419e+01 8.540877529170803939e+01
1.297634333105759765e+02 5.156086172831843584e+01 8.544219499958623487e+01
1.296735339601953001e+02 5.147785165301224453e+01 8.534917168363125484e+01
1.296701863000662058e+02 5.150677031612048751e+01 8.531422231876861417e+01
1.298574807079609457e+02 5.167013069968553651e+01 8.548524521060906523e+01
1.298953962884806401e+02 5.171169780287983997e+01 8.554727842601786847e+01
1.298530908639523318e+02 5.166770367841774458e+01 8.549499855180404495e+01
1.297660077375041396e+02 5.164413946127110222e+01 8.539550231711353945e+01
1.298069632365110806e+02 5.169335484938761738e+01 8.541952426762661332e+01
1.299043763964746745e+02 5.184204707671300838e+01 8.547643966194968357e+01
1.299419622538066790e+02 5.190525048618007276e+01 8.547909037777226615e+01
1.299684241559086502e+02 5.192872289804700614e+01 8.549378051555775926e+01
1.299901044252730742e+02 5.199793502772261178e+01 8.545868633109897416e+01
1.300026765764647507e+02 5.200659187768950886e+01 8.540447854601124789e+01
1.301162022095332702e+02 5.211339632985766457e+01 8.548915663273750454e+01
1.301231393267957515e+02 5.210011301100628600e+01 8.550168999296590755e+01
1.299950955292121932e+02 5.200628284301555482e+01 8.539042458002316494e+01
1.298779287177259221e+02 5.191671192279046920e+01 8.526496426059252087e+01
1.299235080995531177e+02 5.196486443851373593e+01 8.531331848932472894e+01
1.298723389399205530e+02 5.192655836229724997e+01 8.524250041377027287e+01
1.298522814258523681e+02 5.189007675438596578e+01 8.520342498344919591e+01
1.299527668301059293e+02 5.196769359276729716e+01 8.537891400819265186e+01
1.300614461788315168e+02 5.208021841898378312e+01 8.552591624255212821e+01
1.298507789225422187e+02 5.188252286080768272e+01 8.538329609400859965e+01
1.297565065375703455e+02 5.180328068106587125e+01 8.531861086974511466e+01
1.298924029191492764e+02 5.189679405619000363e+01 8.546358433672625665e+01
1.300890175024826192e+02 5.204934210526315752e+01 8.559517492138364503e+01
1.302394333416087306e+02 5.215093305196954532e+01 8.570485507696126604e+01
1.302492694368586683e+02 5.213857295804369585e+01 8.566494564093015640e+01
1.300190398977987343e+02 5.186749653467394694e+01 8.550504929038397961e+01
1.298999749151770970e+02 5.176429964208871581e+01 8.541165358118172435e+01
1.299503967022509130e+02 5.179119600297914872e+01 8.544133254716980730e+01
1.300197420142336853e+02 5.188328574975173524e+01 8.548495686444886132e+01
1.299858736242138377e+02 5.186060984566368859e+01 8.547534575678582769e+01
1.298305959843594906e+02 5.172049947244290280e+01 8.528195470249917776e+01
1.297236014564713571e+02 5.163283836064216814e+01 8.516551069596160062e+01
1.297831442920390543e+02 5.167018500703409245e+01 8.523300826506124395e+01
1.299101071147798621e+02 5.169382939217146600e+01 8.535300940292948724e+01
1.298746405370738159e+02 5.154268816203244086e+01 8.540002275736510740e+01
1.297972176535087669e+02 5.140997005337636239e+01 8.535830049031777378e+01
1.298427155743131323e+02 5.141674166252896327e+01 8.542734452581926519e+01
1.300207725608242413e+02 5.158072787363455802e+01 8.556343486221449268e+01
1.301235569761668387e+02 5.168233821582257548e+01 8.559754117014233543e+01
1.299889329381827281e+02 5.157028793238993813e+01 8.543876070630585673e+01
1.298806427921218187e+02 5.151484918073485630e+01 8.526609307762331014e+01
1.300855728649453908e+02 5.171688803376365229e+01 8.543343729311486356e+01
1.301424714498510298e+02 5.177981990648791566e+01 8.552092643164515096e+01
1.300810834574644161e+02 5.171469763737172798e+01 8.547469277557100042e+01
1.300104787322078721e+02 5.169342984524991635e+01 8.541754075637206256e+01
1.300901902826051071e+02 5.175265459491890141e+01 8.547393635178748639e+01
1.302015979290797816e+02 5.187808905370738444e+01 8.556670881951340846e+01
1.302031767212843363e+02 5.190925759268453987e+01 8.555166956305859571e+01
1.300890743958954090e+02 5.186780039721946167e+01 8.544400912363455802e+01
1.298315476559913861e+02 5.164408644695465256e+01 8.520688125827540205e+01
1.298731147591857109e+02 5.168786722111883591e+01 8.519207991972857030e+01
1.299182247703575115e+02 5.171423085278053833e+01 8.523066529088050913e+01
1.297460898709036883e+02 5.154894126530950160e+01 8.508481773419397598e+01
1.297239764357828449e+02 5.151143816203244086e+01 8.511877534342933416e+01
1.297986154212181305e+02 5.151136316617014188e+01 8.519770978152929786e+01
1.297837636544190616e+02 5.147761502813637691e+01 8.513740793611387403e+01
1.296568266923204362e+02 5.135775870986428515e+01 8.504045638861303757e+01
1.295309086395233464e+02 5.115912828947368496e+01 8.491849501406818490e+01
1.296069673742138377e+02 5.120339653674280100e+01 8.499293487255874879e+01
1.297315755854849328e+02 5.125962921011254281e+01 8.511771376406818490e+01
1.296558970022343544e+02 5.118962962388282278e+01 8.503381925479973802e+01
1.294788007385799347e+02 5.096721775695134227e+01 8.485453776688183325e+01
1.295205721408474062e+02 5.097276098560079305e+01 8.488659849801389612e+01
1.296548199064879157e+02 5.111196365028136057e+01 8.501896878103276833e+01
1.296470617138364787e+02 5.107164432307182977e+01 8.499755099718636586e+01
1.295132548721449837e+02 5.093434370862297556e+01 8.484276341650115683e+01
1.294750703409467008e+02 5.083530650033101495e+01 8.481190520523006171e+01
1.296475672893909348e+02 5.095559598435948345e+01 8.497548281818933447e+01
1.297286675562727680e+02 5.100076547500827218e+01 8.506103628765309566e+01
1.295927297976663226e+02 5.083291309789805013e+01 8.497698532149949813e+01
1.295658877441244670e+02 5.077279874213836308e+01 8.497391954237006928e+01
1.296014228525322665e+02 5.081437231049321213e+01 8.500669014812976343e+01
1.296779975070340925e+02 5.092367619372724619e+01 8.506267973146309203e+01
1.296811615566037688e+02 5.094443323816616953e+01 8.502825016550811199e+01
1.296491654770771333e+02 5.093631687562065480e+01 8.495148931438265549e+01
1.297299011089043290e+02 5.103223787653094945e+01 8.499965863952333223e+01
1.297619812355180500e+02 5.109885489076464893e+01 8.499165994289970172e+01
1.297167574375206982e+02 5.102135701133730805e+01 8.497021759144323028e+01
1.294152701919894071e+02 5.072107487173121143e+01 8.469256868586560927e+01
1.293118121069182394e+02 5.059305176266136783e+01 8.460322533929162603e+01
1.294306249482787052e+02 5.067586659011916339e+01 8.467563643040384136e+01
1.294171735352532266e+02 5.067710660791128419e+01 8.466673907646475072e+01
1.292861234380171993e+02 5.054872791501158247e+01 8.453471920514729732e+01
1.292581642047335322e+02 5.042705230056272825e+01 8.450548504220456891e+01
1.292957694575471805e+02 5.037182560617345217e+01 8.453065649826216088e+01
1.292423840408804949e+02 5.027968543114862854e+01 8.449207371317444881e+01
1.292253806686527753e+02 5.023698692485931616e+01 8.448530081098974165e+01
1.292469820630585957e+02 5.031927807431313937e+01 8.444073516633565646e+01
1.293312929286660165e+02 5.043042194223767183e+01 8.440636120076133864e+01
1.292946690872227862e+02 5.036891757696127314e+01 8.432913615110889793e+01
1.290947585650446854e+02 5.017869445134061834e+01 8.411651770936775563e+01
1.288243674486924988e+02 4.989895471284342676e+01 8.390257003061900321e+01
1.287892913666832158e+02 4.983564656777556934e+01 8.392265987048990894e+01
1.289452439692982466e+02 4.996516183589871218e+01 8.412527541583912694e+01
1.289988543735518078e+02 4.997202654336312833e+01 8.418307265806024020e+01
1.289345570589208876e+02 4.988007127192982182e+01 8.416295307845084039e+01
1.290744592539722078e+02 5.000653369124461989e+01 8.426290575347566403e+01
1.293212577064713571e+02 5.015068608283680618e+01 8.440700125165507473e+01
1.294144568747931032e+02 5.018963996813968720e+01 8.447377601580602402e+01
1.293238735104270063e+02 5.004538284094670786e+01 8.440394064465408519e+01
1.291501843863786689e+02 4.988486454195630415e+01 8.424787037611717722e+01
1.294739492821085776e+02 5.014836896929824661e+01 8.451653658763653709e+01
1.295896691906653473e+02 5.021420628517047646e+01 8.467060007034095293e+01
1.293791402888116409e+02 5.000870727821913420e+01 8.454690861883482000e+01
1.293860722339457254e+02 4.998541589084739911e+01 8.452241471160212427e+01
1.296653348435948487e+02 5.021639926762661332e+01 8.477849584160874485e+01
1.298598430776233101e+02 5.041621927755709720e+01 8.497394023088381232e+01
1.297884082257530736e+02 5.037204930072823572e+01 8.488510633896061108e+01
1.294716890619828007e+02 5.010637904460443792e+01 8.461216148419397598e+01
1.291390087098642709e+02 4.978857114779874138e+01 8.429551214415756988e+01
1.292671869827871660e+02 4.992848756620324480e+01 8.439222318768619857e+01
1.295139194906487887e+02 5.016399655536246627e+01 8.460448087346904344e+01
1.297147390143992141e+02 5.033104725256537648e+01 8.471217105263157521e+01
1.298024815872227862e+02 5.039628330850711535e+01 8.474133668487256443e+01
1.297672542204568060e+02 5.036450575140681707e+01 8.464027329526646781e+01
1.295780034549817969e+02 5.014833147136709357e+01 8.440744734773254265e+01
1.294055362462760570e+02 4.997142140433631141e+01 8.425297397384971987e+01
1.294317408349884033e+02 4.998916697699437606e+01 8.433309282936113505e+01
1.295709538439258495e+02 5.015631206554121491e+01 8.451420007861635497e+01
1.295423868855511387e+02 5.014006253103276833e+01 8.457501267171465997e+01
1.295056983925024952e+02 5.012178422914598031e+01 8.453438301679906886e+01
1.296117309045018260e+02 5.023292680403839938e+01 8.459952985352532551e+01
1.297415435700099238e+02 5.028643247269116046e+01 8.467907718884475798e+01
1.298554467684541578e+02 5.030487628268785016e+01 8.472932441658390701e+01
1.299527008854683743e+02 5.039720136130420514e+01 8.478053107414763190e+01
1.301012935493214115e+02 5.050954257696127314e+01 8.488373572492551489e+01
1.302206365338464025e+02 5.059168502772261178e+01 8.498590207092021842e+01
1.301201058734690434e+02 5.057164820216815571e+01 8.490000594794770450e+01
1.298929834905660243e+02 5.040262692403177880e+01 8.469440479145977463e+01
1.299452685369083156e+02 5.050641861138695532e+01 8.473829288728897779e+01
1.300762061403508767e+02 5.065494662363455802e+01 8.479283298162860660e+01
1.300037368627937724e+02 5.056877379179079668e+01 8.474144529956967631e+01
1.298224356587222701e+02 5.039151460609070199e+01 8.454503372227739533e+01
1.296480651067527390e+02 5.019593574147633319e+01 8.437830757613373578e+01
1.294580708478152928e+02 5.004661768661039645e+01 8.419144762702747187e+01
1.294635183920887016e+02 4.996300893743793381e+01 8.415391995614035636e+01
1.296611880896226410e+02 5.010478085691823935e+01 8.427757649577954169e+01
1.297273977987421461e+02 5.011953306024495447e+01 8.430166697699436895e+01
1.297553531529295014e+02 5.010035739407481259e+01 8.430312293114862143e+01
1.298729673535253255e+02 5.021464074395895238e+01 8.443384589126117135e+01
1.299426514399205530e+02 5.024052724677259363e+01 8.448787911701423070e+01
1.299152857083747108e+02 5.019187303459119676e+01 8.444914504716980730e+01
1.299652329526646781e+02 5.021251499917246264e+01 8.447431521019530010e+01
1.299912707402350236e+02 5.021338779584574752e+01 8.449453952540550006e+01
1.299360362876530814e+02 5.019668828616352130e+01 8.449659415342601676e+01
1.300500261192485993e+02 5.029426436817279011e+01 8.461023228028798826e+01
1.300626176659218913e+02 5.037290916708043653e+01 8.464730351084078563e+01
1.300603057245117498e+02 5.036969210319430346e+01 8.463093889647467449e+01
1.299061452643992141e+02 5.021016038770275003e+01 8.452939708498841753e+01
1.298218214684707164e+02 5.011564232663025820e+01 8.452798509392584947e+01
1.298218938782687815e+02 5.014674233490566024e+01 8.453773714208871581e+01
1.299002218843098433e+02 5.023696623634558023e+01 8.463938368917577293e+01
1.298802173845580796e+02 5.021418171756040749e+01 8.461497512206223348e+01
1.297910266157729211e+02 5.011523114241973076e+01 8.446904610435286997e+01
1.296559176907480833e+02 4.996700311362131686e+01 8.428441404956967631e+01
1.295105395047169736e+02 4.982181888240648959e+01 8.419031234483614412e+01
1.294640175024826192e+02 4.975438855097650048e+01 8.412382592684541294e+01
1.294905298328368133e+02 4.976569740979807932e+01 8.412759382240979278e+01
1.296021922066368859e+02 4.984164882282356501e+01 8.413809195009930875e+01
1.296851570258192510e+02 4.993657677507447801e+01 8.417123107000992377e+01
1.297928329816286066e+02 5.002021526398543472e+01 8.426930238331678424e+01
1.299732781984442340e+02 5.019919676845415779e+01 8.440867314217146600e+01
1.300168495014068242e+02 5.020011870034756640e+01 8.449081300686859208e+01
1.299601590946706438e+02 5.010319689258523823e+01 8.447555134889110207e+01
1.299781490503972066e+02 5.014385111511089121e+01 8.454304891799073118e+01
1.300308944161701561e+02 5.019184588091691523e+01 8.459616150488248820e+01
1.301410995427838486e+02 5.031550112752400139e+01 8.467342534549817401e+01
1.302613334264316336e+02 5.050947921838795196e+01 8.474001649908970535e+01
1.302555949499337942e+02 5.055721020564382684e+01 8.468581517916253176e+01
1.301373135447699383e+02 5.047247263944058204e+01 8.453155386254550763e+01
1.301410297190499818e+02 5.049524034880834478e+01 8.448398062520688256e+01
1.303488484256041033e+02 5.069350872020854126e+01 8.469751453368090210e+01
1.306055631413439357e+02 5.091604083912611856e+01 8.492238704071499455e+01
1.307667809707050708e+02 5.098295783680900684e+01 8.504548111138696243e+01
1.308036336788315168e+02 5.096676519571334296e+01 8.505576200968222622e+01
1.306940375703409529e+02 5.080841401853690797e+01 8.493352263323403406e+01
1.305266274102118587e+02 5.064559153632902877e+01 8.478082459243627511e+01
1.307031133627110364e+02 5.077449390723270284e+01 8.491190960153922163e+01
1.308463166687355113e+02 5.101554871110559475e+01 8.504840724304865773e+01
1.308571471056769155e+02 5.109066353235683522e+01 8.504455400736510740e+01
1.307641121524329719e+02 5.105042566617014188e+01 8.493740431562396509e+01
1.307812603442568786e+02 5.105267812810327399e+01 8.494694430652101858e+01
1.310973562665508041e+02 5.132999860352532551e+01 8.518499798286991620e+01
1.312505585898709057e+02 5.154108738828202263e+01 8.531180952085402680e+01
1.314323201133730663e+02 5.174237369662363761e+01 8.541599946209863958e+01
1.316214803666004514e+02 5.197543497600132412e+01 8.559558351952995281e+01
1.318150071892585231e+02 5.220819497889771554e+01 8.572207179948692612e+01
1.317693553976332339e+02 5.216214751944720263e+01 8.571282661991062923e+01
1.314544076878516989e+02 5.191738042039060019e+01 8.550174559334656976e+01
1.312133399536577372e+02 5.171691389440582753e+01 8.533527546756040749e+01
1.311687730159715386e+02 5.170198066658391411e+01 8.527330431769281915e+01
1.311673351642668024e+02 5.169734902557100042e+01 8.526078518081760649e+01
1.309264846594670644e+02 5.140467637992386329e+01 8.502802388488910879e+01
1.306435446665011568e+02 5.102279098394571122e+01 8.476717405246607484e+01
1.306549608469877626e+02 5.100590786370407415e+01 8.474580411080768272e+01
1.306914165942568786e+02 5.104048095622310655e+01 8.473316601497847955e+01
1.308605788128930953e+02 5.121438084450512918e+01 8.489119005503144422e+01
1.310822782191327462e+02 5.140301483366435065e+01 8.509337502068851222e+01
1.310792564030950018e+02 5.136845079237007639e+01 8.513804798700761012e+01
1.310287971180900399e+02 5.129427471242966163e+01 8.511486650736510740e+01
1.308648199582092104e+02 5.109814243007282641e+01 8.498362892047335038e+01
1.307323333023005603e+02 5.096996157108573300e+01 8.486674657605097138e+01
1.307929351311651658e+02 5.105658696416749365e+01 8.492932415797749002e+01
1.309504885075306220e+02 5.120891390475008365e+01 8.505997729435617316e+01
1.309477330561072392e+02 5.115443716898378312e+01 8.506433351952995281e+01
1.309862744641675079e+02 5.115696246069182251e+01 8.508996529501820305e+01
1.311725473766964569e+02 5.134945744372724619e+01 8.527337284839457254e+01
1.311682170121648596e+02 5.135306629634226994e+01 8.522301571292618405e+01
1.309530112131744488e+02 5.115699995862297556e+01 8.503735311155246279e+01
1.306959396205726591e+02 5.090579355966567476e+01 8.479440660170473620e+01
1.305841983718139829e+02 5.080290440872227720e+01 8.468650048618007986e+01
1.305816653219132775e+02 5.080374617262496173e+01 8.467469122393247005e+01
1.306028581181728043e+02 5.081866259102945804e+01 8.468658711933134953e+01
1.304693357435451730e+02 5.063332841981132049e+01 8.457668844132737718e+01
1.304473800583416221e+02 5.055341127730883954e+01 8.453941549776564557e+01
1.302952160398046999e+02 5.034280479352863580e+01 8.442463303748758108e+01
1.299975173783515459e+02 5.001611893826547828e+01 8.414152495034757351e+01
1.297557087367593454e+02 4.974695749544852674e+01 8.388228106380337579e+01
1.299053784963588214e+02 4.985139440582588577e+01 8.400365410873882865e+01
1.301080263675107460e+02 5.002380860021516185e+01 8.413565070547831226e+01
1.301451234587057399e+02 5.007565142957629689e+01 8.413031048286991620e+01
1.299825207919563184e+02 4.989013623386296103e+01 8.402314268867924341e+01
1.300080659342932847e+02 4.986039390930155690e+01 8.408496255379013462e+01
1.302768756723766899e+02 5.007348430776232817e+01 8.429895548866269905e+01
1.303389606090698578e+02 5.011994683051969446e+01 8.435949913108242981e+01
1.302336444368586683e+02 5.000778276026150593e+01 8.431408137826878146e+01
1.302623096656736266e+02 5.000101890930155690e+01 8.433549786908308477e+01
1.303629411825554314e+02 5.007652939837802109e+01 8.438658298162860660e+01
1.304262312251737796e+02 5.013777127813637691e+01 8.442507266840449631e+01
1.304134599470374098e+02 5.011427817775570759e+01 8.442083540218470716e+01
1.304189967105263293e+02 5.011842363869579486e+01 8.440685255296259015e+01
1.305578709450513202e+02 5.023053728070175339e+01 8.453694451340615501e+01
1.306683682969215567e+02 5.034684551886792292e+01 8.462587408970539116e+01
1.306758161618669192e+02 5.036643236924859224e+01 8.462520688513737355e+01
1.306006082423038777e+02 5.029608625041377223e+01 8.458764947451174976e+01
1.304254101497848524e+02 5.009374482787156779e+01 8.443591991476331771e+01
1.303615498800066064e+02 5.003197409798080031e+01 8.438628299817941070e+01
1.303387524309003709e+02 4.999996508813306662e+01 8.437206611014565283e+01
1.302789690913604659e+02 4.994451599222112037e+01 8.432286235931810836e+01
1.304881920307845178e+02 5.017198878682555119e+01 8.451962305527970898e+01
1.306796965512247652e+02 5.037991481504468538e+01 8.469390438803375787e+01
1.306970826609566245e+02 5.040255063513737355e+01 8.468601689217146600e+01
1.306195679721118950e+02 5.033610171507778830e+01 8.461897317734194246e+01
1.306782690437769077e+02 5.040222737711022916e+01 8.462573056314134590e+01
1.307012177776398403e+02 5.049512914804700614e+01 8.460295768164515096e+01
1.306714715739821315e+02 5.052458829857663147e+01 8.457994041708043653e+01
1.307860743027970898e+02 5.063287844463753373e+01 8.466851699561404132e+01
1.307584538439258495e+02 5.057080385220125862e+01 8.462733004385964364e+01
1.306858074209698657e+02 5.047939036122144785e+01 8.457644535129095686e+01
1.306826692320423717e+02 5.048321902929493632e+01 8.454526388199272446e+01
1.308251549052466203e+02 5.057757287528963985e+01 8.463227589167493647e+01
1.308982888013075012e+02 5.063185694927176428e+01 8.470918285542866499e+01
1.310640089684707164e+02 5.081547268081761359e+01 8.486204252523998548e+01
1.310923315437769077e+02 5.086149169356173161e+01 8.491407672335319035e+01
1.309718261233863075e+02 5.074839534715326295e+01 8.480199928624627148e+01
1.308110117200430409e+02 5.055360781818934157e+01 8.461608971573981819e+01
1.308576604394240235e+02 5.059578006041046194e+01 8.465652153674280100e+01
1.311097952354352856e+02 5.082210593553459432e+01 8.487719168942403769e+01
1.312740516902515822e+02 5.101113171342270647e+01 8.499975820299569307e+01
1.314105079547335322e+02 5.114816208416087306e+01 8.508142093884475798e+01
1.315318693623800073e+02 5.127436460402184792e+01 8.517863626489572937e+01
1.314826087181396872e+02 5.125418166583912694e+01 8.511383596077457980e+01
1.313506250517212948e+02 5.112436512123468901e+01 8.503072373593181510e+01
1.311913260820092546e+02 5.109206517916253176e+01 8.490226099594505627e+01
1.311882098746276029e+02 5.117073066658391411e+01 8.491777479518371763e+01
1.311843773274577813e+02 5.121005435906984360e+01 8.494364060948360873e+01
1.310767582650612439e+02 5.116093724139357590e+01 8.484896738455809384e+01
1.308310226849553146e+02 5.095657093056934883e+01 8.464688198237338668e+01
1.308409092084574752e+02 5.093700218263819579e+01 8.464995939879179332e+01
1.310570162508275303e+02 5.107227144364448890e+01 8.483475954774908701e+01
1.311285338567527390e+02 5.114337010716650411e+01 8.487150752027474709e+01
1.311810568210029828e+02 5.115077659508440888e+01 8.493018531736180421e+01
1.312734646536742673e+02 5.122685084616021101e+01 8.502121219174114231e+01
1.313109237938596436e+02 5.126312298286990909e+01 8.501726844380999637e+01
1.312960733200926882e+02 5.124392792121813756e+01 8.495659549817941070e+01
1.311253969608573300e+02 5.109877860187024368e+01 8.483936274205561290e+01
1.312465682927838486e+02 5.124558041625289917e+01 8.494281436196624213e+01
1.313391093077623282e+02 5.129638494083084765e+01 8.503771645357497277e+01
1.313303192754882502e+02 5.124780313844753721e+01 8.504561429369414327e+01
1.312945268536908259e+02 5.118490876365441977e+01 8.501820071996027650e+01
1.312741409094670644e+02 5.114955985187024368e+01 8.500658670556107666e+01
1.313294568230718369e+02 5.119618658970539826e+01 8.502446158142998911e+01
1.313614296280205167e+02 5.124671957754055285e+01 8.507140252606752995e+01
1.312415901191658349e+02 5.116086612462760996e+01 8.495741786660046557e+01
1.308712954630089484e+02 5.085181981338960355e+01 8.460497739779874848e+01
1.308078761171797453e+02 5.077871307100297571e+01 8.453384382240979278e+01
1.309142008544356202e+02 5.087847437727573663e+01 8.461845337843429604e+01
1.309150115855676972e+02 5.088673038728897779e+01 8.461622807017543835e+01
1.307590551038563262e+02 5.067932674404170967e+01 8.452175526522674431e+01
1.306745787301390180e+02 5.051190494662363761e+01 8.444203983573319761e+01
1.306334538439258495e+02 5.042282667163190979e+01 8.441960960774578382e+01
1.304317990214333065e+02 5.022687153467394694e+01 8.423500987876531099e+01
1.304155132820258132e+02 5.019312986180072755e+01 8.422107487173121854e+01
1.304979104601125357e+02 5.022656508606421966e+01 8.427074023502152045e+01
1.304773745241641905e+02 5.020341463919231728e+01 8.420319740979807932e+01
1.303254742841774316e+02 5.005923121482952354e+01 8.404493545183713366e+01
1.302435490628103310e+02 4.996813839581264460e+01 8.398612447244289569e+01
1.302220795576795638e+02 4.992276331305858861e+01 8.398552967767295740e+01
1.301010129613538595e+02 4.978609499131082572e+01 8.383356220001654435e+01
1.300272597029129429e+02 4.966386595911949797e+01 8.373684986345580228e+01
1.300605643309334596e+02 4.967632690954981456e+01 8.377730495903674068e+01
1.301206140350877263e+02 4.972443675521350315e+01 8.378298007696126604e+01
1.301281162073816517e+02 4.973026574395895238e+01 8.378604197699436895e+01
1.300240232435451730e+02 4.959867257323733725e+01 8.369846620531281189e+01
1.299257165983945583e+02 4.946531958581595489e+01 8.362547712884806117e+01
1.298852990007447943e+02 4.939829397343594763e+01 8.359219965450182599e+01
1.299412510861469627e+02 4.948475644447202626e+01 8.364594841319099316e+01
1.300008534011916481e+02 4.955962171052631504e+01 8.370401977821913420e+01
1.299727661577292395e+02 4.948902215739821031e+01 8.369995448526978521e+01
1.299822221015392358e+02 4.945955783474015277e+01 8.372784130875537301e+01
1.298703373262164860e+02 4.935094960278053833e+01 8.365288811651771539e+01
1.293522697885633761e+02 4.880783086105594037e+01 8.322034430858987264e+01
1.292222204981794107e+02 4.864470580933465982e+01 8.313597784260178969e+01
1.294117053024660606e+02 4.881280644860973439e+01 8.330102951216484541e+01
1.297888633730552783e+02 4.921881206554121491e+01 8.362883771929824661e+01
1.298560014792287234e+02 4.930023817651439799e+01 8.373496591567361236e+01
1.299171114697120117e+02 4.935854228732208071e+01 8.379198992469380869e+01
1.299336868483118224e+02 4.936982140640516548e+01 8.381433998469050550e+01
1.299347303252234269e+02 4.931762816534260452e+01 8.380450647550479459e+01
1.299162503103277118e+02 4.926978080519695169e+01 8.383423328368090210e+01
1.299558119207216293e+02 4.927567185948361583e+01 8.389352656405164055e+01
1.300722766157729211e+02 4.936406224139357590e+01 8.401635297707713335e+01
1.303799949830354308e+02 4.966100965119165522e+01 8.426579180114200085e+01
1.304595112855842558e+02 4.974086214208871581e+01 8.429968993090037088e+01
1.302744370138199201e+02 4.957953311196623503e+01 8.415689780908640216e+01
1.298276090801886653e+02 4.913317584202250998e+01 8.377877642957629689e+01
1.296802822947699383e+02 4.897868824478649685e+01 8.365510695961602039e+01
1.300682242531446491e+02 4.930980661411783927e+01 8.403323997641508925e+01
1.301912213464084687e+02 4.947620045100959629e+01 8.411304462512413238e+01
1.300794361345580796e+02 4.937841360476663510e+01 8.400356359649123306e+01
1.300045514730221896e+02 4.930280743131413601e+01 8.395997031198278648e+01
1.302559802735021606e+02 4.953215641550811199e+01 8.415512635509765005e+01
1.303672508585733283e+02 4.963934619124461989e+01 8.422789820216816281e+01
1.302962465863952275e+02 4.955996824313141502e+01 8.407411142833498729e+01
1.302138455292121932e+02 4.951386259723601313e+01 8.397408634351208434e+01
1.303710627172293925e+02 4.966472323940747913e+01 8.405358971573981819e+01
1.304676690251572211e+02 4.978200254468718811e+01 8.412859462926184051e+01
1.304956295514730300e+02 4.978105087305527832e+01 8.414578161204899232e+01
1.303677085919397598e+02 4.971848751448195713e+01 8.407042499379345202e+01
1.304902763985435286e+02 4.985157543032108407e+01 8.415675169645813014e+01
1.305966334616021243e+02 4.998549735187024368e+01 8.424627348146309203e+01
1.306250866331512839e+02 5.003991460815954895e+01 8.429116367717642788e+01
1.305835014275074570e+02 4.996499244869248457e+01 8.425835557348560201e+01
1.304608237131744488e+02 4.988407708540218266e+01 8.408314713670969809e+01
1.303330372289804586e+02 4.978944135840781371e+01 8.395675454112875968e+01
1.303335363393743762e+02 4.979192139399205530e+01 8.396365933258854852e+01
1.305255541935617316e+02 4.998982513033763553e+01 8.411717844877523476e+01
1.306071341753558386e+02 5.005910320465077490e+01 8.421029486304203715e+01
1.305695534901522592e+02 5.002594210319430346e+01 8.415966231173452172e+01
1.306150992531446491e+02 5.005248546631909790e+01 8.417534679121152408e+01
1.307873893164515096e+02 5.018671900860642410e+01 8.432313130999669681e+01
1.307575176886792576e+02 5.015477077126779193e+01 8.425576950926846109e+01
1.307386420059582974e+02 5.012483449189010543e+01 8.424578988745449237e+01
1.306685855263157805e+02 5.008467808672624955e+01 8.424451495779543109e+01
1.307411362648957436e+02 5.018486867965905418e+01 8.432199473477325569e+01
1.307993201237173082e+02 5.024951252689506731e+01 8.435745226125455076e+01
1.309252071437437905e+02 5.036745774371069473e+01 8.445376246482952354e+01
1.309278785480801162e+02 5.037917002855014914e+01 8.445129794563058567e+01
1.309189566265309566e+02 5.035504980759682070e+01 8.446982450968222622e+01
1.308793251924031722e+02 5.028405458664349226e+01 8.440449794149287754e+01
1.309683336436610261e+02 5.037792225256537648e+01 8.445566968718966905e+01
1.310723218718967189e+02 5.046686993131413601e+01 8.452975266881827565e+01
1.310982549238662784e+02 5.048858252648129508e+01 8.453964177838463456e+01
1.310464482994041759e+02 5.043732156156901425e+01 8.446566741145316826e+01
1.310010874400033174e+02 5.039199173493876316e+01 8.440405572451174976e+01
1.310864495407149946e+02 5.047322130503144422e+01 8.445823247682886858e+01
1.310860344774081341e+02 5.050426054079775184e+01 8.444634046052631504e+01
1.310129135116683301e+02 5.041242681438265549e+01 8.438625843056934173e+01
1.309216888033763553e+02 5.032462605511420151e+01 8.428953833581596200e+01
1.308817845394736707e+02 5.031913713381330666e+01 8.423841831140350678e+01
1.307719543921714660e+02 5.025587941699768635e+01 8.414095213712346322e+01
1.306719564610228304e+02 5.020392538687520556e+01 8.405974196251241892e+01
1.306010620965739690e+02 5.018265759475339394e+01 8.400712589995035273e+01
1.307638302714333065e+02 5.030667359731877042e+01 8.420745924362793744e+01
1.307285343739655730e+02 5.026499529336312833e+01 8.421447911494537664e+01
1.304074072637371842e+02 4.991777220911949797e+01 8.396310591484608210e+01
1.303787058300231649e+02 4.986752627441244812e+01 8.392734711188347774e+01
1.306176387682058930e+02 5.007347913563389596e+01 8.413796523295266638e+01
1.308280357807845178e+02 5.022551385095994902e+01 8.430580080064548554e+01
1.308729337346904913e+02 5.020698340781198254e+01 8.429851197864945789e+01
1.308527430383151398e+02 5.005523703864614049e+01 8.425647421176762464e+01
1.307356990648791850e+02 4.991929152184707164e+01 8.410928190168817764e+01
1.307262819120324480e+02 4.988694373758688982e+01 8.410793844132737718e+01
1.305027399350380790e+02 4.979505828988745719e+01 8.398120319223767183e+01
1.305391012909632593e+02 4.990392512826878857e+01 8.402099366931479096e+01
1.307098306645150672e+02 5.009982725091029465e+01 8.412670421631909790e+01
1.306985955085236810e+02 5.011709052259185881e+01 8.414452349180734814e+01
1.304794201009599419e+02 4.996114179907315389e+01 8.397127917080436532e+01
1.305403232063058567e+02 4.992437443106587125e+01 8.400179084947036756e+01
1.306656658598146237e+02 4.998784808424363035e+01 8.409659725670307751e+01
1.307306019323071951e+02 4.996395285087719174e+01 8.409090532936113505e+01
1.305890291397716112e+02 4.978766990441906870e+01 8.400215289846077837e+01
1.306229195113373009e+02 4.981132463381330666e+01 8.402171647426348500e+01
1.306393772240152202e+02 4.985515066410128782e+01 8.403659151564050944e+01
1.305962209843594906e+02 4.985997884599470353e+01 8.398823987297252813e+01
1.306598872993214115e+02 4.991211390061238262e+01 8.408734043983780282e+01
1.307397320320258132e+02 4.998659255006620583e+01 8.415128604973519089e+01
1.306477418487255875e+02 4.989047242221118950e+01 8.405136182141674794e+01
1.305567291976994397e+02 4.979440142957629689e+01 8.395806826175108029e+01
1.305707702333664315e+02 4.977258409880834478e+01 8.397432555445216451e+01
1.306629078223270426e+02 4.986172443934128040e+01 8.404469882696126604e+01
1.306700440665342740e+02 4.986232311320754462e+01 8.405968119000330319e+01
1.306061760385633761e+02 4.979646122972526001e+01 8.400960722856669349e+01
1.306063868027970898e+02 4.980182601994372504e+01 8.390866667701092751e+01
1.307653987193810110e+02 4.996143014523336490e+01 8.399331890309500182e+01
1.307067299735186907e+02 4.989409032605097849e+01 8.392417142502482363e+01
1.305095632654750091e+02 4.972087057265805754e+01 8.373560855263157521e+01
1.305766949064879157e+02 4.978563596491228083e+01 8.374821561569017092e+01
1.306226557327871660e+02 4.978800867883150971e+01 8.383010204609401228e+01
1.305838402019198838e+02 4.975612897219463804e+01 8.383822616683217177e+01
1.306122791501158531e+02 4.973958333333333570e+01 8.391972080850712246e+01
1.306513649246938087e+02 4.976598963505461626e+01 8.398596284342933416e+01
1.306982942320423717e+02 4.982113486842105488e+01 8.402136864862627874e+01
1.307671275033101495e+02 4.985841815623965800e+01 8.407143485187023657e+01
1.306290083995365876e+02 4.974850525488248820e+01 8.394397550479973802e+01
1.305909712739986901e+02 4.973010670100959629e+01 8.390076625082754447e+01
1.306198640764647507e+02 4.977081523088381232e+01 8.395685410460112053e+01
1.307042357145812730e+02 4.983249156943065117e+01 8.404949597608407430e+01
1.305256408267130155e+02 4.965692496276067658e+01 8.381940996358821394e+01
1.301943957402350236e+02 4.936131842725918517e+01 8.354282910253228067e+01
1.303169532025819137e+02 4.946362700678583479e+01 8.361197399453823209e+01
1.304801855759682212e+02 4.963109535335981803e+01 8.376925324809666051e+01
1.305354795080271515e+02 4.971079397343594763e+01 8.383757059955313196e+01
1.303863528219132775e+02 4.956436713836477992e+01 8.376715336395233180e+01
1.300795654377689630e+02 4.926880068685865410e+01 8.348971263654419772e+01
1.300571002979145874e+02 4.923531374131082572e+01 8.344112048990400865e+01
1.301257822844256964e+02 4.930800412735849392e+01 8.351219975794438710e+01
1.302027526067527390e+02 4.936251706802383410e+01 8.359644985104270631e+01
1.304436160418735540e+02 4.957065903260509998e+01 8.378106638944058204e+01
1.305826131144488613e+02 4.973276517502482363e+01 8.386508373675934536e+01
1.305354484752565440e+02 4.966511632116849029e+01 8.379015511213174250e+01
1.302051886792452819e+02 4.932788966815623866e+01 8.349498044935451446e+01
1.300953494807183120e+02 4.913644979932141865e+01 8.341368105552797374e+01
1.300702659508440888e+02 4.904909384309831211e+01 8.341585464250248094e+01
1.300136453678417752e+02 4.898953807720953080e+01 8.335226720249917776e+01
1.299937895667825103e+02 4.887640035377358316e+01 8.332448252855014914e+01
1.301256607394074933e+02 4.897687412073816660e+01 8.341484737048990894e+01
1.302014065603277118e+02 4.903843020729890867e+01 8.350168223477325569e+01
1.300807382178914224e+02 4.898078683589871218e+01 8.340019214457133501e+01
1.299491191865276392e+02 4.893988693727242634e+01 8.327250910294604580e+01
1.300501774040052965e+02 4.907289080602449616e+01 8.336077664680568944e+01
1.299898884889109638e+02 4.906487142088712261e+01 8.331781953409466723e+01
1.297902443313472247e+02 4.880407201671631867e+01 8.321694234111221533e+01
1.296207329940417026e+02 4.859370086477987627e+01 8.311977097815292836e+01
1.294905906053459148e+02 4.841493012454485267e+01 8.302409565334326658e+01
1.293081205002482648e+02 4.824336028012247368e+01 8.287502456761006897e+01
1.291991954754220444e+02 4.812770631620324480e+01 8.276133601249586036e+01
1.291976722835981377e+02 4.810683936403508909e+01 8.277474475546176791e+01
1.292103569285832521e+02 4.805240012619993450e+01 8.280718175893743194e+01
1.292490379841112258e+02 4.804797924942072029e+01 8.281517657646475072e+01
1.293393549838629610e+02 4.808625946499503812e+01 8.284247377730883954e+01
1.292343931024495305e+02 4.797840119165839212e+01 8.272772622889772265e+01
1.291827390557762385e+02 4.788607094091360494e+01 8.267572306355511103e+01
1.291026370096822120e+02 4.777126908515392500e+01 8.258102785708375393e+01
1.291977666749420735e+02 4.784821613290301201e+01 8.264239386792452535e+01
1.293392838670969809e+02 4.795410253227407793e+01 8.275645481628599498e+01
1.294009136564879157e+02 4.799196897757364866e+01 8.275787585857331408e+01
1.293154662156570680e+02 4.791053769447202626e+01 8.266822606338961066e+01
1.291628289473684106e+02 4.779659570506454713e+01 8.248867045266467812e+01
1.292565879985931758e+02 4.788044754427341587e+01 8.254976492676266275e+01
1.292970224056603854e+02 4.791732094091360494e+01 8.258213339953657339e+01
1.291985825782025756e+02 4.783985926638530373e+01 8.250306319306521630e+01
1.290474969484442340e+02 4.771426705767957799e+01 8.241979968346574026e+01
1.290442449726911605e+02 4.769244714084739911e+01 8.244619176183383047e+01
1.290604285625620662e+02 4.771588205478318656e+01 8.249271247103608573e+01
1.289791110662860092e+02 4.766684898419397598e+01 8.245456673080106214e+01
1.288662539308176065e+02 4.757798535253227357e+01 8.237037353111551852e+01
1.286374919832009311e+02 4.739480537280702066e+01 8.220272803914267001e+01
1.286728421880171993e+02 4.740699220043032369e+01 8.229842405246607484e+01
1.288677887599304768e+02 4.756472272219463804e+01 8.249890221573981819e+01
1.289089537301390180e+02 4.760624456926514370e+01 8.254659699809666051e+01
1.288715708788480754e+02 4.756366631496193520e+01 8.254396826381992014e+01
1.288749405205230119e+02 4.757345974015226631e+01 8.254021847070507079e+01
1.289237175707547181e+02 4.759217896598808295e+01 8.256516752523998548e+01
1.291411215243296908e+02 4.774596315375703171e+01 8.278676348891094960e+01
1.292271973787653110e+02 4.784230051100628600e+01 8.285476534053293562e+01
1.292044025157232738e+02 4.781765402598477266e+01 8.284387671714664236e+01
1.290400697720125720e+02 4.767155820713340120e+01 8.269536292825223711e+01
1.289817204050810915e+02 4.761764652639854489e+01 8.262634604642502723e+01
1.290142220601622114e+02 4.763172505999668971e+01 8.264894824768288117e+01
1.291173530081098875e+02 4.777481587222774095e+01 8.272328337057265912e+01
1.291943375537901488e+02 4.784312675852366681e+01 8.278193530701754810e+01
1.291900472732538958e+02 4.778782377523998548e+01 8.271271412611717722e+01
1.291897472898046999e+02 4.775858314713671149e+01 8.268366486676596594e+01
1.293857269943727317e+02 4.793330023171135679e+01 8.280868038315126967e+01
1.295407822327044016e+02 4.807535791128765368e+01 8.293459067775570759e+01
1.296894343760344270e+02 4.822689868834822846e+01 8.308301266137040386e+01
1.299159244662363335e+02 4.849239179907315389e+01 8.326114593677590392e+01
1.301922402557100327e+02 4.883853908060245175e+01 8.343996451919893786e+01
1.304339247662198034e+02 4.913799885178748639e+01 8.358349237628269179e+01
1.306562099160046273e+02 4.935373608697451431e+01 8.373199194182389249e+01
1.308260535625620662e+02 4.952588650281364124e+01 8.386304203905991983e+01
1.309732419935451730e+02 4.968678883234028376e+01 8.399764668156240077e+01
1.310034588608904471e+02 4.979418937231049114e+01 8.401669175148957436e+01
1.309186359545680318e+02 4.978813539597815208e+01 8.394059939796424885e+01
1.307239647984938813e+02 4.978371064010261193e+01 8.382572642543860297e+01
1.309781050873055221e+02 5.001568060038066932e+01 8.400651817485932327e+01
1.312059968243131323e+02 5.019101058217477629e+01 8.425601130627275381e+01
1.312738965263985449e+02 5.022445615069513281e+01 8.431707345456801761e+01
1.314212724470374098e+02 5.035608035418735540e+01 8.445302414349552578e+01
1.314489717808672538e+02 5.038794583747103673e+01 8.443838184789804302e+01
1.314486161970374098e+02 5.036313125827540205e+01 8.445266080147301579e+01
1.315179770254054858e+02 5.048637790673618042e+01 8.453031772384971987e+01
1.313845723166997743e+02 5.040868477946044379e+01 8.442951035460112053e+01
1.313071752937769077e+02 5.036909860145647144e+01 8.431135178748758108e+01
1.312819702188844815e+02 5.040435829402515822e+01 8.428260897674610419e+01
1.313926304928004072e+02 5.053405975877193157e+01 8.438210521143660969e+01
1.314003641178417752e+02 5.055120924362793744e+01 8.440224418652763916e+01
1.313946036597980935e+02 5.053746301928169515e+01 8.441726275446872307e+01
1.315159986862793744e+02 5.067583814341277559e+01 8.456341417370076385e+01
1.315929496131248015e+02 5.077004846284342676e+01 8.465147741848726071e+01
1.316061605221781008e+02 5.079414153012247368e+01 8.468839219215492164e+01
1.316912174673121569e+02 5.088489557472691160e+01 8.477808595043032369e+01
1.317504163563389739e+02 5.094148512495862491e+01 8.476640340532935625e+01
1.318027621751903382e+02 5.102169061362131686e+01 8.477551540259847229e+01
1.319244145150612439e+02 5.116039546094008728e+01 8.486245241641840664e+01
1.320517264564713571e+02 5.132118917576961081e+01 8.493172014647467449e+01
1.320864340243296908e+02 5.135445371979476903e+01 8.499337967560410334e+01
1.320252710195299528e+02 5.130046962926183340e+01 8.498631454816286634e+01
1.319517841257033979e+02 5.124136642461105851e+01 8.494414230594173887e+01
1.319095278363952275e+02 5.123705028343263734e+01 8.493565225711684263e+01
1.320006374648295377e+02 5.133050288604766820e+01 8.499553774619330682e+01
1.320295755234193962e+02 5.137141183589871218e+01 8.502948242510757382e+01
1.319203246545018260e+02 5.129683750206885406e+01 8.491050278260509288e+01
1.317432982145812730e+02 5.113319135840781371e+01 8.474779796631909790e+01
1.317141998200099238e+02 5.113292240772922526e+01 8.471172754261833404e+01
1.316973865235021606e+02 5.111107145812644603e+01 8.470642481794108392e+01
1.315416989924693780e+02 5.092774148667659517e+01 8.454658923990400865e+01
1.314357699230387198e+02 5.074232456140350678e+01 8.445548349056603854e+01
1.315504217870738159e+02 5.079140159508440888e+01 8.452244315830850496e+01
1.316170750062065622e+02 5.083571380544521645e+01 8.455698004592849770e+01
1.315458845374048451e+02 5.075483594008606758e+01 8.445779284591195335e+01
1.314273936610393889e+02 5.062364748841443429e+01 8.435313999917245553e+01
1.314813441327374903e+02 5.068150033101621688e+01 8.440198558010592933e+01
1.314735096511916481e+02 5.068784523957298660e+01 8.440970368876199359e+01
1.313493953781860171e+02 5.059049673121482726e+01 8.433284198113207708e+01
1.313645587657232738e+02 5.062660982497517637e+01 8.432507990938431419e+01
1.312527657956802329e+02 5.051534182596822120e+01 8.426039468512081498e+01
1.308515353463257327e+02 5.015194808217477629e+01 8.392765873262165144e+01
1.305848810927672901e+02 4.986741895274743541e+01 8.372647328078450357e+01
1.305286290239159257e+02 4.980659730842436517e+01 8.369487674817941070e+01
1.304321002979145874e+02 4.967714798493876316e+01 8.359652226084078563e+01
1.303685529419066427e+02 4.961048442154915250e+01 8.354459667742469264e+01
1.303136365752234269e+02 4.952563694761668245e+01 8.351763825099304484e+01
1.303553135861469627e+02 4.951923126655081120e+01 8.357789871938099679e+01
1.304759948589043290e+02 4.958029858697451431e+01 8.369638700968222622e+01
1.304945265950844089e+02 4.954619357207878494e+01 8.370531927548825024e+01
1.303941265309500182e+02 4.939910470456802472e+01 8.356820485766301942e+01
1.304356664804700472e+02 4.943969039639192431e+01 8.357554669397551095e+01
1.305487188637868314e+02 4.957490276398543472e+01 8.365867831429990531e+01
1.304725541004634124e+02 4.950862969629261556e+01 8.361400922707713335e+01
1.304217780225918659e+02 4.944897048783515459e+01 8.354464969174114231e+01
1.305110761130420372e+02 4.952991041873551836e+01 8.360791128765309566e+01
1.305908768826547544e+02 4.958431345167163329e+01 8.370361635220125152e+01
1.305990178128103310e+02 4.958082743710691886e+01 8.372455571416749365e+01
1.304785460112545650e+02 4.939368948609731547e+01 8.364818665177094204e+01
1.302945488352366681e+02 4.922052533308507094e+01 8.346670830230056026e+01
1.301721930858986980e+02 4.911391095663687167e+01 8.335383823651109481e+01
1.303606680321085776e+02 4.929751892999006913e+01 8.348015195713340120e+01
1.304713089105428594e+02 4.945000749958622777e+01 8.362059981173452172e+01
1.304915577933631141e+02 4.947016587015888689e+01 8.365618922749089847e+01
1.304560601828864606e+02 4.945294138944058204e+01 8.365656808589871218e+01
1.304412795328533718e+02 4.951018779998344854e+01 8.364937494827871944e+01
1.303905487111055947e+02 4.953903276026150593e+01 8.363823676969546739e+01
1.302914946933962312e+02 4.942627260220125862e+01 8.354468331057596231e+01
1.301053640143992141e+02 4.928420845746441614e+01 8.340288553045348863e+01
1.300456453264647507e+02 4.922680946913273914e+01 8.337133166790798100e+01
1.301562849118669192e+02 4.933579138737172798e+01 8.347012707919563468e+01
1.301636745903674353e+02 4.936577292287321939e+01 8.350619879592849770e+01
1.300713508047831795e+02 4.927564729187355397e+01 8.346578249131081861e+01
1.301975494455478213e+02 4.942941854932141865e+01 8.356498003558424159e+01
1.302375481007944416e+02 4.948456119662363761e+01 8.362135364945382321e+01
1.301340809644985086e+02 4.938373184582919606e+01 8.356556836519364140e+01
1.301960779750082793e+02 4.942905908639523460e+01 8.356311289721946878e+01
1.302902469174114515e+02 4.949711136626945063e+01 8.358557803707381595e+01
1.302701764730221896e+02 4.948998934541542383e+01 8.354352604683879235e+01
1.302246759661535975e+02 4.942845524040053107e+01 8.351652624337967268e+01
1.301215669997517352e+02 4.931493477946044379e+01 8.341734292245945426e+01
1.300079870593346527e+02 4.920768035211850133e+01 8.334570377151605669e+01
1.300061677631578902e+02 4.921978959781529284e+01 8.335406322409798463e+01
1.300260649412446128e+02 4.924130823816616953e+01 8.336150850297914872e+01
1.299584781529295014e+02 4.919907780950016729e+01 8.332444503061900321e+01
1.299384452064713571e+02 4.914987147260841027e+01 8.332893314506786453e+01
1.300290427941906728e+02 4.920966127730883954e+01 8.336060208747103673e+01
1.300820635758027208e+02 4.925659187768950886e+01 8.343395191989407067e+01
1.299848521288480754e+02 4.915732968181065843e+01 8.339362095539556208e+01
1.298135137371731105e+02 4.899730014895730079e+01 8.325632292701092751e+01
1.297898202168156274e+02 4.891539690913604943e+01 8.326381734111221533e+01
1.298039530577623282e+02 4.886965460526315752e+01 8.326183382985766457e+01
1.298027751055114152e+02 4.883707148915922147e+01 8.326165409839457254e+01
1.298779778529460316e+02 4.894610512868255370e+01 8.331093931024494736e+01
1.299459422066368859e+02 4.899455245572658413e+01 8.336982140640516548e+01
1.298924973104932121e+02 4.895133544356173161e+01 8.330581502399867588e+01
1.298505901398543472e+02 4.895302931562396509e+01 8.323083209202250998e+01
1.298138809582919464e+02 4.894153426017874864e+01 8.318412777226083676e+01
1.297324587264151035e+02 4.888677435038066932e+01 8.314249472442899958e+01
1.297078251717146600e+02 4.888011135592518741e+01 8.312279796631909790e+01
1.296038964229559838e+02 4.875211410749751906e+01 8.306077380213505990e+01
1.293760900260675157e+02 4.856791651150281552e+01 8.285571701216484541e+01
1.292266918032108549e+02 4.846807503723932342e+01 8.271511657977491438e+01
1.292274159011916481e+02 4.850364635054617679e+01 8.270556365855676972e+01
1.291728292576961223e+02 4.847864169563058567e+01 8.268920421631909790e+01
1.292102276253723971e+02 4.849101989200595852e+01 8.275029351828864321e+01
1.293598560079443871e+02 4.858477894323071666e+01 8.288009454650777741e+01
1.294447073609731831e+02 4.864974087636544198e+01 8.296950254468718811e+01
1.294678836684872465e+02 4.868297697368421240e+01 8.297546083664349226e+01
1.294440194678914224e+02 4.866531156901687893e+01 8.293567941079112416e+01
1.294735277536411786e+02 4.868647203947368496e+01 8.298412285873882865e+01
1.296722887702747471e+02 4.881096646391922889e+01 8.317616010840781371e+01
1.297112439486097344e+02 4.884653131206554377e+01 8.322658448154584221e+01
1.297596421404336411e+02 4.888935394943727175e+01 8.323502539515061471e+01
1.299920439734359547e+02 4.909446504675604217e+01 8.342722944596160062e+01
1.302062024164183924e+02 4.932809655329361220e+01 8.361409198113207708e+01
1.304220288708209239e+02 4.954788485807679876e+01 8.380521635013241166e+01
1.307536890206057478e+02 4.987998722484276470e+01 8.408186574189009832e+01
1.312484212077954453e+02 5.041483185410459811e+01 8.452652396764315768e+01
1.315664877110228304e+02 5.067370593346574026e+01 8.473943851373716996e+01
1.317377679162528921e+02 5.098505254882488913e+01 8.486938306852036362e+01
1.317960151336477850e+02 5.118219986138695532e+01 8.492127632613373578e+01
1.316761743317610183e+02 5.111547423245613686e+01 8.481544682017543835e+01
1.315079689568851506e+02 5.098125232745779556e+01 8.466202856049321213e+01
1.314644739428169373e+02 5.096758239200595852e+01 8.463777386420059656e+01
1.313726311651770970e+02 5.086765299155908338e+01 8.454668104518371763e+01
1.313770029067361804e+02 5.090461172831843584e+01 8.452008466774246642e+01
1.313982603546011205e+02 5.095668730345911968e+01 8.454860636999337942e+01
1.312294058776067516e+02 5.078611309376034200e+01 8.437712445175438347e+01
1.311536238517875006e+02 5.073857606132075659e+01 8.432842110435286997e+01
1.312361050769612802e+02 5.084999534508440888e+01 8.437242428003972350e+01
1.312316648047004435e+02 5.086993390019861039e+01 8.444367810741476887e+01
1.312049779150115967e+02 5.086279248386296103e+01 8.447392342146639521e+01
1.312502224015226773e+02 5.090435700099305194e+01 8.450859090532935625e+01
1.312871850173783628e+02 5.095782905081099301e+01 8.457487690334326658e+01
1.312921683631248015e+02 5.097780122476001452e+01 8.457468553459119676e+01
1.313517732642336853e+02 5.104952442279046920e+01 8.464676302341939618e+01
1.313467795742303963e+02 5.105737312768950886e+01 8.464348130792784275e+01
1.313328006041045910e+02 5.100260675273088395e+01 8.459489562644819216e+01
1.313313692175604217e+02 5.099230516592187712e+01 8.456900524453823209e+01
1.313674900695133942e+02 5.104578368090036378e+01 8.458559355345911968e+01
1.313086325409632593e+02 5.102283882613372867e+01 8.454693835857331408e+01
1.310274549507613244e+02 5.073349703119827581e+01 8.430882908184375424e+01
1.309049039535749728e+02 5.058344841319099316e+01 8.417242453864614049e+01
1.310894079981794107e+02 5.074495976084077853e+01 8.431388354435617316e+01
1.311170788853028739e+02 5.076563534425687152e+01 8.433723829030122943e+01
1.310554581471367044e+02 5.066192123882819942e+01 8.428322058093345959e+01
1.309928495324395783e+02 5.057885685617345217e+01 8.424762599304865773e+01
1.309841422542204441e+02 5.057873013902680981e+01 8.428134051224759560e+01
1.310298910232538958e+02 5.063268966194968357e+01 8.431014021640184808e+01
1.310893446396060824e+02 5.073314532646474362e+01 8.436621901895067310e+01
1.311502580892088758e+02 5.088344091360476540e+01 8.441537880668653315e+01
1.312420892295597525e+02 5.105133078864614049e+01 8.452803810824229913e+01
1.312760067547997380e+02 5.108823263199271736e+01 8.456805357290632230e+01
1.313340794128599782e+02 5.112348844546507820e+01 8.459694508234028376e+01
1.313981543259682212e+02 5.120969489614365955e+01 8.463777903632903588e+01
1.314649265040549437e+02 5.122546988786825750e+01 8.466064760220125152e+01
1.316328202581926519e+02 5.134509475339291384e+01 8.477264616434955258e+01
1.317094104290797816e+02 5.140968300024826476e+01 8.484166951133730095e+01
1.317639117324561369e+02 5.147067015268122958e+01 8.490549616228069851e+01
1.318313963712346890e+02 5.154633451257861765e+01 8.496489676431644966e+01
1.320065492076299165e+02 5.180165533970539826e+01 8.516682312355180784e+01
1.320683897612545650e+02 5.190941663563389596e+01 8.523906224139358301e+01
1.319039949520026482e+02 5.180703306024495447e+01 8.511654615607415053e+01
1.318340354497682938e+02 5.176679002192982182e+01 8.508263638902681691e+01
1.319302900529625902e+02 5.189967622476001452e+01 8.520508782274080772e+01
1.318968987917907896e+02 5.189922366352201522e+01 8.521516571499503812e+01
1.315907605097649764e+02 5.164936589705395420e+01 8.494128858407812288e+01
1.312533748138033900e+02 5.128694709947037467e+01 8.463583043694140429e+01
1.312677145398874643e+02 5.128686951754386314e+01 8.462732487173121854e+01
1.313915844298245474e+02 5.144262816534260452e+01 8.473738259268453987e+01
1.314515100028963843e+02 5.147724910004965437e+01 8.482042499379345202e+01
1.314139706947202910e+02 5.144191570465077490e+01 8.480138897509102947e+01
1.313123280267295456e+02 5.133372253599801383e+01 8.472548023212512192e+01
1.311595446458126446e+02 5.112005803128103310e+01 8.458533753310162240e+01
1.311261727801224879e+02 5.108437163811651516e+01 8.455259408101622398e+01
1.312026426990234995e+02 5.115208514357828307e+01 8.461116584947036756e+01
1.314099015226746019e+02 5.133686848311817386e+01 8.471811124213836308e+01
1.315097766157729211e+02 5.146971589498510724e+01 8.479544619952002904e+01
1.315004241145316257e+02 5.147728142585236810e+01 8.476017874875869040e+01
1.314723084243628080e+02 5.143156756868586399e+01 8.475044221698112779e+01
1.315541237380006692e+02 5.148354487338629326e+01 8.480943809996689708e+01
1.316116080664515096e+02 5.153140387082091678e+01 8.485257494414101131e+01
1.316148328885302874e+02 5.150179602159880687e+01 8.482811853483946152e+01
1.315412412591029465e+02 5.142937846532605306e+01 8.474975561693148052e+01
1.315231633771929864e+02 5.140276398543528558e+01 8.475019395481628237e+01
1.313958734173286871e+02 5.130807395109235358e+01 8.466128377399867588e+01
1.313085200471698215e+02 5.125792887288977084e+01 8.461725732373386677e+01
1.313017057679576283e+02 5.129921797418073481e+01 8.461386699354518726e+01
1.313032780950016445e+02 5.132153570837471079e+01 8.465695599553127693e+01
1.312512956181728043e+02 5.130668652763985449e+01 8.463917421797418683e+01
1.310855289018536780e+02 5.117846429162528921e+01 8.454232611304203715e+01
1.310535638550976500e+02 5.112360740441906870e+01 8.455255787611717722e+01
1.311906782729228667e+02 5.126398802135054922e+01 8.468592767295596957e+01
1.312544764771598693e+02 5.131934272591856683e+01 8.471848104932141155e+01
1.313094096532605022e+02 5.136891240483283383e+01 8.475750217229393968e+01
1.314728398605594180e+02 5.151172650819265186e+01 8.488245691617014188e+01
1.316604381309996654e+02 5.164939046466401606e+01 8.503753542907978158e+01
1.317604373551804144e+02 5.177633130585898869e+01 8.511746938099966542e+01
1.320002586064217098e+02 5.201168125206885406e+01 8.531666614945382321e+01
1.319809329485269700e+02 5.203609887040715165e+01 8.532254168735518363e+01
1.317421616393578176e+02 5.183485652515723530e+01 8.511591774246937803e+01
1.317334698775239872e+02 5.185037291046010921e+01 8.509317330767957799e+01
1.318635889916418478e+02 5.196075001034425611e+01 8.521840476042700629e+01
1.318201741455643798e+02 5.190260752855014914e+01 8.517159699809666051e+01
1.317092681955478213e+02 5.188470420597484178e+01 8.511503977366766094e+01
1.317061494021019428e+02 5.193401786453161151e+01 8.511791806314134590e+01
1.316897628061900036e+02 5.196065303293611493e+01 8.512590253641178606e+01
1.315754949726911605e+02 5.189087326216484541e+01 8.505023429741807206e+01
1.315114601435782902e+02 5.180367505585898869e+01 8.497127011957961429e+01
1.315729968346574026e+02 5.180554090119165522e+01 8.498232683714002178e+01
1.316843243131413317e+02 5.187051576464746461e+01 8.508922180155578019e+01
1.317279654398377886e+02 5.185639973311817386e+01 8.511614660915259378e+01
1.317204580954154380e+02 5.184295478525322665e+01 8.507907020647137131e+01
1.315886011461436738e+02 5.173536029046672979e+01 8.497337388282025472e+01
1.313560350980635576e+02 5.153512004510096034e+01 8.478371581223105125e+01
1.312287024681396872e+02 5.144951614738496914e+01 8.465131449644157158e+01
1.312469212905494942e+02 5.148404269074809747e+01 8.463634118462429967e+01
1.310562805155577735e+02 5.129992655577623140e+01 8.445270347153260104e+01
1.305744540818437542e+02 5.078067460071168426e+01 8.402199318313472531e+01
1.299187070713339835e+02 5.004334502234359405e+01 8.343932058920887584e+01
1.290450893226580718e+02 4.910636870034756640e+01 8.269619564093015640e+01
1.285352946044356202e+02 4.854400705478318656e+01 8.232789742634889762e+01
1.281701927652267443e+02 4.816879111842105488e+01 8.204567894529957073e+01
1.283749935348394615e+02 4.832675826506123684e+01 8.219548447327044016e+01
1.288284030019033537e+02 4.853481488952333933e+01 8.252536023874544924e+01
1.291090323464912331e+02 4.868979254592849770e+01 8.277662223808341935e+01
1.294877446416749365e+02 4.897029129427341587e+01 8.309587574478649685e+01
1.297130916914928775e+02 4.913362969629261556e+01 8.329122703574975617e+01
1.299134625331016082e+02 4.930899846904998185e+01 8.342890133647799189e+01
1.298315489490234995e+02 4.930043601042701340e+01 8.335392099056603854e+01
1.296042972629096255e+02 4.921420757820258274e+01 8.314471227449520541e+01
1.291824532956802329e+02 4.885345420597484178e+01 8.278525969256868677e+01
1.286123140619828007e+02 4.828870174404170967e+01 8.229744781322409608e+01
1.282813612007613244e+02 4.796809055362462715e+01 8.203351022012579108e+01
1.280561098353194325e+02 4.773633782274081483e+01 8.194753392916253176e+01
